inst	noh	mks	cst
I0	27.5028	144.2	85178.1777
I0	18.7372	152.8	84228.9368
I0	5.0123	166.5	82857.564
I0	3.2173	168.9	82946.8282
I0	6.5547	165	82988.0078
I0	4.6431	167	82881.2715
I0	9.3167	162.1	83236.9673
I0	30.6571	141.5	85785.9413
I0	17.1071	154.4	83993.2839
I0	7.4192	164	83087.4463
I0	8.4935	163	83147.3996
I0	14.9431	156.5	83777.1105
I0	12.3123	159.2	83583.1843
I0	23.0206	148.5	84687.6553
I0	2.1743	174.9	85215.2818
I0	5.095	166.4	82815.0784
I0	34.0497	138.6	86373.2067
I0	9.6631	161.9	83292.6866
I0	8.7276	162.7	83189.0365
I0	22.1848	149.4	84564.1792
I0	31.4177	140.8	85903.1053
I0	31.0462	141.2	85827.1766
I0	14.3504	157.1	83773.9245
I0	29.9291	142.2	85641.9768
I0	15.8775	155.6	83897.5531
I0	9.8571	161.6	83287.2399
I0	35.5579	137.5	86730.3088
I0	37.2181	136.4	87183.6959
I0	38.5791	136	87772.8999
I0	17.2242	154.2	84008.6183
I0	18.893	152.6	84194.5782
I0	23.6514	147.9	84778.9066
I0	20.4585	151.1	84412.9792
I0	14.1237	157.3	83710.02
I0	13.3345	158.1	83631.9718
I0	25.9068	145.8	85089.6311
I0	29.9136	142.2	85655.4285
I0	19.6421	151.8	84306.5442
I0	11.3289	160.2	83479.2329
I0	7.3276	164.1	83029.4073
I0	23.2183	148.3	84726.7471
I0	30.1779	141.7	85584.893
I0	19.8933	151.7	84345.8076
I0	19.0823	152.4	84174.2226
I0	21.5273	150	84527.8829
I0	25.735	146	85036.1171
I0	21.9105	149.6	84470.5619
I0	10.7001	160.8	83353.1692
I0	9.9691	161.5	83313.6186
I0	20.3791	151.1	84434.7903
I0	15.5949	155.9	83891.3631
I0	26.9554	144.7	85187.3479
I0	27.4673	144.2	85236.9189
I0	30.8476	141.4	85807.9362
I0	15.1173	156.3	83800.3753
I0	24.8118	146.7	84882.5435
I0	13.4846	158	83657.0613
I0	28.3229	143.6	85420.6962
I0	8.3717	163.1	83152.7931
I0	10.8241	160.7	83424.9046
I0	4.5999	167.1	82900.0377
I0	21.8456	149.7	84527.1651
I0	23.8365	147.8	84783.1183
I0	26.146	145.5	85045.9696
I0	16.8217	154.6	83979.7779
I0	27.755	143.9	85253.9309
I0	10.9574	160.6	83445.5727
I0	26.8465	144.9	85191.3948
I0	23.0672	148.4	84663.3464
I0	2.6057	172.1	84117.0144
I0	40.7828	134.6	88464.7694
I0	39.0802	135.4	87844.6516
I0	14.0427	157.5	83722.3135
I0	12.2393	159.3	83556.3459
I0	19.393	152.1	84275.5707
I0	1.7634	175.4	85222.6406
I0	8.3044	163.2	83129.2457
I0	11.0726	160.4	83404.1151
I0	13.0368	158.4	83609.7051
I0	11.6691	159.8	83472.3404
I0	9.735	161.7	83266.5813
I0	11.0744	160.4	83401.368
I0	12.0928	159.4	83500.2433
I0	19.8572	151.7	84384.4644
I0	3.8703	167.8	82780.6686
I0	3.9791	167.7	82791.1194
I0	11.5371	159.9	83433.5169
I0	28.3388	143.5	85379.5641
I0	20.0262	151.6	84398.7815
I0	22.9203	148.6	84648.774
I0	9.2103	162.3	83221.4637
I0	19.6631	151.9	84282.5443
I0	6.308	165.4	83062.0081
I0	22.6888	148.8	84586.0246
I0	24.0581	147.5	84805.7311
I0	34.3755	138.4	86495.4923
I0	23.3275	148.1	84627.5001
I0	10.9758	160.5	83394.8726
I0	16.2129	155.2	83921.9203
I0	19.6895	151.8	84264.8713
I0	15.6391	155.8	83848.6056
I0	6.4325	165.2	83029.9904
I0	14.8438	156.6	83750.9615
I0	13.7947	157.7	83650.2482
I0	20.2983	151.2	84319.391
I0	20.6407	150.8	84352.0727
I0	12.4732	159	83544.3952
I0	8.6811	162.9	83218.7237
I0	24.9419	146.7	84882.4998
I0	24.0111	147.6	84825.1805
I0	3.4933	168.6	82973.4352
I0	4.406	167.2	82830.0843
I0	33.9013	138.8	86384.0904
I0	32.2904	139.9	85975.6859
I0	30.5475	141.6	85743.2595
I0	24.0066	147.7	84799.1112
I0	31.1251	141	85787.5829
I0	3.6602	168.2	82877.8406
I0	16.463	155	83952.964
I0	27.9174	143.7	85237.142
I0	25.4073	146.1	84968.0489
I0	18.3162	153.1	84093.3166
I0	14.5415	156.9	83753.9286
I0	11.4842	160	83434.7944
I0	9.0364	162.4	83221.6619
I0	13.247	158.3	83645.1124
I0	26.1382	145.6	85063.9417
I0	14.2852	157.2	83725.5244
I0	22.0294	149.5	84571.8551
I0	17.2142	154.3	84046.3405
I0	16.0522	155.4	83883.4988
I0	22.4527	149.1	84631.3424
I0	28.5634	143.1	85351.4986
I0	14.0372	157.5	83750.9593
I0	16.655	154.8	83994.5044
I0	26.4828	145.2	85100.0343
I0	40.0368	135.3	88288.1604
I0	18.2241	153.3	84140.1953
I0	31.8511	140.3	85904.7646
I0	26.7408	145	85143.1679
I0	21.4225	150.2	84484.3316
I0	31.2588	140.9	85832.8632
I0	32.6185	139.7	86076.6488
I0	22.4773	149.1	84596.7944
I0	21.8644	149.6	84491.1797
I0	17.9191	153.5	84057.7697
I0	24.1425	147.4	84766.6624
I0	6.5712	164.9	82962.9935
I0	8.8696	162.6	83204.7787
I0	7.5269	163.9	83054.6017
I0	7.1596	164.3	83013.2823
I0	8.2038	163.3	83164.1721
I0	9.7144	161.7	83276.7672
I0	18.54	153	84214.704
I0	15.1024	156.4	83809.2193
I0	25.4584	146.2	84947.2508
I0	17.3299	154.1	84020.7932
I0	20.0387	151.6	84365.6039
I0	19.5614	151.9	84284.6805
I0	19.3961	152.1	84240.9439
I0	7.2814	164.2	83061.0437
I0	14.7305	156.7	83775.7217
I0	15.8795	155.6	83864.436
I0	9.2767	162.2	83247.8927
I0	15.9743	155.5	83885.749
I0	30.1584	141.8	85653.8588
I0	18.1869	153.4	84144.7916
I0	31.7262	140.4	85875.9464
I0	15.8412	155.7	83953.6139
I0	27.8168	143.9	85245.2643
I0	20.8634	150.6	84410.9026
I0	7.8032	163.7	83106.7549
I0	20.0665	151.4	84333.9534
I0	3.6384	168.3	82894.0399
I0	10.2475	161.3	83391.4145
I0	27.1284	144.4	85121.2312
I0	16.9234	154.5	83990.4622
I0	27.7385	144	85231.3165
I0	20.9648	150.5	84412.4442
I0	25.9405	145.8	85072.7704
I0	41.7795	134.5	88976.9246
I0	34.5247	138.3	86526.2626
I0	36.3722	137	86989.8918
I0	36.6428	136.8	87060.2806
I0	13.7426	157.8	83734.1417
I0	24.7527	146.8	84895.8238
I0	32.2838	140.2	86129.1789
I0	24.6847	146.9	84860.35
I0	13.6016	157.9	83686.6257
I0	15.3114	156.1	83819.5112
I0	24.3551	147.2	84787.6304
I0	23.6094	148	84700.5522
I0	18.6146	153	84172.3357
I0	5.301	166.2	82840.1907
I0	25.7375	145.9	85018.9889
I0	29.2918	142.6	85456.0874
I0	17.7322	153.7	84058.051
I0	18.836	152.6	84206.8572
I0	24.4837	147.1	84845.1525
I0	12.6489	158.8	83562.5254
I0	16.4576	155.1	83949.7503
I0	26.8551	144.8	85147.8545
I0	11.2149	160.3	83454.5099
I0	29.0227	142.7	85362.8336
I0	25.0378	146.5	84914.7104
I0	9.4921	162	83258.2593
I0	6.6342	164.8	82968.9101
I0	6.9429	164.5	82992.4814
I0	5.7702	165.7	82879.8947
I0	8.1851	163.4	83189.871
I0	25.6592	146	85041.2629
I0	18.1509	153.3	84145.3637
I0	12.8108	158.6	83566.8287
I0	29.4253	142.5	85512.514
I0	22.2835	149.2	84586.1726
I0	9.9843	161.5	83295.0702
I0	10.3033	161.2	83354.6284
I0	21.1351	150.3	84438.8104
I0	19.4476	152	84278.4872
I0	23.5363	148	84731.2593
I0	20.0927	151.4	84297.6705
I0	17.8418	153.6	84110.5562
I0	45.9672	134	91240.9943
I0	46.0247	133.6	91046.3056
I0	43.9865	134.1	90123.8591
I0	42.5662	134.3	89308.9363
I0	28.465	143.3	85312.5912
I0	24.1498	147.3	84737.2041
I0	21.6292	149.8	84507.0742
I0	25.1307	146.3	84838.4599
I0	14.6519	156.8	83744.1186
I0	24.3779	147.2	84784.5409
I0	18.9172	152.5	84175.2603
I0	9.6732	161.8	83265.8993
I0	10.5566	160.9	83368.133
I0	14.5596	156.9	83729.749
I0	11.7622	159.7	83480.1706
I0	17.5576	154	84119.3352
I0	6.2339	165.5	83049.4368
I0	10.3345	161.1	83329.3765
I0	14.5139	157	83773.2126
I0	23.5892	148	84720.1067
I0	7.3133	164.1	83045.4382
I0	3.7644	168	82847.3849
I0	9.0624	162.4	83195.9478
I0	17.6263	153.8	84025.2349
I0	19.9008	151.7	84341.6237
I0	26.5933	145.1	85124.8564
I0	7.8143	163.6	83087.4717
I0	18.7487	152.7	84159.2697
I0	22.5143	148.9	84546.0953
I0	10.581	160.9	83341.7377
I0	8.1751	163.4	83196.0074
I0	19.3419	152.2	84304.0967
I0	26.3036	145.3	84989.7128
I0	5.5586	165.9	82859.5873
I0	31.608	140.5	85827.2581
I0	32.8942	139.4	86064.5204
I0	12.3165	159.1	83514.4075
I0	18.6422	152.9	84204.7714
I0	9.7465	161.7	83264.8899
I0	21.466	150.1	84483.8557
I0	29.93	141.9	85528.4117
I0	29.5572	142.3	85497.193
I0	20.9827	150.5	84409.9038
I0	17.0815	154.4	84015.5644
I0	16.5169	154.9	83969.2671
I0	4.7566	166.8	82835.2086
I0	2.7872	169.4	82921.0347
I0	38.7535	135.8	87854.7846
I0	35.5327	137.7	86816.2102
I0	10.206	161.4	83361.312
I0	11.8264	159.6	83467.6451
I0	38.4066	136.3	87835.165
I0	20.6196	151	84478.4058
I0	20.2325	151.3	84393.3457
I0	31.5192	140.7	85908.1782
I0	14.042	157.5	83744.514
I0	33.3284	139.3	86275.2982
I0	33.4111	139	86188.1602
I0	7.9396	163.5	83095.8494
I0	16.5591	154.9	83960.7383
I0	35.14	137.8	86642.6349
I0	14.8267	156.6	83795.4883
I0	19.1596	152.3	84216.4172
I0	34.786	138.2	86614.9582
I0	2.6992	169.7	83034.8195
I0	21.5425	149.9	84420.1935
I0	8.2589	163.2	83132.8596
I0	22.2516	149.3	84581.1926
I0	15.8583	155.7	83944.8377
I0	16.2239	155.2	83895.2782
I0	24.5098	147.1	84831.9407
I1	46.1044	435	235416.7715
I1	45.4425	436.7	235829.1426
I1	86.3987	399.4	241884.237
I1	73.9439	409.4	239492.6658
I1	94.3386	394.1	244008.6746
I1	75.16	407.1	239081.9451
I1	69.7873	411.9	238213.2383
I1	60.7917	420.7	237308.1198
I1	25.6411	456.2	233790.6326
I1	60.2985	421.6	237371.3481
I1	85.2439	400.3	241670.5394
I1	127.3733	382.3	257863.2665
I1	122.4635	383.9	255851.8679
I1	110.888	387	250376.6349
I1	90.756	396	242796.9272
I1	114.0557	384.8	251152.3121
I1	103.2613	389.7	247074.0166
I1	73.2059	409.7	239152.7782
I1	34.9012	446.1	234284.71
I1	47.7169	433.6	235668.284
I1	51.778	428.8	235872.1291
I1	12.3221	470.8	233116.8622
I1	94.4558	393.3	243670.484
I1	38.2494	443.6	235017.6099
I1	36.1924	445.8	234920.1296
I1	78.9533	404.6	240018.6334
I1	90.028	396.9	242803.3031
I1	26.1276	455.2	233589.7418
I1	80.3608	404.2	240635.2523
I1	27.7583	453.7	233845.3994
I1	87.0591	398.6	241885.6722
I1	143.5198	379.2	266048.2706
I1	53.6693	428.3	236811.4304
I1	14.9463	467.4	233007.7377
I1	137.6269	380	262912.0334
I1	131.973	381	260077.2408
I1	80.0085	404.5	240624.1058
I1	132.7351	380.2	260134.3956
I1	59.6936	421.8	237165.4074
I1	27.1397	454.4	233813.9708
I1	19.8339	461.8	233152.3779
I1	62.8746	419.2	237753.795
I1	32.6922	449	234395.5294
I1	57.7799	423.8	236772.9241
I1	42.5247	438.5	235217.1048
I1	10.3174	471.7	232397.5454
I1	17.3024	464.1	232784.3623
I1	68.5844	412.7	237912.5512
I1	27.1661	454	233665.4774
I1	45.9394	435.6	235758.6497
I1	48.2888	433.2	235864.7563
I1	15.2108	467	232970.0477
I1	80.6364	403.5	240560.9457
I1	53.7982	427.2	236138.5272
I1	19.0674	462.2	232856.0413
I1	65.2136	416.8	237947.3847
I1	71.5941	411	238874.5101
I1	39.7303	441	234724.6056
I1	95.637	393.2	244368.6835
I1	57.4793	424.5	237135.2326
I1	82.3972	401.8	240688.3288
I1	20.9015	461.2	233443.5289
I1	45.5488	436.3	235729.8812
I1	127.6859	381.9	257884.2467
I1	80.7475	403.1	240470.7426
I1	80.2863	404.2	240638.3765
I1	60.7583	421.2	237257.8547
I1	56.4539	424.9	236673.7477
I1	45.9563	435.7	235721.6967
I1	56.5376	424.8	236754.535
I1	100.5708	390.2	245723.9853
I1	28.1173	453.6	234014.3519
I1	83.3355	400.7	240806.3775
I1	77.4803	406.4	240153.1155
I1	110.7419	387.3	250412.3303
I1	85.1303	400.5	241762.4854
I1	65.5343	416.7	237980.9973
I1	96.0312	393.1	244485.0869
I1	38.3292	443.3	234923.429
I1	38.4126	442.1	234393.4208
I1	85.7482	400.1	241816.6812
I1	41.2171	439.7	234833.4879
I1	68.3438	414	238473.8063
I1	74.5874	408.3	239319.0492
I1	64.7005	417.4	238003.1754
I1	88.776	397.9	242550.4572
I1	89.9044	397	242769.6545
I1	32.377	449.2	234327.3928
I1	71.5113	411.3	238887.0643
I1	63.1488	418.6	237630.4961
I1	64.652	417.7	238033.6955
I1	55.1441	425.6	236312.6633
I1	91.6984	394.6	242698.053
I1	59.0174	422.2	236735.4506
I1	21.0462	459.9	232919.9512
I1	89.8288	397.2	242874.4207
I1	54.4323	427.1	236683.2069
I1	50.0165	431.6	236060.4897
I1	44.154	437	235476.3562
I1	57.6843	423.4	236774.3736
I1	64.1678	418	237878.6175
I1	72.3234	410.4	238962.5899
I1	78.1576	405.3	239972.7307
I1	124.5859	382.9	256523.2525
I1	123.5177	383.4	256117.574
I1	43.7959	437.9	235489.1796
I1	55.9125	425.4	236505.5414
I1	17.9628	463.1	232679.5053
I1	48.6896	432.3	235596.9803
I1	65.9756	416.2	238135.3002
I1	89.3962	397.3	242605.1808
I1	66.7744	414.8	237890.5122
I1	87.4415	398.4	241994.3212
I1	87.0441	399.1	242179.3718
I1	91.1395	395.6	242813.8118
I1	117.2743	384.2	252833.7935
I1	58.9893	423.1	237324.6471
I1	122.7717	383.8	255824.7678
I1	44.7615	436.9	235587.4333
I1	100.3587	391	246019.0577
I1	107.4981	387.7	248678.6821
I1	53.7948	428	236563.6517
I1	88.08	398.3	242391.0475
I1	66.4014	415.8	238115.0226
I1	24.1368	457.7	233671.3292
I1	32.9421	448.4	234248.1117
I1	37.6689	444.2	234994.4038
I1	80.7047	403.4	240615.4837
I1	25.7181	455.5	233518.8515
I1	97.0527	391.8	244479.9471
I1	14.1551	467.7	232728.6315
I1	63.6301	418.3	237801.6328
I1	42.47	439.5	235500.1048
I1	90.7364	396.7	243177.7703
I1	80.6106	403.9	240745.2344
I1	110.4587	387.4	250297.7713
I1	50.5236	430.4	235859.3655
I1	27.6662	453.9	233886.0216
I1	123.032	383.6	255913.3638
I1	103.3332	389.5	247150.7313
I1	40.0456	440.7	234756.9336
I1	99.6843	391.5	245846.6663
I1	52.3829	428.7	236224.8159
I1	70.6975	411.6	238651.5955
I1	54.603	426.6	236265.8279
I1	45.725	436.2	235733.7999
I1	31.5396	449.5	233980.721
I1	77.3881	406.6	240178.7436
I1	73.9493	408.9	239240.7791
I1	96.1464	392.6	244333.8711
I1	66.4228	415.7	238097.4212
I1	16.9585	465.9	233486.8524
I1	57.5926	424.4	237122.5892
I1	25.6846	456	233731.5442
I1	32.8486	448.8	234451.4721
I1	36.3776	445.5	234915.0761
I1	16.0326	466.7	233300.1258
I1	86.3528	399.6	242074.6325
I1	67.4726	414.1	237996.1135
I1	88.9032	397.8	242574.2676
I1	49.31	432	236084.7339
I1	61.6885	419.5	237294.1002
I1	34.5328	446.5	234329.9577
I1	16.8983	466.2	233550.7131
I1	50.4603	431.1	236273.692
I1	58.7683	423.3	237174.1493
I1	42.1671	439.6	235353.8197
I1	113.9504	385.6	251466.8011
I1	28.5472	452.8	233860.9132
I1	72.962	409.8	239010.2013
I1	36.494	444.8	234611.2021
I1	127.0766	382.4	257774.4874
I1	137.6683	379.4	262668.3207
I1	32.928	448.4	234254.0186
I1	77.6388	406.2	240053.7847
I1	62.5276	419.4	237429.5585
I1	88.4808	398.2	242546.831
I1	110.9339	386.8	250230.211
I1	129.0939	381.4	258459.4471
I1	42.648	438.2	234952.8598
I1	21.8524	457.8	232371.7449
I1	80.9576	402.1	240083.702
I1	33.382	448.2	234409.6693
I1	24.2769	456.3	233033.93
I1	27.1085	454.6	233927.3842
I1	29.3476	452.5	234200.4821
I1	39.1749	441.8	234748.429
I1	45.0633	436.8	235703.9435
I1	113.0353	386.7	251504.6427
I1	29.7832	449.8	233134.8482
I1	106.2172	388.1	248073.1551
I1	47.4919	433.8	235643.1094
I1	35.5479	445.9	234572.7934
I1	14.1339	470.6	234086.9499
I1	48.5567	432.5	235886.2043
I1	33.4389	447.6	234200.2737
I1	37.3003	444.7	235002.7183
I1	46.4289	434.3	235477.7087
I1	26.4063	454.7	233491.6822
I1	29.5321	451.8	233955.1575
I1	44.0124	437.3	235349.2278
I1	20.6987	461.5	233521.7571
I1	104.3001	388.8	247242.0375
I1	72.8235	410.3	239220.237
I2	63.5307	366.9	212873.5557
I2	70.7375	361.2	214446.417
I2	107.5284	346.2	228869.765
I2	32.2382	397.2	209329.9726
I2	60.9917	369.1	212468.2023
I2	48.4283	380.2	210534.8762
I2	66.9038	363.6	213341.7676
I2	73.5254	358.6	214810.337
I2	25.4754	403.8	208577.9541
I2	25.5825	402.4	207958.2
I2	67.3449	363.4	213517.8501
I2	75.991	357.6	215761.4192
I2	75.2736	358.3	215709.2186
I2	64.4453	366.1	213052.0322
I2	80.7218	353.3	216491.557
I2	53.5478	375.4	211138.9879
I2	58.251	370.4	211485.3987
I2	29.129	398.2	208007.5629
I2	46.6534	382	210378.3289
I2	62.8393	367.8	212912.613
I2	42.4512	386.5	210056.2257
I2	22.3079	406.9	208253.0534
I2	47.3256	381	210298.7297
I2	71.2531	360.7	214487.6008
I2	60.6244	369.5	212476.12
I2	53.5015	375.9	211501.1782
I2	80.4807	354.1	216659.3797
I2	19.6035	409	207670.313
I2	17.2074	413.1	208250.9193
I2	18.7657	410.8	208113.1831
I2	34.9589	393.7	209178.2894
I2	99.9977	346.3	224507.1242
I2	36.0139	392.7	209324.9584
I2	27.4958	400.8	208302.9161
I2	50.9608	378.1	211082.1154
I2	56.3241	372.7	211490.0803
I2	32.9029	395.5	208910.3816
I2	57.8457	371.6	211845.2834
I2	24.6451	404.9	208659.0225
I2	63.8735	366.8	213171.603
I2	51.7796	376.8	210810.9772
I2	68.4446	363.2	214003.5213
I2	56.1134	373.1	211564.1937
I2	76.7729	356.5	215607.7218
I2	61.808	368.3	212591.514
I2	78.2731	356.1	216381.9563
I2	96.2265	347.5	222881.8019
I2	49.3451	378.8	210334.1039
I2	14.1462	417.1	208408.3171
I2	31.7814	397.3	209090.8454
I2	22.8451	405.6	207954.0657
I2	22.782	406.2	208124.1851
I2	44.8544	383.6	210055.9756
I2	33.564	394.6	208872.8439
I2	36.6184	391.7	209239.8688
I2	83.3046	351.6	217188.6092
I2	68.0624	363.3	213837.472
I2	41.6777	387.5	210066.9055
I2	36.6716	391.5	209163.5485
I2	85.0782	350.5	217749.1846
I2	78.8606	356	216622.9314
I2	20.7539	407.9	207841.7558
I2	47.2512	381.9	210665.5817
I2	45.2667	383.2	210037.1095
I2	9.6185	418.8	206609.9904
I2	18.0804	412.4	208446.3249
I2	38.5951	389.5	209345.9747
I2	42.6671	386.4	210163.7319
I2	36.1786	392.4	209276.3588
I2	75.6109	357.9	215621.6014
I2	29.7681	397.4	207963.5687
I2	42.7609	385.9	209946.0854
I2	79.1821	355.9	216724.8442
I2	63.2419	367.2	212858.0763
I2	65.8087	364.9	213232.3679
I2	80.5948	353.8	216576.424
I2	61.1452	368.8	212409.9388
I2	87.2809	349.7	218542.6736
I2	15.7338	414.1	207900.6347
I2	54.1495	374.8	211187.2737
I2	56.8817	372.5	211646.6243
I2	28.6609	399.5	208348.0608
I2	51.0023	376.9	210426.0806
I2	47.3253	381.5	210526.0604
I2	28.308	399.6	208167.9987
I2	64.1664	366.6	213135.3228
I2	69.4855	361.7	213943.7946
I2	60.0878	370.3	212528.5306
I2	72.4555	359.4	214459.8481
I2	34.525	394.5	209329.3355
I2	69.801	361.5	214048.3747
I2	23.6099	405	208095.2383
I2	41.7808	387.1	210036.0715
I2	35.368	393.4	209299.9141
I2	46.2299	382.1	210256.5265
I2	32.5705	395.9	208856.8463
I2	37.8436	391	209566.4725
I2	39.2611	388.6	209223.4878
I2	52.9768	376.6	211506.6449
I2	96.2879	346.9	222514.5025
I2	25.1011	404.4	208638.436
I2	92.7192	348.6	221259.6348
I2	40.8161	387.6	209622.318
I2	64.5291	365.7	212958.8741
I2	65.1586	365.5	213159.5449
I2	90.1253	348.8	219875.6178
I2	79.4446	355.6	216869.736
I2	65.8669	364.3	213096.2617
I2	108.7426	345.3	229138.9004
I2	43.1562	384.8	209729.4688
I2	76.2442	357.3	215704.0816
I2	18.1728	412.3	208461.3271
I2	48.2353	380.8	210697.3223
I2	75.392	358.1	215641.5359
I2	96.0808	348.4	223140.72
I2	54.4974	373.8	210972.8606
I2	26.8336	401.2	208156.9482
I2	34.5805	393.8	209004.5699
I2	73.2384	359.3	214936.6783
I2	80.4313	355.5	217309.7222
I2	46.1458	382.6	210319.8666
I2	18.6842	412	208612.3119
I2	42.3825	386.7	210078.4201
I2	53.8112	375.1	211146.7386
I3	64.0028	585	318002.9249
I3	43.1227	604.8	315272.6205
I3	110.9181	538.8	322914.7765
I3	57.2524	591.7	317153.8587
I3	59.1412	590.3	317684.2065
I3	94.2568	555.1	320795.6397
I3	114.982	535.3	323504.1212
I3	180.5949	482.3	337240.3002
I3	16.6945	634.2	314093.5779
I3	96.7808	551.7	320913.8794
I3	167.0868	489	332521.659
I3	103.9442	543.9	321335.4983
I3	142.8688	507.6	327008.7788
I3	133.1445	516.3	325348.5736
I3	147.3618	505.2	328716.3946
I3	116.2167	534.5	323912.1349
I3	16.2185	635.2	314277.6584
I3	77.6055	571.1	319311.5977
I3	119.8938	530.9	324398.1091
I3	24.2285	625.5	314308.5182
I3	130.2864	521.3	325845.6881
I3	21.99	626.8	313600.1889
I3	54.2322	594.2	316555.6529
I3	140.1704	511.3	327211.987
I3	11.131	638.5	312930.8666
I3	41.4097	608.5	316056.5722
I3	82.9414	567.2	320091.5482
I3	17.1023	633.2	313832.8255
I3	38.2692	610.6	315227.0691
I3	101.1647	548.7	321941.4209
I3	20.385	628.1	313236.0725
I3	43.65	604.4	315265.4831
I3	30.0772	618.4	314273.2931
I3	95.8867	553.4	321463.5357
I3	74.263	574	318586.6748
I3	38.6614	610.3	315244.4653
I3	78.4874	570.5	319404.8613
I3	71.0236	578	318797.698
I3	113.612	537.1	323832.8776
I3	52.541	596.3	316834.1431
I3	113.2744	537.5	323706.4443
I3	57.5376	591.4	317091.2106
I3	89.6542	559.5	320337.0292
I3	132.5954	518.7	326442.7595
I3	65.5224	584	318163.3452
I3	88.3187	561.8	320596.4257
I3	132.8543	518.3	326074.8521
I3	158.1633	496.2	330649.3273
I3	156.2346	497	329708.5924
I3	148.0913	501.3	327180.5775
I3	88.8803	560.8	320760.9537
I3	117.2465	531.9	323573.7625
I3	189.4873	478.6	340841.6629
I3	193.4494	475.8	341781.0199
I3	13.3653	635.4	312732.531
I3	169.3714	486.4	332779.5442
I3	84.4547	562.9	319047.2957
I3	121.8024	528.2	324435.437
I3	162.3236	493.3	331628.7527
I3	147.6211	504.4	328225.5944
I3	140.7797	507.7	325947.0989
I3	108.2893	541.3	322502.8416
I3	156.1515	496.9	329733.2968
I3	7.3817	653.2	317844.1849
I3	121.6512	528.9	324789.6519
I3	146.5084	505.5	328246.2584
I3	50.3469	599.3	316715.2398
I3	117.0057	532.9	323694.8016
I3	67.3018	582.3	318310.5032
I3	24.5748	625.1	314344.7853
I3	66.6113	583.3	318380.8893
I3	113.6845	536.1	323348.2315
I3	161.9054	493.5	331654.741
I3	31.1635	617.8	314635.9645
I3	123.5531	525.8	324360.0339
I3	112.7607	538	323903.7448
I3	87.8561	562.2	320572.0262
I3	56.0278	592.9	316921.1355
I3	159.4491	496.1	331334.9002
I3	159.6893	496	331521.7722
I3	114.8819	535.6	323671.4276
I3	50.8743	597.2	315994.2923
I3	97.6846	551.2	321218.1513
I3	17.9828	631.5	313539.9409
I3	22.7182	626.7	313955.5998
I3	113.1924	537.5	324149.9542
I3	80.1931	569	319370.0936
I3	54.2096	596.1	317759.8286
I3	39.679	609	315212.8569
I3	74.0519	575.4	318896.9233
I3	70.053	578.5	318450.4966
I3	118.7557	531	323778.153
I3	45.178	602.9	315452.5904
I3	17.0587	633.8	314122.1
I3	20.1729	628.5	313342.947
I3	29.5686	619.8	314639.7431
I3	153.6241	500.5	330007.8
I3	36.1201	613.5	315330.0934
I3	10.2083	643.4	314736.9478
I3	107.9716	541.4	322565.0532
I3	100.7402	550	322700.7012
I3	83.9515	566.3	320838.5171
I3	64.2163	585	317827.4649
I3	173.3507	484	333871.0598
I3	110.1333	539.9	323229.3825
I3	178.322	483.4	336488.7374
I3	25.2469	624.3	314294.7435
I3	131.9786	519.3	325925.8033
I3	18.6493	631.1	313771.63
I3	59.4426	589.8	317536.9647
I3	7.2619	667.6	324650.258
I3	97.4941	551.5	321408.2726
I3	123.4498	527.7	325068.2446
I3	117.8297	531.6	323656.6683
I3	69.6791	579.9	318611.738
I3	76.9161	571.6	318739.1848
I3	92.6146	556.7	321052.0782
I3	180.9224	481.2	336935.6881
I3	94.9454	554.9	321096.6273
I3	41.7417	607.2	315759.1381
I3	57.8446	591.1	317128.9253
I3	91.7592	557	320409.437
I3	155.8257	497.2	329779.2599
I3	105.7483	543.5	321955.6863
I3	38.3234	610.6	315211.8983
I3	63.0594	586.5	317943.0902
I3	136.5591	514	326159.9436
I3	39.0747	609.8	315292.5052
I3	96.4085	552.6	321222.3685
I3	159.7982	494.6	330756.8715
I3	62.6883	587.5	318142.6025
I3	33.5803	616.2	315149.5701
I3	138.0964	513.9	327280.8619
I3	36.3243	613.3	315347.9358
I3	69.8743	578.9	318367.0267
I3	115.4495	534.6	323601.3432
I3	153.5352	500.5	330092.4617
I3	56.7253	592.2	317039.9955
I3	110.7649	539.7	323524.6473
I3	130.3666	520.1	325399.802
I3	95.4148	553.9	321112.1925
I3	68.9531	580.6	318500.7742
I3	40.786	608.6	315874.3923
I3	11.0643	638.7	313003.3304
I3	26.775	620.7	313420.8579
I3	34.2991	614.3	314672.8442
I3	138.7492	512.3	326712.154
I3	135.4353	515.2	326130.5765
I3	65.5038	584.5	318328.9354
I3	35.843	614.2	315562.157
I3	99.2795	551	322147.4959
I3	68.3598	581.4	318515.214
I3	108.7915	540.9	322786.699
I3	96.3914	553.6	321308.727
I3	131.9919	519	325875.8039
I3	79.4052	569.7	319527.1948
I3	95.0895	554.6	321182.4385
I3	84.3136	566.2	320414.6972
I3	19.2113	630.3	313654.6145
I3	41.2109	608.5	316100.3774
I3	83.5209	566.6	320166.0957
I3	138.6749	512.9	326984.9656
I3	68.7618	580.7	318439.8517
I3	10.9059	639.1	313074.2544
I3	67.2653	582.3	318547.3182
I3	116.447	533.3	323779.309
I3	12.5334	637.2	313138.0815
I3	152.8058	501.1	329797.3291
I3	48.0428	599.6	315554.3315
I3	125.55	523	324193.8419
I3	112.381	538.1	323868.1105
I3	69.3359	580	318466.9785
I3	113.5796	537	323852.9699
I3	127.6046	522.9	325423.5863
I3	123.6707	525.7	324324.42
I3	75.9642	573.4	319093.2349
I3	13.0292	636.7	313187.0889
I3	87.2144	562.6	320341.1827
I3	84.3005	566.1	320608.0747
I3	100.9653	549.8	322699.4363
I3	176.3494	483.6	335405.2924
I3	65.9737	583.8	318329.7161
I3	101.1762	547.9	321839.2641
I3	62.3849	587.5	318314.3284
I3	128.9785	522.1	325479.3351
I3	82.3025	567.3	319798.1497
I3	113.6924	535.7	323222.2412
I3	60.2295	588.8	317397.368
I3	84.0163	566.1	320715.1197
I3	66.6025	583.6	318803.3049
I3	143.2371	506.6	326727.5805
I3	100.7721	550.3	322609.4951
I3	88.0207	561.7	320971.4816
I3	110.7772	539.6	323134.1741
I3	117.9151	531.1	323544.0412
I3	100.1754	550.6	322339.4177
I3	120.2816	529.1	323978.2956
I3	50.2944	599.5	316789.0614
I3	130.8651	519.6	325383.1523
I3	116.1299	534.4	323968.8608
I3	57.5204	591.3	317163.4948
I3	76.228	572.7	318957.2326
I3	66.4988	583.7	318715.7487
I3	69.6159	579.9	318960.771
I3	87.1752	562.3	320821.7997
I3	77.2846	571.5	318908.3255
I3	63.1019	585.1	317320.3258
I3	13.3397	635.6	312848.3457
I3	50.6704	598.7	316785.1035
I3	93.3009	555.7	320574.4032
I3	90.6826	558.1	320611.2674
I3	72.0396	576.8	318416.5276
I3	47.2764	601.8	316162.8903
I3	110.7739	538.3	323162.5337
I3	102.572	547.3	322121.0551
I3	161.6741	494.3	331782.3572
I3	42.5698	607.1	316076.4064
I3	73.8643	576.6	319441.9305
I3	89.6516	560.7	320880.857
I3	22.7901	626.3	313850.0211
I3	88.807	561.3	321082.6979
I3	103.5058	546.2	322044.625
I3	129.4464	521.6	325802.5684
I3	80.6712	567.8	319333.6107
I3	46.9528	602.7	316410.7378
I3	88.7491	561.6	321000.6433
I3	90.8011	558.4	320493.4537
I3	78.8552	569.8	319377.0618
I3	101.8856	547.5	321863.5254
I3	32.1149	616.7	314620.0735
I3	106.5536	541.7	322214.1384
I3	62.7928	587.3	318170.694
I3	153.8742	499.1	329421.836
I3	64.9436	584.6	318159.9639
I3	23.1712	625.7	313711.4944
I3	9.3667	644.7	314869.0491
I3	154.1954	498.8	329573.2101
I3	162.3556	490.4	330361.2703
I3	109.3595	540	322848.5206
I3	130.0035	521.4	325852.9999
I3	36.9482	611.9	315079.7882
I3	80.5764	568.9	320016.2104
I3	154.8365	497.6	329351.911
I3	28.7444	620.4	314379.2861
I3	26.1193	623.1	314159.2995
I4	6.429	281.9	139057.4599
I4	4.6685	284.3	139183.9003
I4	23.2406	264.6	140501.5024
I4	14.97	272.8	139611.6228
I4	42.9864	245.2	142718.1602
I4	4.8925	283.8	139095.9175
I4	59.7611	231.9	146080.0404
I4	11.8937	276	139359.4794
I4	20.8735	267.1	140273.1688
I4	20.1973	267.8	140229.4214
I4	32.9397	255.1	141540.999
I4	26.5847	261.3	140807.9596
I4	12.5637	275.2	139375.9794
I4	41.7169	246.4	142521.2537
I4	85.3842	222.4	156820.2862
I4	67.2772	228.7	148934.8392
I4	81.8663	223.7	155362.2628
I4	83.9443	223.5	156471.5831
I4	67.3324	227.9	148591.0883
I4	80.7517	224.1	154920.865
I4	51.902	237.2	144088.4302
I4	25.5992	262.4	140789.7928
I4	84.4839	223	156561.5261
I4	31.68	256.3	141365.8545
I4	42.84	245.6	142771.1977
I4	84.4113	223.2	156663.268
I4	37.3016	250.6	141843.6914
I4	16.6232	271.1	139744.7585
I4	35.3358	252.5	141748.1816
I4	14.818	273.1	139683.6953
I4	36.0985	252.3	141994.3652
I4	39.4873	248.8	142434.1609
I4	11.1699	277	139417.6859
I4	21.4835	266.3	140215.9514
I4	28.5367	259.4	141037.5822
I4	34.65	253.3	141639.8433
I4	32.0633	255.8	141355.8954
I4	36.4865	251.7	141960.5389
I4	43.2694	245	142749.4687
I4	24.3693	264	140777.0276
I4	7.132	280.7	138902.7901
I4	20.4559	267.2	140080.5457
I4	38.6791	249.6	142192.4686
I4	31.1575	256.7	141206.4345
I4	13.3733	274.7	139576.5406
I4	22.5626	265.6	140500.701
I4	45.5008	243.1	143260.9481
I4	41.2585	246.8	142398.3637
I4	26.7603	261.2	140860.1192
I4	35.3093	252.8	141779.8346
I4	75.8897	225.9	152772.2435
I4	57.2721	233.6	145499.0441
I4	49.2537	239.4	143565.5452
I4	55.9187	234.2	144974.7942
I4	45.7362	242.6	143033.6743
I4	37.9989	249.9	141970.9417
I4	37.0576	251.1	141992.5718
I4	54.9076	235.3	144911.9472
I4	20.143	268	140328.5972
I4	38.4788	249.7	142154.739
I4	73.0559	226.2	151187.1863
I4	9.8944	278.2	139253.556
I4	51.4689	237.9	144131.1086
I4	26.5046	261.7	140928.4649
I4	42.676	245.7	142779.2359
I4	18.348	269.6	140028.3877
I4	46.3533	242.4	143291.715
I4	27.1856	260.8	140880.2027
I4	28.3904	259.5	140986.7049
I4	21.7839	266	140306.9881
I4	47.8463	240.8	143423.031
I4	46.9612	241.4	143112.888
I4	12.262	275.7	139406.8866
I4	25.5251	262.6	140816.9687
I4	39.4494	249	142420.5811
I4	14.4856	273.4	139623.0821
I4	37.7136	250.4	142110.017
I4	6.6899	281.5	139004.1522
I4	53.7304	236	144575.0679
I4	52.4358	237.1	144330.014
I4	55.5909	234.4	144832.7139
I4	27.3092	260.7	141051.7609
I4	65.6656	229.2	148263.2879
I4	32.4496	255.4	141395.2873
I4	27.5031	260.7	141027.711
I4	33.7338	254.1	141491.667
I4	10.5336	277.6	139376.088
I4	58.435	232.8	145789.8416
I4	19.2231	268.9	140197.0672
I4	23.3368	264.5	140521.6786
I4	46.8919	241.5	143190.3356
I4	76.2141	225.6	152831.6077
I4	5.0082	283.6	139033.2661
I4	57.2723	233.3	145345.6125
I4	5.3631	283.3	139122.6188
I4	9.6209	278.3	139166.7345
I4	26.9271	261.1	141073.5939
I4	17.1729	270.8	139916.5668
I4	31.9543	256.2	141479.6935
I4	8.1891	279.8	139045.8806
I4	9.2313	278.8	139172.0924
I4	80.5733	224.8	155035.3742
I4	75.865	226	152758.7745
I4	72.5376	226.3	150935.8824
I4	79.1012	225	154277.5971
I4	71.8789	227	150893.9305
I4	30.8849	257.2	141411.7801
I4	20.2645	267.6	140181.981
I4	17.1475	271	139986.7577
I4	10.1522	277.8	139229.9646
I4	25.7299	262.1	140726.6788
I4	11.7967	276.2	139410.6626
I4	35.2746	252.8	141815.3307
I4	20.9227	266.9	140193.9783
I4	11.3794	276.9	139490.8424
I4	34.81	253	141705.9859
I4	36.7435	251.6	142071.7484
I4	29.031	258.6	140950.9959
I4	25.086	263	140769.9019
I4	12.871	274.8	139396.1294
I4	39.5371	248.8	142303.8399
I4	33.5429	254.4	141498.5289
I4	16.4414	271.5	139856.0345
I4	16.0617	272	139919.2516
I4	57.1087	234	145588.7058
I4	39.929	248.1	142254.6039
I4	47.6274	241.2	143567.0874
I4	5.9599	282.7	139175.7269
I4	26.5757	261.4	140865.8891
I4	28.3894	259.7	141083.4748
I4	43.7323	244.7	142876.8596
I4	75.2478	226.1	152466.9969
I4	16.1553	271.8	139834.2514
I4	15.4379	272.3	139680.9785
I4	29.6869	258.5	141297.8566
I4	24.6307	263.2	140619.2195
I4	63.1074	230.5	147389.8059
I4	63.3604	230.1	147402.4724
I4	8.6818	279.3	139085.5382
I4	77.1349	225.4	153285.405
I4	49.5693	239.3	143765.179
I4	13.8166	274.3	139655.5666
I4	33.1159	255	141615.6546
I4	23.822	264.1	140525.9323
I4	15.9693	272.2	139931.0759
I4	32.6805	255.3	141421.7713
I4	8.281	279.5	138960.1531
I4	42.2541	246.1	142622.9552
I4	30.3031	257.7	141207.5418
I4	19.2731	268.6	140096.3802
I4	22.9235	265.2	140559.5433
I4	71.329	227.1	150578.4678
I4	50.4489	238.9	144083.4802
I4	42.2016	246.2	142740.5783
I4	24.3615	264	140874.6881
I4	11.4648	276.6	139388.2652
I4	57.0845	234.1	145581.7795
I4	23.1283	265	140610.9686
I4	28.9526	259.2	141146.2524
I4	28.2579	259.9	141080.5087
I4	19.2112	269	140252.7233
I4	5.0097	283.5	139001.5725
I4	61.7028	231	146833.0536
I4	36.2208	251.8	141875.018
I4	37.1664	251	142102.1515
I4	7.9764	280.3	139191.7549
I4	30.0364	257.9	141147.314
I4	5.9421	283	139310.2522
I4	21.3564	266.7	140410.1969
I4	12.269	275.6	139406.3218
I4	72.1757	226.9	151039.3882
I4	65.1603	229.5	148135.1194
I4	54.5288	235.6	144855.9956
I4	43.3815	244.9	142780.4721
I4	25.5814	262.5	140798.5666
I4	29.8212	258.1	141119.7343
I4	24.3947	263.7	140674.2478
I4	30.4189	257.4	141108.9785
I4	40.6952	247.5	142405.672
I4	40.4985	247.9	142537.5426
I4	64.4872	229.6	147765.6627
I4	34.1956	253.6	141518.47
I4	50.8212	238.5	144060.7396
I4	7.7824	280.5	139176.0912
I4	22.75	265.3	140510.6581
I4	15.3237	272.4	139642.889
I4	13.9568	273.9	139571.1281
I4	42.8409	245.5	142775.4192
I4	44.899	243.3	142931.5617
I4	25.4424	262.6	140845.1955
I4	17.5553	270.2	139920.5019
I4	10.8029	277.4	139419.2612
I4	36.1715	252	141848.6127
I4	22.6507	265.4	140463.1608
I4	44.7118	243.7	142980.6718
I4	71.0481	227.6	150685.0695
I4	59.3532	232.4	146113.9009
I4	14.236	273.8	139682.5294
I4	17.1646	270.9	139971.1575
I4	42.4962	245.8	142666.6206
I4	10.8389	277.3	139397.8631
I4	28.9143	259.3	141221.0914
I4	51.425	237.9	144140.996
I4	37.9036	250.1	142049.9923
I4	16.6154	271.4	139858.901
I4	31.1066	257.1	141385.3735
I4	7.4499	280.6	139024.8321
I4	67.3296	228.6	148955.8028
I4	13.6569	274.4	139609.4584
I4	54.7128	235.4	144831.7613
I4	26.5713	261.5	140849.5913
I4	16.1354	271.9	139822.9394
I4	25.1574	262.8	140836.6266
I4	22.9162	265.2	140592.9366
I4	25.5504	262.4	140834.9885
I4	45.6114	243.1	143185.5082
I4	69.2732	227.7	149618.6564
I4	44.3806	243.8	142897.8207
I4	42.2082	246.3	142730.6268
I4	57.1477	233.7	145443.2821
I4	33.3092	254.9	141636.7715
I4	9.9117	278.1	139238.895
I4	18.0088	269.9	139976.4874
I4	27.8984	260	141014.7768
I4	33.2249	254.9	141668.6996
I4	17.4161	270.7	140033.1944
I4	12.1748	275.8	139461.9199
I4	50.3869	239	143995.668
I4	37.2895	250.9	142072.4797
I4	38.7233	249.2	142137.6384
I4	34.0403	253.8	141498.5757
I4	43.5294	244.8	142766.3801
I4	25.285	262.7	140718.7522
I4	10.1095	277.9	139247.4168
I4	48.4242	240.3	143467.232
I4	50.8906	238	143845.0196
I4	26.3163	261.8	140857.2627
I4	37.8522	250.4	142105.3695
I4	24.8139	263.1	140660.0314
I4	51.5151	237.6	144022.5182
I4	55.5159	234.9	145021.048
I4	50.3709	239.1	144063.5545
I4	45.5765	243.1	143224.3359
I4	17.4237	270.6	139956.5234
I4	29.9565	258	141142.0404
I4	43.8635	244.4	142786.0651
I4	10.4282	277.7	139388.2456
I4	19.4591	268.4	140094.2309
I4	22.1132	265.8	140362.8138
I4	48.448	240.2	143484.7394
I4	9.0773	279	139194.466
I4	63.9324	229.9	147639.2041
I4	67.0289	228.8	148903.6578
I4	58.7714	232.5	145816.9543
I4	39.0429	249.1	142272.1882
I4	47.9974	240.6	143432.374
I4	40.7991	247	142305.8181
I4	55.4354	235.1	145108.6297
I4	46.4067	242	143212.925
I4	26.4992	261.7	141017.8115
I4	22.5484	265.7	140549.1144
I4	18.839	269.3	140183.7582
I4	72.4587	226.6	151054.2642
I4	53.3293	236.5	144579.4321
I4	60.8455	231.5	146556.4731
I4	35.4596	252.4	141696.3133
I4	47.5945	241.3	143476.7391
I4	30.9162	257.3	141364.4586
I4	45.3001	243.2	143040.812
I4	34.7059	253.1	141560.0698
I4	40.2546	248	142396.6889
I4	42.3315	245.9	142580.5516
I4	34.352	253.5	141604.7891
I4	8.8854	279.2	139164.7233
I4	36.7883	251.2	141933.632
I4	40.693	247.6	142562.2715
I4	19.0056	269.1	140150.0988
I4	5.9752	282	138831.9226
I4	45.7794	242.5	143032.0793
I4	6.8551	281.3	138998.3795
I4	39.7241	248.5	142363.8997
I4	53.3347	236.4	144505.1462
I4	43.9015	244.1	142728.1849
I4	8.1083	280.1	139174.9051
I4	46.6702	241.9	143259.7297
I4	27.0755	261	140994.6854
I4	18.7358	269.5	140217.6036
I4	27.5138	260.4	140862.7045
I4	6.9672	281.2	139020.1073
I4	62.3177	230.6	146991.8223
I4	46.3672	242.2	143181.8423
I4	48.9947	240.1	143779.8618
I4	49.142	239.9	143757.2433
I4	36.1132	252.2	141997.8194
I4	19.7592	268.1	140129.974
I4	52.9676	236.8	144536.8654
I5	51.7813	131.8	93652.4372
I5	49.8454	132	92551.9812
I5	48.2468	132.6	91925.7722
I5	38.646	135.3	87489.48
I5	32.0844	138.9	85360.9996
I5	35.4057	136.7	86254.1017
I5	17.8059	152.1	83281.0725
I5	11.9631	158	82808.9091
I5	12.7016	157.2	82791.2525
I5	35.0157	137.2	86238.5006
I5	5.0856	164.8	82056.546
I5	1.5086	171.4	83166.7099
I5	33.137	138.3	85696.4962
I5	2.5937	168.1	82208.6621
I5	22.5203	147.5	83807.9299
I5	23.2786	146.7	83897.736
I5	17.1598	152.8	83268.3852
I5	26.4052	143.8	84406.6044
I5	1.9732	168.5	82027.1089
I5	25.6723	144.5	84275.4451
I5	19.0751	150.7	83448.0645
I5	9.4603	160.4	82501.216
I5	5.5875	164.3	82130.1663
I5	49.4556	132.2	92431.1007
I5	20.06	149.8	83557.474
I5	17.9616	152	83368.5611
I5	23.6308	146.5	84016.9886
I5	11.4242	158.4	82678.8391
I5	25.6558	144.6	84273.7013
I5	26.231	143.9	84360.731
I5	34.7441	137.3	86150.513
I5	8.0869	161.8	82389.0573
I5	14.447	155.4	82967.9755
I5	28.2897	141.9	84551.5906
I5	33.2276	138.2	85687.016
I5	27.5974	142.8	84606.7327
I5	13.4881	156.4	82930.6745
I5	36.2021	136.5	86595.4169
I5	30.3441	140.4	85044.3729
I5	6.2976	163.6	82203.875
I5	14.3563	155.5	83015.4231
I5	20.5683	149.3	83589.3767
I5	21.1277	148.8	83675.6274
I5	24.9729	144.9	84107.36
I5	32.9836	138.5	85675.519
I5	5.4083	164.4	82046.2365
I5	32.8068	138.7	85679.4862
I5	5.755	164.1	82137.8394
I5	21.3216	148.5	83660.8757
I5	14.078	155.8	82905.3856
I5	9.7955	160.1	82510.7091
I5	30.2451	140.5	85060.852
I5	16.3411	153.5	83173.0857
I5	25.8035	144.2	84223.3128
I5	13.3265	156.6	82917.6238
I5	17.3564	152.6	83316.3861
I5	17.714	152.2	83323.4401
I5	26.6286	143.6	84437.0116
I5	13.1483	156.8	82865.1936
I5	16.8314	153	83212.8332
I5	4.8972	164.9	82018.5717
I5	22.0604	147.8	83770.8525
I5	16.7567	153	83232.267
I5	24.1575	145.8	84045.5776
I5	18.7266	151.2	83484.1792
I5	20.9681	149	83700.5959
I5	18.2837	151.6	83408.9605
I5	5.2095	164.6	82029.073
I5	6.4466	163.4	82172.8576
I5	22.7348	147.2	83903.0769
I5	23.6944	146.4	84073.267
I5	22.7833	147.2	83892.7881
I5	28.1564	142.1	84602.5271
I5	10.8887	158.9	82597.6194
I5	27.636	142.4	84425.7986
I5	25.4129	144.7	84209.6749
I5	23.0366	146.9	83935.6088
I5	17.3546	152.6	83324.7114
I5	8.5547	161.3	82394.2135
I5	10.5072	159.3	82560.8213
I5	20.5545	149.4	83660.8697
I5	18.7089	151.2	83485.2039
I5	23.2218	146.8	84015.2223
I5	9.379	160.6	82540.0425
I5	14.5584	155.3	83012.1649
I5	24.9649	145.1	84144.8442
I5	5.9353	163.9	82115.3736
I5	7.6545	162.4	82381.5908
I5	23.9551	146	84005.3015
I5	17.9918	151.9	83337.8471
I5	5.632	164.3	82115.5068
I5	3.4058	166.8	82053.8573
I5	12.5881	157.3	82843.4105
I5	14.2236	155.7	82986.2786
I5	15.8091	154	83078.2212
I5	27.8814	142.3	84519.8386
I5	28.9048	141.7	84811.1201
I5	16.0624	153.8	83126.2978
I5	13.3284	156.6	82910.2807
I5	21.9206	148	83747.1319
I5	24.5989	145.4	84118.4279
I5	13.857	156	82874.7532
I5	30.6072	139.9	85002.9552
I5	23.0254	147	83935.4967
I5	31.2672	139.7	85271.0171
I5	13.2182	156.7	82850.0264
I5	3.0671	167	81964.6185
I5	30.5382	140.2	85028.204
I5	4.7057	165.1	81985.8092
I5	26.4744	143.7	84398.4313
I5	13.8038	156	82884.0406
I5	18.2974	151.5	83334.6624
I5	40.6966	134.7	88394.9362
I5	23.4469	146.6	84035.4389
I5	22.4404	147.5	83837.0863
I5	19.9567	150	83612.3586
I5	36.4002	136.3	86663.078
I5	30.4189	140.3	85075.3111
I5	31.1215	139.8	85245.0881
I5	29.8529	140.7	84910.0762
I5	7.8355	162.1	82349.9708
I5	7.1419	162.6	82211.6547
I5	28.9761	141.3	84711.6349
I5	5.3402	164.5	82069.8345
I5	6.8604	163	82223.8242
I5	9.5892	160.3	82518.7427
I5	8.1685	161.8	82380.5853
I5	11.9845	158	82779.3403
I5	15.4969	154.3	83085.2217
I5	15.0673	154.8	83041.611
I5	24.5375	145.5	84093.2273
I5	11.1574	158.7	82668.2273
I5	9.9989	159.8	82513.0316
I5	11.4248	158.4	82663.6487
I5	6.6566	163.3	82245.5345
I5	20.8117	149.1	83693.7475
I5	25.792	144.3	84238.2542
I5	42.9576	133.7	89241.1018
I5	29.2445	141.2	84836.4862
I5	11.9802	158	82803.5287
I5	21.0012	148.9	83647.2878
I5	22.6585	147.3	83881.1226
I5	24.9506	145.1	84193.1196
I5	15.5962	154.2	83095.8097
I5	16.639	153.3	83211.5269
I5	3.8216	166.1	81971.0933
I5	3.659	166.4	81997.3506
I5	46.5314	132.8	90952.7217
I5	36.5881	136.2	86714.0126
I5	42.8352	133.9	89274.2688
I5	35.8754	136.6	86444.6927
I5	10.3294	159.5	82596.3078
I5	12.1739	157.7	82762.8928
I5	4.0177	166	82031.6921
I5	32.7828	138.7	85687.417
I5	12.8603	156.9	82794.4234
I5	11.1707	158.6	82606.3858
I5	15.2473	154.7	83113.3666
I5	20.0791	149.7	83491.1727
I5	18.8585	151	83418.2537
I5	26.7861	143.4	84408.2911
I5	46.0277	133	90764.994
I5	14.835	155	82998.1952
I5	9.2195	160.7	82463.7153
I5	24.233	145.7	84039.8753
I5	13.6511	156.3	82908.2553
I5	25.6376	144.6	84323.6249
I5	26.8704	143.2	84395.1893
I5	40.8204	134.3	88298.6196
I5	28.2515	142	84601.6642
I5	29.4762	140.9	84810.0375
I5	1.7631	168.9	82107.8357
I5	2.6622	167.3	81847.625
I5	24.7094	145.3	84080.5132
I5	27.1585	143.1	84488.2051
I5	2.4659	168.2	82203.2084
I5	12.3392	157.5	82730.7797
I5	9.7549	160.2	82525.1484
I5	10.0964	159.7	82513.0349
I5	15.2728	154.5	83081.0669
I5	19.6078	150.4	83622.6951
I5	20.0133	150	83563.6747
I5	16.3013	153.5	83192.9103
I5	12.0301	157.8	82707.2268
I5	14.239	155.6	82966.4724
I5	14.4517	155.4	82955.9211
I5	17.2838	152.7	83295.8519
I5	22.5352	147.4	83895.6551
I5	20.3564	149.5	83560.4983
I5	16.3417	153.5	83156.6673
I5	23.7441	146.3	84030.0358
I5	21.6871	148.2	83700.0985
I5	17.5164	152.4	83287.9989
I5	20.0176	149.9	83635.7095
I5	34.0369	137.6	85868.9155
I5	35.2111	137	86266.4434
I5	31.5383	139.1	85137.1455
I5	33.274	137.8	85548.2164
I5	18.043	151.8	83334.3979
I5	13.8749	155.9	82888.3846
I5	8.2239	161.6	82323.9019
I5	10.6653	159.1	82558.317
I5	16.6837	153.1	83193.4161
I5	19.7616	150.1	83485.0227
I5	18.9182	150.9	83431.399
I5	37.3952	135.7	86954.0428
I5	42.2855	134.1	89026.779
I5	44.6999	133.2	90065.0547
I5	37.073	135.9	86835.9228
I5	44.2536	133.5	89944.1383
I5	6.6575	163.2	82207.0566
I5	32.3286	138.8	85470.4954
I5	7.6576	162.2	82291.8835
I5	16.5459	153.4	83294.42
I5	21.8039	148.1	83787.9316
I5	34.6679	137.5	86195.3661
I5	18.8019	151.1	83414.5396
I5	20.9243	149	83702.2404
I5	22.8055	147.1	83886.5075
I5	11.243	158.5	82605.8736
I5	23.8991	146.1	84049.2729
I5	8.6139	161.2	82387.7645
I5	9.0354	160.8	82442.2218
I5	7.8638	162	82350.8413
I5	23.5522	146.6	83984.5785
I5	14.598	155.2	82965.2585
I5	16.1712	153.6	83124.4221
I5	18.7646	151.2	83432.6373
I5	21.8207	148.1	83760.8432
I5	3.7956	166.3	82020.1185
I5	6.0546	163.8	82132.8778
I5	27.3805	142.9	84522.236
I5	9.8114	160	82500.5567
I5	19.6385	150.3	83526.6075
I5	4.2875	165.6	81982.839
I5	42.3821	134	89072.6548
I5	18.5594	151.4	83389.5138
I5	15.4147	154.4	83028.1408
I5	4.4633	165.4	82000.0118
I5	11.6834	158.1	82696.5585
I5	8.0526	161.9	82369.1573
I5	9.7047	160.2	82572.683
I5	28.9662	141.5	84751.6797
I5	22.3086	147.6	83861.4213
I5	8.2122	161.6	82344.9152
I5	15.9873	153.9	83152.6645
I5	23.5728	146.5	84021.2408
I5	29.7298	140.8	84884.9029
I5	14.9886	154.9	83031.4021
I5	28.6983	141.8	84757.244
I5	16.9306	152.9	83242.6296
I5	27.6142	142.6	84525.9645
I5	26.7418	143.5	84414.593
I5	23.8269	146.2	84025.6393
I5	13.6315	156.2	82948.7684
I5	25.7875	144.4	84309.8925
I5	25.9306	144.1	84248.4574
I5	25.2396	144.8	84187.274
I5	9.4588	160.5	82531.8304
I5	9.7938	160.1	82570.5017
I5	7.137	162.9	82349.3732
I5	8.4106	161.4	82389.4047
I5	21.4752	148.4	83671.2794
I5	20.0212	149.9	83534.6346
I5	8.8732	160.9	82389.2712
I5	10.458	159.4	82575.7514
I5	12.5862	157.4	82820.7443
I5	17.6838	152.2	83377.6578
I5	14.8351	155	82986.9307
I5	27.3184	143	84543.468
I5	10.718	159.1	82555.0043
I5	16.5948	153.3	83262.5425
I5	13.3288	156.5	82842.3309
I5	40.2497	134.8	88180.0279
I5	36.8366	136.1	86776.9383
I5	39.3059	134.9	87698.224
I5	21.7821	148.1	83799.2837
I5	38.4688	135.5	87447.59
I5	38.0223	135.6	87240.4632
I5	24.8523	145.2	84166.9734
I5	19.2924	150.5	83429.7865
I5	11.5913	158.3	82711.6297
I5	12.7768	157.1	82834.0483
I5	33.0491	138.4	85659.0362
I5	32.8903	138.6	85685.8242
I5	40.7768	134.5	88345.0843
I5	12.5652	157.4	82852.2132
I5	7.5179	162.5	82377.1291
I5	17.3699	152.5	83235.1328
I5	8.7547	161.1	82429.1687
I5	18.2829	151.7	83417.9766
