config	inst	time	count	best	spr	hv	gd	
nsga5k2x	ACAD	72217	58	0.0273	0.6679	0.4798	0.0095	
nsga5k2x	ACAD	70633	49	0.0273	0.7128	0.5157	0.0081	
nsga5k2x	ACAD	72793	47	0.0364	0.7069	0.5180	0.0091	
nsga5k2x	ACAD	72616	46	0.0364	0.6650	0.5117	0.0073	
nsga5k2x	ACAD	72059	43	0.0545	0.6775	0.5115	0.0067	
nsga5k2x	ACAD	72412	63	0.0000	0.6920	0.4686	0.0104	
nsga5k2x	ACAD	73032	56	0.0182	0.6552	0.5096	0.0076	
nsga5k2x	ACAD	72105	65	0.0000	0.6426	0.4769	0.0112	
nsga5k2x	ACAD	72346	57	0.0000	0.7377	0.4775	0.0099	
nsga5k2x	ACAD	73140	43	0.0000	0.6752	0.4716	0.0131	
nsga5k2x	ACAD	72626	58	0.0273	0.6792	0.5066	0.0080	
nsga5k2x	ACAD	72076	59	0.0000	0.6644	0.4767	0.0093	
nsga5k2x	ACAD	72125	49	0.0909	0.6460	0.5334	0.0064	
nsga5k2x	ACAD	71656	57	0.0182	0.7050	0.4828	0.0140	
nsga5k2x	ACAD	67392	45	0.0727	0.6048	0.5140	0.0074	
nsga5k2x	ACAD	60069	51	0.0545	0.7178	0.5107	0.0070	
nsga5k2x	ACAD	60114	53	0.0091	0.6421	0.4883	0.0086	
nsga5k2x	ACAD	60370	73	0.0091	0.5767	0.4786	0.0079	
nsga5k2x	ACAD	59805	62	0.0273	0.7129	0.5069	0.0079	
nsga5k2x	ACAD	60698	48	0.0000	0.6372	0.4968	0.0072	
nsga5k2x	ACAD	60028	50	0.0000	0.8567	0.4859	0.0179	
nsga5k2x	ACAD	60793	48	0.0273	0.6289	0.5065	0.0089	
nsga5k2x	ACAD	59933	61	0.0091	0.6024	0.4897	0.0083	
nsga5k2x	ACAD	60261	50	0.0273	0.5505	0.5038	0.0072	
nsga5k2x	ACAD	60054	46	0.0182	0.6346	0.5039	0.0079	
nsga5k2x	ACAD	60788	49	0.0182	0.7109	0.4950	0.0104	
nsga5k2x	ACAD	60318	51	0.0273	0.6255	0.4945	0.0074	
nsga5k2x	ACAD	59942	55	0.0000	0.6022	0.4765	0.0095	
nsga5k2x	ACAD	60607	54	0.0364	0.6142	0.4947	0.0093	
nsga5k2x	ACAD	59051	59	0.0182	0.6292	0.4895	0.0074	
nsga5k2x	ACAD	57529	55	0.0000	0.6002	0.4719	0.0110	
nsga5k2x	ACAD	57824	63	0.0000	0.6095	0.4948	0.0075	
nsga5k2x	ACAD	58172	52	0.0000	0.5982	0.4767	0.0119	
nsga5k2x	ACAD	57855	54	0.0455	0.6410	0.5078	0.0087	
nsga5k2x	ACAD	57873	49	0.0455	0.6279	0.4945	0.0112	
nsga5k2x	ACAD	58241	71	0.0273	0.5594	0.4905	0.0089	
nsga5k2x	ACAD	57767	50	0.0455	0.7494	0.4951	0.0174	
nsga5k2x	ACAD	57889	53	0.0000	0.6239	0.4880	0.0090	
nsga5k2x	ACAD	57325	60	0.0182	0.6873	0.4877	0.0089	
nsga5k2x	ACAD	58173	54	0.0091	0.7674	0.4869	0.0113	
nsga5k2x	ACAD	57638	47	0.0091	0.6244	0.5046	0.0076	
nsga5k2x	ACAD	57552	55	0.0182	0.6376	0.4856	0.0121	
nsga5k2x	ACAD	58083	52	0.0182	0.6428	0.5053	0.0086	
nsga5k2x	ACAD	57747	58	0.0000	0.5697	0.4948	0.0089	
nsga5k2x	ACAD	57680	65	0.0364	0.6312	0.4994	0.0082	
nsga5k2x	ACAD	58097	63	0.0000	0.5950	0.4943	0.0092	
nsga5k2x	ACAD	58268	52	0.0182	0.6517	0.5016	0.0082	
nsga5k2x	ACAD	57899	53	0.0091	0.5954	0.4818	0.0106	
nsga5k2x	ACAD	57870	62	0.0000	0.6347	0.4745	0.0092	
nsga5k2x	ACAD	58271	56	0.0091	0.6643	0.4968	0.0081	
nsga5k2x	OMET	337714	64	0.0308	0.5687	0.5235	0.0057	
nsga5k2x	OMET	337071	67	0.0154	0.6052	0.5038	0.0074	
nsga5k2x	OMET	338750	56	0.0154	0.6177	0.5225	0.0063	
nsga5k2x	OMET	337978	53	0.0154	0.7011	0.5193	0.0059	
nsga5k2x	OMET	337273	70	0.0308	0.6709	0.5160	0.0063	
nsga5k2x	OMET	338325	65	0.0077	0.6593	0.5081	0.0062	
nsga5k2x	OMET	337762	62	0.0231	0.6338	0.5066	0.0066	
nsga5k2x	OMET	338127	75	0.0308	0.6608	0.5106	0.0060	
nsga5k2x	OMET	337832	60	0.0308	0.7519	0.5113	0.0074	
nsga5k2x	OMET	338292	84	0.0231	0.6398	0.5065	0.0059	
nsga5k2x	OMET	337103	61	0.0385	0.6640	0.5118	0.0064	
nsga5k2x	OMET	360391	68	0.0154	0.7234	0.5009	0.0067	
nsga5k2x	OMET	376782	55	0.0385	0.6619	0.5277	0.0066	
nsga5k2x	OMET	347327	58	0.0385	0.6528	0.5022	0.0077	
nsga5k2x	OMET	348221	64	0.0154	0.6796	0.5100	0.0075	
nsga5k2x	OMET	333633	72	0.0385	0.6321	0.5244	0.0054	
nsga5k2x	OMET	332008	71	0.0385	0.6759	0.5087	0.0054	
nsga5k2x	OMET	335305	71	0.0154	0.7026	0.5116	0.0056	
nsga5k2x	OMET	333323	61	0.0077	0.6482	0.5083	0.0068	
nsga5k2x	OMET	332397	68	0.0077	0.6590	0.5073	0.0066	
nsga5k2x	OMET	332720	77	0.0000	0.5482	0.5026	0.0062	
nsga5k2x	OMET	308240	59	0.0231	0.7430	0.5242	0.0063	
nsga5k2x	OMET	244571	67	0.0077	0.5856	0.5137	0.0051	
nsga5k2x	OMET	243509	73	0.0231	0.7176	0.5137	0.0057	
nsga5k2x	OMET	241165	68	0.0154	0.7607	0.5114	0.0080	
nsga5k2x	OMET	241184	75	0.0000	0.6413	0.4840	0.0070	
nsga5k2x	OMET	242112	66	0.0231	0.5497	0.5049	0.0074	
nsga5k2x	OMET	241099	76	0.0077	0.7076	0.5108	0.0058	
nsga5k2x	OMET	240210	61	0.0000	0.7050	0.4949	0.0085	
nsga5k2x	OMET	240121	64	0.0154	0.6902	0.4947	0.0073	
nsga5k2x	OMET	240332	71	0.0077	0.6461	0.5145	0.0062	
nsga5k2x	OMET	240200	72	0.0077	0.6534	0.5047	0.0067	
nsga5k2x	OMET	240741	67	0.0077	0.5742	0.5102	0.0061	
nsga5k2x	OMET	239805	62	0.0385	0.6668	0.5235	0.0051	
nsga5k2x	OMET	240975	72	0.0385	0.6508	0.5167	0.0057	
nsga5k2x	OMET	242110	66	0.0231	0.6578	0.5142	0.0060	
nsga5k2x	OMET	241303	62	0.0154	0.6946	0.5036	0.0080	
nsga5k2x	OMET	241724	60	0.0154	0.6011	0.5167	0.0062	
nsga5k2x	OMET	240483	67	0.0154	0.6147	0.5102	0.0062	
nsga5k2x	OMET	241569	58	0.0077	0.7181	0.5127	0.0068	
nsga5k2x	OMET	241146	54	0.0308	0.6501	0.5231	0.0060	
nsga5k2x	OMET	242152	63	0.0154	0.6919	0.5291	0.0054	
nsga5k2x	OMET	240689	76	0.0154	0.7372	0.5129	0.0058	
nsga5k2x	OMET	241247	65	0.0077	0.6552	0.5085	0.0073	
nsga5k2x	OMET	241720	66	0.0154	0.6201	0.4931	0.0076	
nsga5k2x	OMET	241188	67	0.0615	0.6578	0.5257	0.0058	
nsga5k2x	OMET	240850	64	0.0154	0.6259	0.5136	0.0057	
nsga5k2x	OMET	241567	68	0.0000	0.5999	0.5005	0.0062	
nsga5k2x	OMET	240089	54	0.0538	0.6765	0.5181	0.0060	
nsga5k2x	OMET	239726	68	0.0154	0.5458	0.5104	0.0058	
nsga5k2x	PARM	508373	44	0.0130	0.8190	0.4689	0.0162	
nsga5k2x	PARM	505335	39	0.0260	0.7279	0.4879	0.0146	
nsga5k2x	PARM	422819	31	0.0000	0.7032	0.4892	0.0113	
nsga5k2x	PARM	416292	43	0.0260	0.6738	0.5004	0.0102	
nsga5k2x	PARM	403944	38	0.0000	0.6609	0.4726	0.0144	
nsga5k2x	PARM	400768	44	0.0649	0.7080	0.5066	0.0126	
nsga5k2x	PARM	399966	40	0.0260	0.6643	0.4705	0.0122	
nsga5k2x	PARM	396602	41	0.0000	0.6356	0.4882	0.0129	
nsga5k2x	PARM	392263	38	0.0519	0.6132	0.5024	0.0104	
nsga5k2x	PARM	395630	39	0.0390	0.6804	0.4867	0.0140	
nsga5k2x	PARM	393868	42	0.0130	0.7012	0.4710	0.0150	
nsga5k2x	PARM	393786	45	0.0000	0.7943	0.4590	0.0200	
nsga5k2x	PARM	393282	48	0.0000	0.6102	0.4787	0.0116	
nsga5k2x	PARM	393071	38	0.0130	0.6040	0.4582	0.0158	
nsga5k2x	PARM	393771	42	0.0130	0.6645	0.4722	0.0132	
nsga5k2x	PARM	394118	37	0.0390	0.7128	0.4921	0.0118	
nsga5k2x	PARM	393185	36	0.0130	0.6227	0.4801	0.0140	
nsga5k2x	PARM	450856	37	0.0130	0.6107	0.4556	0.0123	
nsga5k2x	PARM	409150	46	0.0000	0.6073	0.4558	0.0153	
nsga5k2x	PARM	411326	35	0.0130	0.7051	0.4711	0.0161	
nsga5k2x	PARM	395668	49	0.0260	0.6901	0.4790	0.0146	
nsga5k2x	PARM	394262	44	0.0260	0.6573	0.4647	0.0138	
nsga5k2x	PARM	393078	41	0.0130	0.6092	0.4881	0.0111	
nsga5k2x	PARM	393618	35	0.0519	0.5147	0.4970	0.0132	
nsga5k2x	PARM	393155	39	0.0000	0.6405	0.4553	0.0140	
nsga5k2x	PARM	368884	43	0.0260	0.6099	0.4878	0.0122	
nsga5k2x	PARM	294697	43	0.0260	0.6900	0.4922	0.0118	
nsga5k2x	PARM	293792	41	0.0519	0.6657	0.4687	0.0131	
nsga5k2x	PARM	294682	40	0.0519	0.8334	0.4947	0.0152	
nsga5k2x	PARM	296133	39	0.0260	0.5496	0.4880	0.0126	
nsga5k2x	PARM	294112	31	0.0649	0.5598	0.4933	0.0112	
nsga5k2x	PARM	295499	35	0.0130	0.6896	0.4817	0.0156	
nsga5k2x	PARM	294227	39	0.0130	0.6571	0.4846	0.0113	
nsga5k2x	PARM	293744	45	0.0130	0.7280	0.4834	0.0147	
nsga5k2x	PARM	295379	42	0.0390	0.5374	0.5003	0.0107	
nsga5k2x	PARM	295418	40	0.0000	0.6495	0.4617	0.0134	
nsga5k2x	PARM	295116	35	0.0130	0.6549	0.4874	0.0134	
nsga5k2x	PARM	294717	44	0.0130	0.7183	0.4807	0.0117	
nsga5k2x	PARM	295865	44	0.0130	0.8092	0.4852	0.0140	
nsga5k2x	PARM	294948	35	0.0260	0.6673	0.4794	0.0140	
nsga5k2x	PARM	294038	40	0.0390	0.5730	0.4878	0.0103	
nsga5k2x	PARM	294232	26	0.0130	0.6182	0.4760	0.0157	
nsga5k2x	PARM	295856	42	0.0130	0.6608	0.4815	0.0124	
nsga5k2x	PARM	293739	36	0.0130	0.7202	0.4764	0.0126	
nsga5k2x	PARM	295336	36	0.0000	0.6084	0.4803	0.0139	
nsga5k2x	PARM	294810	47	0.0000	0.5804	0.4725	0.0120	
nsga5k2x	PARM	295628	42	0.0260	0.7505	0.4787	0.0113	
nsga5k2x	PARM	295290	37	0.0130	0.6479	0.4671	0.0146	
nsga5k2x	PARM	288252	46	0.0000	0.6541	0.4371	0.0144	
nsga5k2x	PARM	244599	38	0.0130	0.6295	0.4982	0.0114	
nsga5k2x	PSOA	505008	53	0.0000	0.7122	0.3644	0.0215	
nsga5k2x	PSOA	499856	57	0.0183	0.5694	0.3734	0.0143	
nsga5k2x	PSOA	433693	61	0.0092	0.6200	0.3922	0.0125	
nsga5k2x	PSOA	424024	48	0.0092	0.6366	0.3754	0.0192	
nsga5k2x	PSOA	410936	48	0.0275	0.6047	0.3993	0.0128	
nsga5k2x	PSOA	408812	56	0.0092	0.7251	0.3837	0.0150	
nsga5k2x	PSOA	403551	51	0.0183	0.5736	0.3960	0.0139	
nsga5k2x	PSOA	406964	45	0.0275	0.6665	0.3817	0.0174	
nsga5k2x	PSOA	406208	67	0.0275	0.6624	0.3770	0.0160	
nsga5k2x	PSOA	408476	54	0.0092	0.8176	0.3758	0.0282	
nsga5k2x	PSOA	409952	56	0.0550	0.6468	0.4136	0.0163	
nsga5k2x	PSOA	410322	62	0.0000	0.7526	0.3773	0.0179	
nsga5k2x	PSOA	410445	49	0.0367	0.5862	0.3957	0.0126	
nsga5k2x	PSOA	411035	50	0.0183	0.5882	0.3796	0.0141	
nsga5k2x	PSOA	407811	43	0.0367	0.5211	0.4042	0.0115	
nsga5k2x	PSOA	406230	47	0.0367	0.5198	0.3952	0.0121	
nsga5k2x	PSOA	422633	58	0.0092	0.6903	0.3624	0.0158	
nsga5k2x	PSOA	454113	50	0.0275	0.6209	0.3994	0.0141	
nsga5k2x	PSOA	431716	45	0.0275	0.7004	0.3973	0.0198	
nsga5k2x	PSOA	426083	50	0.0092	0.8374	0.3720	0.0202	
nsga5k2x	PSOA	422820	50	0.0275	0.8602	0.3708	0.0409	
nsga5k2x	PSOA	418861	47	0.0183	0.5855	0.3915	0.0145	
nsga5k2x	PSOA	420592	45	0.0275	0.6064	0.3769	0.0208	
nsga5k2x	PSOA	418572	52	0.0000	0.6948	0.3807	0.0169	
nsga5k2x	PSOA	393561	67	0.0000	0.8024	0.3809	0.0164	
nsga5k2x	PSOA	296242	50	0.0550	0.6695	0.3944	0.0124	
nsga5k2x	PSOA	295693	58	0.0092	0.6034	0.3806	0.0139	
nsga5k2x	PSOA	301464	62	0.0092	0.7609	0.3494	0.0224	
nsga5k2x	PSOA	296880	60	0.0183	0.7055	0.3908	0.0109	
nsga5k2x	PSOA	298171	62	0.0000	0.6157	0.3809	0.0151	
nsga5k2x	PSOA	297584	55	0.0275	0.7349	0.4044	0.0197	
nsga5k2x	PSOA	298339	46	0.0092	0.6049	0.3698	0.0158	
nsga5k2x	PSOA	301574	58	0.0000	0.7622	0.3733	0.0152	
nsga5k2x	PSOA	298921	52	0.0275	0.6499	0.3982	0.0134	
nsga5k2x	PSOA	298065	61	0.0275	0.5702	0.3937	0.0122	
nsga5k2x	PSOA	297829	45	0.0092	0.6590	0.4070	0.0099	
nsga5k2x	PSOA	296840	52	0.0092	0.6592	0.3657	0.0167	
nsga5k2x	PSOA	298116	48	0.0092	0.7523	0.3705	0.0200	
nsga5k2x	PSOA	297328	50	0.0275	0.7414	0.3877	0.0230	
nsga5k2x	PSOA	298769	50	0.0459	0.7302	0.4023	0.0142	
nsga5k2x	PSOA	298844	47	0.0275	0.7069	0.3901	0.0229	
nsga5k2x	PSOA	297723	54	0.0275	0.5951	0.3969	0.0129	
nsga5k2x	PSOA	298488	67	0.0092	0.7486	0.3588	0.0183	
nsga5k2x	PSOA	299657	47	0.0275	0.8703	0.3796	0.0447	
nsga5k2x	PSOA	297708	51	0.0092	0.6317	0.3764	0.0140	
nsga5k2x	PSOA	298171	43	0.0367	0.6125	0.3931	0.0149	
nsga5k2x	PSOA	298483	38	0.0183	0.6802	0.4000	0.0180	
nsga5k2x	PSOA	286342	49	0.0092	0.5733	0.3782	0.0134	
nsga5k2x	PSOA	239227	50	0.0367	0.6434	0.3994	0.0129	
nsga5k2x	PSOA	196993	51	0.0275	0.6961	0.3826	0.0218	
nsga5k2x	WAMS	173183	86	0.0286	0.5677	0.5395	0.0040	
nsga5k2x	WAMS	174352	82	0.0071	0.6409	0.5403	0.0041	
nsga5k2x	WAMS	173794	88	0.0143	0.6077	0.5351	0.0048	
nsga5k2x	WAMS	173818	89	0.0071	0.6842	0.5316	0.0052	
nsga5k2x	WAMS	174640	87	0.0357	0.6722	0.5469	0.0038	
nsga5k2x	WAMS	173811	101	0.0429	0.5916	0.5460	0.0035	
nsga5k2x	WAMS	148919	78	0.0143	0.4973	0.5331	0.0053	
nsga5k2x	WAMS	147450	91	0.0286	0.5597	0.5412	0.0042	
nsga5k2x	WAMS	147355	87	0.0000	0.6096	0.5346	0.0042	
nsga5k2x	WAMS	146849	90	0.0143	0.6556	0.5395	0.0045	
nsga5k2x	WAMS	146664	80	0.0071	0.6006	0.5427	0.0041	
nsga5k2x	WAMS	147563	95	0.0071	0.6519	0.5323	0.0042	
nsga5k2x	WAMS	142186	84	0.0143	0.6118	0.5218	0.0052	
nsga5k2x	WAMS	142087	71	0.0071	0.5934	0.5304	0.0057	
nsga5k2x	WAMS	142693	83	0.0214	0.6290	0.5389	0.0047	
nsga5k2x	WAMS	141695	84	0.0571	0.5987	0.5548	0.0033	
nsga5k2x	WAMS	141981	80	0.0000	0.6947	0.5270	0.0052	
nsga5k2x	WAMS	141382	80	0.0214	0.6444	0.5377	0.0045	
nsga5k2x	WAMS	140895	75	0.0286	0.5817	0.5402	0.0048	
nsga5k2x	WAMS	141790	88	0.0071	0.6121	0.5386	0.0046	
nsga5k2x	WAMS	142159	76	0.0000	0.6241	0.5321	0.0053	
nsga5k2x	WAMS	143200	105	0.0500	0.6055	0.5484	0.0034	
nsga5k2x	WAMS	143092	81	0.0357	0.5932	0.5372	0.0044	
nsga5k2x	WAMS	143104	78	0.0000	0.6703	0.5413	0.0041	
nsga5k2x	WAMS	143094	85	0.0214	0.6973	0.5381	0.0045	
nsga5k2x	WAMS	141951	79	0.0071	0.6269	0.5304	0.0053	
nsga5k2x	WAMS	142161	77	0.0286	0.6155	0.5369	0.0049	
nsga5k2x	WAMS	142913	66	0.0214	0.6192	0.5392	0.0051	
nsga5k2x	WAMS	141857	94	0.0071	0.7166	0.5331	0.0048	
nsga5k2x	WAMS	143030	87	0.0000	0.6974	0.5322	0.0045	
nsga5k2x	WAMS	142249	75	0.0571	0.6664	0.5395	0.0045	
nsga5k2x	WAMS	142458	85	0.0071	0.5983	0.5266	0.0050	
nsga5k2x	WAMS	143247	85	0.0214	0.7448	0.5345	0.0046	
nsga5k2x	WAMS	142323	78	0.0357	0.5889	0.5457	0.0043	
nsga5k2x	WAMS	142652	98	0.0000	0.6165	0.5347	0.0042	
nsga5k2x	WAMS	142707	84	0.0214	0.5293	0.5307	0.0047	
nsga5k2x	WAMS	141629	95	0.0143	0.6507	0.5396	0.0044	
nsga5k2x	WAMS	142270	90	0.0214	0.6669	0.5348	0.0045	
nsga5k2x	WAMS	142024	89	0.0143	0.5800	0.5271	0.0046	
nsga5k2x	WAMS	142867	90	0.0143	0.5919	0.5334	0.0050	
nsga5k2x	WAMS	142008	98	0.0143	0.6951	0.5263	0.0050	
nsga5k2x	WAMS	143122	95	0.0143	0.6323	0.5362	0.0045	
nsga5k2x	WAMS	142209	97	0.0357	0.6365	0.5421	0.0045	
nsga5k2x	WAMS	142274	85	0.0071	0.5804	0.5403	0.0038	
nsga5k2x	WAMS	142629	74	0.0214	0.6874	0.5331	0.0050	
nsga5k2x	WAMS	142248	84	0.0357	0.6244	0.5341	0.0050	
nsga5k2x	WAMS	141989	71	0.0571	0.6545	0.5485	0.0048	
nsga5k2x	WAMS	142447	85	0.0143	0.6238	0.5334	0.0051	
nsga5k2x	WAMS	161186	93	0.0071	0.6783	0.5362	0.0046	
nsga5k2x	WAMS	170871	75	0.0500	0.6327	0.5431	0.0049	
nsga5k2x	WMET	62920	69	0.0320	0.6623	0.4868	0.0060	
nsga5k2x	WMET	62853	73	0.0000	0.6847	0.4680	0.0067	
nsga5k2x	WMET	62994	71	0.0320	0.6633	0.4792	0.0066	
nsga5k2x	WMET	62555	67	0.0240	0.6241	0.4626	0.0081	
nsga5k2x	WMET	62981	77	0.0160	0.5405	0.4715	0.0055	
nsga5k2x	WMET	63295	71	0.0400	0.6326	0.4885	0.0043	
nsga5k2x	WMET	63267	61	0.0160	0.6446	0.4595	0.0074	
nsga5k2x	WMET	63008	57	0.0640	0.6536	0.4898	0.0058	
nsga5k2x	WMET	63339	73	0.0400	0.6479	0.4834	0.0058	
nsga5k2x	WMET	63072	79	0.0560	0.6317	0.4764	0.0054	
nsga5k2x	WMET	62880	71	0.0000	0.5655	0.4667	0.0067	
nsga5k2x	WMET	62831	65	0.0080	0.5783	0.4679	0.0076	
nsga5k2x	WMET	62984	82	0.0080	0.5855	0.4734	0.0063	
nsga5k2x	WMET	62827	63	0.0080	0.6748	0.4699	0.0087	
nsga5k2x	WMET	61222	84	0.0000	0.6219	0.4709	0.0062	
nsga5k2x	WMET	60873	79	0.0080	0.6914	0.4652	0.0067	
nsga5k2x	WMET	60956	71	0.0000	0.6649	0.4631	0.0063	
nsga5k2x	WMET	60786	69	0.0000	0.5597	0.4640	0.0066	
nsga5k2x	WMET	60547	87	0.0160	0.5811	0.4709	0.0053	
nsga5k2x	WMET	60394	73	0.0240	0.6735	0.4755	0.0065	
nsga5k2x	WMET	60955	78	0.0240	0.6172	0.4824	0.0054	
nsga5k2x	WMET	60874	82	0.0000	0.6559	0.4568	0.0079	
nsga5k2x	WMET	60851	69	0.0080	0.5774	0.4776	0.0055	
nsga5k2x	WMET	60844	67	0.0080	0.7219	0.4649	0.0070	
nsga5k2x	WMET	60576	70	0.0240	0.5750	0.4673	0.0061	
nsga5k2x	WMET	60780	65	0.0160	0.6265	0.4766	0.0063	
nsga5k2x	WMET	60630	69	0.0320	0.5639	0.4723	0.0063	
nsga5k2x	WMET	60657	73	0.0080	0.5971	0.4801	0.0052	
nsga5k2x	WMET	60884	82	0.0160	0.5601	0.4688	0.0053	
nsga5k2x	WMET	60661	66	0.0560	0.6585	0.4853	0.0057	
nsga5k2x	WMET	60557	62	0.0480	0.6041	0.4867	0.0065	
nsga5k2x	WMET	60870	80	0.0320	0.5574	0.4705	0.0059	
nsga5k2x	WMET	61047	73	0.0480	0.5667	0.4736	0.0065	
nsga5k2x	WMET	61068	63	0.0240	0.5863	0.4745	0.0070	
nsga5k2x	WMET	60756	70	0.0080	0.6329	0.4763	0.0064	
nsga5k2x	WMET	60803	76	0.0400	0.6055	0.4782	0.0063	
nsga5k2x	WMET	60688	81	0.0240	0.5568	0.4786	0.0052	
nsga5k2x	WMET	60493	60	0.0320	0.5702	0.4752	0.0066	
nsga5k2x	WMET	60968	71	0.0240	0.6634	0.4697	0.0068	
nsga5k2x	WMET	60568	73	0.0080	0.5930	0.4731	0.0060	
nsga5k2x	WMET	60969	84	0.0160	0.5570	0.4713	0.0055	
nsga5k2x	WMET	60785	80	0.0400	0.5723	0.4740	0.0055	
nsga5k2x	WMET	61325	81	0.0080	0.6642	0.4635	0.0061	
nsga5k2x	WMET	61137	71	0.0160	0.5596	0.4708	0.0064	
nsga5k2x	WMET	60574	71	0.0080	0.6245	0.4691	0.0062	
nsga5k2x	WMET	60890	70	0.0080	0.6206	0.4612	0.0070	
nsga5k2x	WMET	60606	72	0.0240	0.6716	0.4728	0.0064	
nsga5k2x	WMET	61187	74	0.0000	0.6310	0.4671	0.0063	
nsga5k2x	WMET	60827	77	0.0000	0.7984	0.4576	0.0081	
nsga5k2x	WMET	60662	69	0.0080	0.5603	0.4702	0.0059	
nsga10k2x	ACAD	91340	66	0.0071	0.6432	0.4986	0.0078	
nsga10k2x	ACAD	83171	62	0.0496	0.6118	0.4860	0.0079	
nsga10k2x	ACAD	83323	75	0.0142	0.6449	0.4978	0.0079	
nsga10k2x	ACAD	82820	80	0.0213	0.5866	0.4793	0.0069	
nsga10k2x	ACAD	82782	72	0.0355	0.6902	0.4862	0.0092	
nsga10k2x	ACAD	82923	68	0.0213	0.6643	0.4893	0.0084	
nsga10k2x	ACAD	82369	69	0.0213	0.5886	0.4922	0.0071	
nsga10k2x	ACAD	81972	67	0.0071	0.6601	0.4832	0.0077	
nsga10k2x	ACAD	82044	63	0.0000	0.6645	0.4891	0.0065	
nsga10k2x	ACAD	83637	79	0.0213	0.6343	0.4977	0.0056	
nsga10k2x	ACAD	81938	75	0.0071	0.7256	0.4889	0.0092	
nsga10k2x	ACAD	81325	66	0.0071	0.6336	0.4934	0.0063	
nsga10k2x	ACAD	81068	71	0.0284	0.7375	0.5018	0.0104	
nsga10k2x	ACAD	81087	70	0.0142	0.6934	0.4963	0.0073	
nsga10k2x	ACAD	80520	74	0.0000	0.6968	0.4834	0.0085	
nsga10k2x	ACAD	81295	69	0.0071	0.5897	0.4951	0.0072	
nsga10k2x	ACAD	80707	75	0.0213	0.5744	0.4777	0.0077	
nsga10k2x	ACAD	81850	69	0.0355	0.6460	0.5143	0.0060	
nsga10k2x	ACAD	80791	73	0.0780	0.7241	0.5062	0.0055	
nsga10k2x	ACAD	81357	69	0.0142	0.7533	0.4921	0.0079	
nsga10k2x	ACAD	81061	63	0.0638	0.6145	0.5098	0.0063	
nsga10k2x	ACAD	80820	70	0.0355	0.6559	0.4783	0.0092	
nsga10k2x	ACAD	81839	76	0.0000	0.6309	0.4644	0.0087	
nsga10k2x	ACAD	80874	69	0.0213	0.6140	0.4936	0.0100	
nsga10k2x	ACAD	81812	68	0.0071	0.5539	0.4926	0.0071	
nsga10k2x	ACAD	80790	75	0.0213	0.6688	0.4781	0.0073	
nsga10k2x	ACAD	80757	63	0.0213	0.7101	0.4981	0.0077	
nsga10k2x	ACAD	81112	64	0.0142	0.6938	0.4834	0.0098	
nsga10k2x	ACAD	81413	70	0.0071	0.6925	0.4628	0.0095	
nsga10k2x	ACAD	81720	70	0.0213	0.7183	0.4975	0.0085	
nsga10k2x	ACAD	80990	68	0.0496	0.7030	0.4982	0.0074	
nsga10k2x	ACAD	81574	58	0.0284	0.6709	0.4937	0.0095	
nsga10k2x	ACAD	80622	76	0.0071	0.6583	0.4815	0.0077	
nsga10k2x	ACAD	81115	65	0.0284	0.7220	0.4997	0.0068	
nsga10k2x	ACAD	80970	71	0.0284	0.5427	0.4995	0.0066	
nsga10k2x	ACAD	81065	73	0.0284	0.6355	0.4799	0.0085	
nsga10k2x	ACAD	81308	79	0.0142	0.7096	0.4925	0.0093	
nsga10k2x	ACAD	81181	73	0.0142	0.7335	0.4872	0.0085	
nsga10k2x	ACAD	80812	71	0.0142	0.7943	0.4917	0.0106	
nsga10k2x	ACAD	81344	63	0.0213	0.7768	0.4978	0.0090	
nsga10k2x	ACAD	81626	59	0.0426	0.6176	0.5045	0.0080	
nsga10k2x	ACAD	81347	80	0.0000	0.5543	0.4753	0.0073	
nsga10k2x	ACAD	81689	68	0.0142	0.7302	0.4927	0.0079	
nsga10k2x	ACAD	81725	65	0.0142	0.6228	0.4874	0.0069	
nsga10k2x	ACAD	81205	80	0.0071	0.6433	0.4850	0.0077	
nsga10k2x	ACAD	81139	72	0.0071	0.6156	0.4877	0.0088	
nsga10k2x	ACAD	80578	77	0.0071	0.6579	0.4763	0.0082	
nsga10k2x	ACAD	81313	58	0.0284	0.8667	0.5053	0.0138	
nsga10k2x	ACAD	81010	67	0.0142	0.6982	0.4858	0.0090	
nsga10k2x	ACAD	80977	75	0.0071	0.6276	0.4738	0.0082	
nsga10k2x	OMET	470764	86	0.0373	0.6753	0.4906	0.0043	
nsga10k2x	OMET	496261	85	0.0000	0.6979	0.4860	0.0050	
nsga10k2x	OMET	495918	81	0.0149	0.6822	0.4883	0.0047	
nsga10k2x	OMET	498042	92	0.0149	0.6620	0.4891	0.0046	
nsga10k2x	OMET	495607	78	0.0149	0.6512	0.4827	0.0054	
nsga10k2x	OMET	494382	69	0.0448	0.7221	0.4978	0.0054	
nsga10k2x	OMET	493801	69	0.0075	0.6255	0.4847	0.0052	
nsga10k2x	OMET	492562	77	0.0149	0.6515	0.4797	0.0057	
nsga10k2x	OMET	493629	85	0.0448	0.5769	0.4915	0.0047	
nsga10k2x	OMET	494390	84	0.0075	0.6466	0.4798	0.0047	
nsga10k2x	OMET	495878	83	0.0075	0.5925	0.4763	0.0060	
nsga10k2x	OMET	494266	85	0.0000	0.6266	0.4813	0.0055	
nsga10k2x	OMET	494681	89	0.0000	0.6247	0.4822	0.0046	
nsga10k2x	OMET	502938	75	0.0224	0.6065	0.4927	0.0042	
nsga10k2x	OMET	503280	78	0.0299	0.6359	0.4897	0.0047	
nsga10k2x	OMET	504101	87	0.0149	0.5905	0.4881	0.0044	
nsga10k2x	OMET	503719	83	0.0075	0.7095	0.4805	0.0063	
nsga10k2x	OMET	502856	84	0.0299	0.6410	0.4846	0.0044	
nsga10k2x	OMET	505187	87	0.0149	0.6341	0.4814	0.0051	
nsga10k2x	OMET	501643	82	0.0075	0.6320	0.4824	0.0050	
nsga10k2x	OMET	503871	91	0.0000	0.6369	0.4836	0.0046	
nsga10k2x	OMET	474344	74	0.0299	0.5849	0.4930	0.0044	
nsga10k2x	OMET	336205	68	0.0224	0.5570	0.4853	0.0054	
nsga10k2x	OMET	325356	93	0.0075	0.5946	0.4879	0.0043	
nsga10k2x	OMET	326453	70	0.0224	0.6019	0.4868	0.0050	
nsga10k2x	OMET	324927	74	0.0597	0.6827	0.4914	0.0049	
nsga10k2x	OMET	325800	84	0.0224	0.5677	0.4852	0.0043	
nsga10k2x	OMET	325517	76	0.0149	0.6481	0.4814	0.0050	
nsga10k2x	OMET	327306	92	0.0075	0.6474	0.4844	0.0044	
nsga10k2x	OMET	326992	90	0.0149	0.6484	0.4854	0.0050	
nsga10k2x	OMET	326272	79	0.0299	0.5455	0.4905	0.0050	
nsga10k2x	OMET	326257	87	0.0149	0.6835	0.4791	0.0050	
nsga10k2x	OMET	326945	80	0.0224	0.6287	0.4893	0.0044	
nsga10k2x	OMET	325332	77	0.0224	0.5708	0.4908	0.0048	
nsga10k2x	OMET	326730	95	0.0000	0.5902	0.4865	0.0043	
nsga10k2x	OMET	326697	78	0.0224	0.6614	0.4926	0.0043	
nsga10k2x	OMET	353979	79	0.0448	0.5943	0.5014	0.0038	
nsga10k2x	OMET	332930	83	0.0373	0.6513	0.4963	0.0041	
nsga10k2x	OMET	326624	95	0.0149	0.6554	0.4780	0.0054	
nsga10k2x	OMET	326385	70	0.0224	0.6239	0.4914	0.0052	
nsga10k2x	OMET	325903	83	0.0373	0.7334	0.4752	0.0053	
nsga10k2x	OMET	326652	87	0.0149	0.6160	0.4883	0.0039	
nsga10k2x	OMET	326438	83	0.0597	0.6236	0.4963	0.0039	
nsga10k2x	OMET	326016	89	0.0224	0.6973	0.4800	0.0047	
nsga10k2x	OMET	326844	79	0.0075	0.6429	0.4860	0.0053	
nsga10k2x	OMET	327647	78	0.0149	0.6284	0.4769	0.0058	
nsga10k2x	OMET	326533	81	0.0149	0.6116	0.4813	0.0050	
nsga10k2x	OMET	328330	77	0.0224	0.6686	0.4905	0.0046	
nsga10k2x	OMET	326468	80	0.0149	0.6167	0.4866	0.0050	
nsga10k2x	OMET	328477	74	0.0224	0.5995	0.4906	0.0046	
nsga10k2x	PARM	626314	60	0.0000	0.6576	0.5663	0.0086	
nsga10k2x	PARM	611315	46	0.0102	0.6336	0.5701	0.0090	
nsga10k2x	PARM	600406	54	0.0000	0.7343	0.5530	0.0096	
nsga10k2x	PARM	600334	43	0.0102	0.7054	0.5588	0.0098	
nsga10k2x	PARM	602076	45	0.0102	0.7140	0.5726	0.0095	
nsga10k2x	PARM	603472	56	0.0204	0.7071	0.5608	0.0091	
nsga10k2x	PARM	599125	44	0.0204	0.7375	0.5536	0.0095	
nsga10k2x	PARM	588912	53	0.0102	0.6447	0.5504	0.0097	
nsga10k2x	PARM	586036	52	0.0408	0.7199	0.5666	0.0091	
nsga10k2x	PARM	582968	59	0.0204	0.6416	0.5580	0.0093	
nsga10k2x	PARM	584731	35	0.0510	0.6319	0.5863	0.0084	
nsga10k2x	PARM	584273	49	0.0204	0.6882	0.5743	0.0082	
nsga10k2x	PARM	585247	47	0.0204	0.6708	0.5685	0.0086	
nsga10k2x	PARM	585656	52	0.0102	0.6622	0.5606	0.0085	
nsga10k2x	PARM	583729	46	0.0408	0.6227	0.5734	0.0082	
nsga10k2x	PARM	584672	54	0.0102	0.7188	0.5634	0.0091	
nsga10k2x	PARM	585053	61	0.0102	0.7681	0.5445	0.0096	
nsga10k2x	PARM	585447	51	0.0000	0.6925	0.5480	0.0083	
nsga10k2x	PARM	580670	51	0.0306	0.6673	0.5632	0.0089	
nsga10k2x	PARM	581207	48	0.0102	0.7185	0.5792	0.0090	
nsga10k2x	PARM	580894	48	0.0204	0.7154	0.5730	0.0091	
nsga10k2x	PARM	580835	51	0.0306	0.6462	0.5882	0.0068	
nsga10k2x	PARM	581164	51	0.0102	0.6197	0.5623	0.0084	
nsga10k2x	PARM	579631	46	0.0306	0.6233	0.5567	0.0082	
nsga10k2x	PARM	580671	59	0.0102	0.6391	0.5624	0.0091	
nsga10k2x	PARM	460641	45	0.0408	0.6730	0.5556	0.0088	
nsga10k2x	PARM	374605	60	0.0204	0.7063	0.5619	0.0083	
nsga10k2x	PARM	374194	46	0.0306	0.7284	0.5723	0.0080	
nsga10k2x	PARM	375134	55	0.0510	0.7222	0.5910	0.0080	
nsga10k2x	PARM	374453	43	0.0408	0.7783	0.5712	0.0076	
nsga10k2x	PARM	374721	57	0.0102	0.6545	0.5591	0.0085	
nsga10k2x	PARM	374089	45	0.0306	0.8006	0.5492	0.0097	
nsga10k2x	PARM	374619	54	0.0000	0.7151	0.5621	0.0088	
nsga10k2x	PARM	375086	56	0.0000	0.7218	0.5672	0.0096	
nsga10k2x	PARM	375620	58	0.0102	0.6827	0.5674	0.0086	
nsga10k2x	PARM	374697	45	0.0408	0.6662	0.5961	0.0069	
nsga10k2x	PARM	375686	58	0.0204	0.8071	0.5700	0.0086	
nsga10k2x	PARM	374546	51	0.0102	0.5826	0.5680	0.0094	
nsga10k2x	PARM	410585	50	0.0102	0.7064	0.5523	0.0093	
nsga10k2x	PARM	375091	45	0.0306	0.6877	0.5828	0.0086	
nsga10k2x	PARM	375854	52	0.0612	0.6973	0.5785	0.0089	
nsga10k2x	PARM	374436	50	0.0204	0.6855	0.5667	0.0090	
nsga10k2x	PARM	374266	46	0.0102	0.7064	0.5555	0.0083	
nsga10k2x	PARM	374519	50	0.0306	0.7225	0.5736	0.0082	
nsga10k2x	PARM	374349	53	0.0000	0.7785	0.5570	0.0082	
nsga10k2x	PARM	374290	54	0.0102	0.6394	0.5492	0.0096	
nsga10k2x	PARM	374609	55	0.0306	0.7032	0.5604	0.0093	
nsga10k2x	PARM	373441	53	0.0306	0.7222	0.5637	0.0085	
nsga10k2x	PARM	374018	69	0.0000	0.7078	0.5496	0.0090	
nsga10k2x	PARM	363883	43	0.0102	0.6578	0.5803	0.0093	
nsga10k2x	PSOA	291279	77	0.0000	0.6060	0.4052	0.0080	
nsga10k2x	PSOA	244554	65	0.0290	0.6666	0.4192	0.0123	
nsga10k2x	PSOA	194932	74	0.0217	0.6482	0.4154	0.0098	
nsga10k2x	PSOA	194570	78	0.0217	0.5577	0.4085	0.0089	
nsga10k2x	PSOA	195280	69	0.0000	0.6367	0.4127	0.0119	
nsga10k2x	PSOA	193293	62	0.0362	0.9730	0.4272	0.0448	
nsga10k2x	PSOA	194075	80	0.0217	0.6432	0.4070	0.0103	
nsga10k2x	PSOA	194524	71	0.0072	0.6183	0.3957	0.0106	
nsga10k2x	PSOA	194859	72	0.0362	0.5956	0.4213	0.0075	
nsga10k2x	PSOA	194721	70	0.0435	0.6169	0.4246	0.0109	
nsga10k2x	PSOA	193327	77	0.0000	0.5792	0.3804	0.0113	
nsga10k2x	PSOA	194282	72	0.0000	0.6050	0.3976	0.0092	
nsga10k2x	PSOA	194632	68	0.0145	0.6520	0.4032	0.0095	
nsga10k2x	PSOA	193994	79	0.0145	0.6997	0.4049	0.0100	
nsga10k2x	PSOA	194290	75	0.0217	0.6667	0.4154	0.0089	
nsga10k2x	PSOA	193480	66	0.0290	0.7181	0.4035	0.0121	
nsga10k2x	PSOA	194518	65	0.0290	0.6420	0.4264	0.0087	
nsga10k2x	PSOA	194840	73	0.0072	0.6924	0.4039	0.0134	
nsga10k2x	PSOA	193917	66	0.0435	0.5480	0.4284	0.0064	
nsga10k2x	PSOA	193513	57	0.0435	0.6146	0.4295	0.0076	
nsga10k2x	PSOA	194205	67	0.0362	0.6549	0.4150	0.0105	
nsga10k2x	PSOA	195084	69	0.0145	0.6500	0.4037	0.0093	
nsga10k2x	PSOA	194072	61	0.0435	0.7247	0.4352	0.0110	
nsga10k2x	PSOA	193701	93	0.0072	0.6082	0.3900	0.0092	
nsga10k2x	PSOA	194032	84	0.0072	0.7477	0.4018	0.0109	
nsga10k2x	PSOA	193537	64	0.0290	0.6624	0.4182	0.0097	
nsga10k2x	PSOA	194564	74	0.0145	0.6588	0.4042	0.0097	
nsga10k2x	PSOA	194247	64	0.0072	0.6217	0.4116	0.0100	
nsga10k2x	PSOA	193317	63	0.0217	0.6281	0.4144	0.0116	
nsga10k2x	PSOA	194335	72	0.0217	0.6158	0.4140	0.0080	
nsga10k2x	PSOA	193554	66	0.0362	0.6873	0.4259	0.0096	
nsga10k2x	PSOA	194196	60	0.0217	0.6222	0.4015	0.0115	
nsga10k2x	PSOA	195227	78	0.0072	0.6574	0.4044	0.0092	
nsga10k2x	PSOA	194732	67	0.0145	0.7117	0.4136	0.0094	
nsga10k2x	PSOA	193979	72	0.0290	0.6407	0.4247	0.0088	
nsga10k2x	PSOA	193417	82	0.0145	0.5667	0.4074	0.0097	
nsga10k2x	PSOA	192644	73	0.0072	0.6141	0.3968	0.0115	
nsga10k2x	PSOA	193584	71	0.0072	0.6620	0.4093	0.0097	
nsga10k2x	PSOA	194450	62	0.0217	0.6464	0.4160	0.0101	
nsga10k2x	PSOA	194974	70	0.0072	0.6622	0.4136	0.0105	
nsga10k2x	PSOA	194674	60	0.0217	0.7693	0.4174	0.0130	
nsga10k2x	PSOA	194712	70	0.0145	0.6387	0.4111	0.0111	
nsga10k2x	PSOA	193210	72	0.0072	0.7258	0.4138	0.0094	
nsga10k2x	PSOA	194334	72	0.0362	0.7208	0.4267	0.0089	
nsga10k2x	PSOA	193403	79	0.0145	0.7657	0.4187	0.0120	
nsga10k2x	PSOA	193141	74	0.0217	0.5827	0.4045	0.0102	
nsga10k2x	PSOA	194745	74	0.0145	0.6040	0.4196	0.0079	
nsga10k2x	PSOA	194297	66	0.0435	0.6532	0.4270	0.0124	
nsga10k2x	PSOA	193768	74	0.0145	0.6821	0.4134	0.0091	
nsga10k2x	PSOA	193998	69	0.0217	0.6562	0.4088	0.0087	
nsga10k2x	WAMS	224753	99	0.0147	0.6076	0.5288	0.0034	
nsga10k2x	WAMS	223615	117	0.0098	0.6321	0.5270	0.0030	
nsga10k2x	WAMS	221280	106	0.0000	0.5799	0.5300	0.0033	
nsga10k2x	WAMS	221656	118	0.0147	0.6197	0.5336	0.0026	
nsga10k2x	WAMS	215971	113	0.0245	0.6239	0.5373	0.0027	
nsga10k2x	WAMS	214518	110	0.0147	0.6472	0.5315	0.0030	
nsga10k2x	WAMS	212354	120	0.0441	0.6029	0.5272	0.0028	
nsga10k2x	WAMS	214541	101	0.0294	0.6725	0.5325	0.0032	
nsga10k2x	WAMS	214553	120	0.0049	0.6073	0.5246	0.0031	
nsga10k2x	WAMS	215394	116	0.0245	0.6263	0.5343	0.0026	
nsga10k2x	WAMS	215081	119	0.0147	0.6161	0.5300	0.0030	
nsga10k2x	WAMS	214196	109	0.0441	0.6518	0.5344	0.0030	
nsga10k2x	WAMS	214112	117	0.0098	0.6533	0.5273	0.0030	
nsga10k2x	WAMS	212900	93	0.0196	0.6659	0.5281	0.0034	
nsga10k2x	WAMS	215014	116	0.0196	0.6076	0.5292	0.0029	
nsga10k2x	WAMS	213826	106	0.0098	0.6320	0.5274	0.0028	
nsga10k2x	WAMS	213454	97	0.0098	0.5958	0.5281	0.0033	
nsga10k2x	WAMS	214347	109	0.0196	0.5730	0.5355	0.0025	
nsga10k2x	WAMS	213416	99	0.0294	0.6514	0.5275	0.0026	
nsga10k2x	WAMS	213542	106	0.0147	0.6169	0.5272	0.0030	
nsga10k2x	WAMS	212707	90	0.0245	0.6102	0.5294	0.0033	
nsga10k2x	WAMS	208248	97	0.0049	0.6550	0.5281	0.0030	
nsga10k2x	WAMS	208569	116	0.0098	0.6397	0.5272	0.0032	
nsga10k2x	WAMS	207489	106	0.0294	0.6263	0.5323	0.0032	
nsga10k2x	WAMS	208018	111	0.0000	0.6720	0.5250	0.0029	
nsga10k2x	WAMS	208354	106	0.0196	0.6409	0.5299	0.0030	
nsga10k2x	WAMS	208259	100	0.0049	0.5961	0.5239	0.0034	
nsga10k2x	WAMS	208399	86	0.0245	0.6601	0.5296	0.0033	
nsga10k2x	WAMS	208436	105	0.0343	0.6130	0.5287	0.0031	
nsga10k2x	WAMS	208756	110	0.0147	0.6395	0.5340	0.0027	
nsga10k2x	WAMS	208944	101	0.0441	0.6229	0.5308	0.0029	
nsga10k2x	WAMS	207551	118	0.0245	0.6197	0.5316	0.0031	
nsga10k2x	WAMS	208863	114	0.0098	0.6305	0.5179	0.0033	
nsga10k2x	WAMS	207176	100	0.0196	0.6586	0.5287	0.0035	
nsga10k2x	WAMS	209330	117	0.0196	0.6087	0.5311	0.0029	
nsga10k2x	WAMS	208276	114	0.0245	0.5792	0.5344	0.0026	
nsga10k2x	WAMS	206959	113	0.0294	0.6741	0.5299	0.0030	
nsga10k2x	WAMS	206971	110	0.0098	0.6504	0.5319	0.0027	
nsga10k2x	WAMS	208233	104	0.0196	0.6309	0.5306	0.0033	
nsga10k2x	WAMS	208425	111	0.0147	0.6847	0.5287	0.0032	
nsga10k2x	WAMS	207303	106	0.0343	0.6605	0.5318	0.0032	
nsga10k2x	WAMS	208676	111	0.0147	0.6253	0.5219	0.0037	
nsga10k2x	WAMS	208353	100	0.0147	0.6383	0.5267	0.0031	
nsga10k2x	WAMS	207309	101	0.0196	0.6345	0.5321	0.0032	
nsga10k2x	WAMS	207786	93	0.0392	0.6355	0.5372	0.0026	
nsga10k2x	WAMS	208204	102	0.0539	0.6040	0.5320	0.0030	
nsga10k2x	WAMS	208851	120	0.0196	0.5868	0.5302	0.0027	
nsga10k2x	WAMS	206681	100	0.0343	0.6552	0.5334	0.0032	
nsga10k2x	WAMS	207488	117	0.0049	0.5731	0.5169	0.0039	
nsga10k2x	WAMS	207454	99	0.0098	0.6081	0.5249	0.0034	
nsga10k2x	WMET	89689	88	0.0109	0.5713	0.5037	0.0033	
nsga10k2x	WMET	90343	88	0.0109	0.5623	0.5006	0.0042	
nsga10k2x	WMET	90903	83	0.0163	0.6615	0.5052	0.0047	
nsga10k2x	WMET	90295	88	0.0000	0.6016	0.4954	0.0057	
nsga10k2x	WMET	90804	88	0.0109	0.5900	0.5024	0.0043	
nsga10k2x	WMET	91256	85	0.0272	0.6318	0.5076	0.0038	
nsga10k2x	WMET	90799	88	0.0054	0.5924	0.4997	0.0042	
nsga10k2x	WMET	90559	82	0.0272	0.5222	0.5071	0.0044	
nsga10k2x	WMET	90192	82	0.0217	0.6062	0.5064	0.0039	
nsga10k2x	WMET	90833	88	0.0163	0.5190	0.5036	0.0039	
nsga10k2x	WMET	91233	88	0.0326	0.5485	0.5129	0.0035	
nsga10k2x	WMET	90604	85	0.0109	0.5781	0.5009	0.0044	
nsga10k2x	WMET	90692	86	0.0109	0.5805	0.5008	0.0039	
nsga10k2x	WMET	90254	88	0.0163	0.6326	0.5011	0.0044	
nsga10k2x	WMET	90565	88	0.0380	0.6411	0.5086	0.0039	
nsga10k2x	WMET	90186	88	0.0489	0.4964	0.5100	0.0036	
nsga10k2x	WMET	90116	83	0.0272	0.6169	0.5119	0.0034	
nsga10k2x	WMET	90321	88	0.0054	0.5505	0.4923	0.0048	
nsga10k2x	WMET	90507	88	0.0109	0.6039	0.5026	0.0048	
nsga10k2x	WMET	90289	84	0.0163	0.6430	0.5016	0.0043	
nsga10k2x	WMET	90278	88	0.0163	0.5813	0.5030	0.0044	
nsga10k2x	WMET	90589	86	0.0163	0.5068	0.5034	0.0044	
nsga10k2x	WMET	90294	86	0.0109	0.6811	0.4990	0.0047	
nsga10k2x	WMET	90546	88	0.0217	0.5971	0.5004	0.0048	
nsga10k2x	WMET	90352	88	0.0054	0.6311	0.4916	0.0051	
nsga10k2x	WMET	90110	87	0.0109	0.5627	0.5019	0.0047	
nsga10k2x	WMET	90030	86	0.0435	0.6352	0.5093	0.0037	
nsga10k2x	WMET	90666	87	0.0380	0.5542	0.5126	0.0036	
nsga10k2x	WMET	90572	86	0.0217	0.6221	0.5033	0.0038	
nsga10k2x	WMET	90850	88	0.0109	0.5810	0.5005	0.0041	
nsga10k2x	WMET	90123	87	0.0000	0.6165	0.5022	0.0041	
nsga10k2x	WMET	90276	86	0.0380	0.6362	0.5071	0.0039	
nsga10k2x	WMET	90761	82	0.0380	0.6207	0.5114	0.0040	
nsga10k2x	WMET	90367	88	0.0326	0.5852	0.5074	0.0037	
nsga10k2x	WMET	90498	88	0.0109	0.5675	0.4998	0.0044	
nsga10k2x	WMET	90689	88	0.0109	0.7008	0.5055	0.0059	
nsga10k2x	WMET	90189	88	0.0109	0.6014	0.4987	0.0047	
nsga10k2x	WMET	90366	88	0.0380	0.5764	0.5114	0.0033	
nsga10k2x	WMET	89970	87	0.0109	0.6021	0.4964	0.0050	
nsga10k2x	WMET	90099	81	0.0217	0.5859	0.5056	0.0036	
nsga10k2x	WMET	90332	88	0.0326	0.5701	0.5082	0.0042	
nsga10k2x	WMET	90404	88	0.0054	0.6034	0.5023	0.0041	
nsga10k2x	WMET	90467	88	0.0272	0.5822	0.5046	0.0044	
nsga10k2x	WMET	90080	87	0.0326	0.5744	0.5083	0.0039	
nsga10k2x	WMET	89725	88	0.0109	0.6881	0.4978	0.0067	
nsga10k2x	WMET	90757	88	0.0380	0.4745	0.5053	0.0036	
nsga10k2x	WMET	90677	88	0.0326	0.5972	0.5119	0.0036	
nsga10k2x	WMET	81143	88	0.0109	0.5846	0.5051	0.0051	
nsga10k2x	WMET	72498	87	0.0217	0.6402	0.5059	0.0038	
nsga10k2x	WMET	72361	88	0.0163	0.5400	0.5002	0.0042	
nsga20k2x	ACAD	212970	80	0.0396	0.5643	0.4781	0.0044	
nsga20k2x	ACAD	210256	80	0.0149	0.6356	0.4755	0.0062	
nsga20k2x	ACAD	213658	80	0.0099	0.5607	0.4743	0.0049	
nsga20k2x	ACAD	214173	80	0.0248	0.6082	0.4659	0.0065	
nsga20k2x	ACAD	213076	80	0.0149	0.5259	0.4662	0.0057	
nsga20k2x	ACAD	216530	79	0.0050	0.5908	0.4710	0.0043	
nsga20k2x	ACAD	217762	79	0.0099	0.5883	0.4665	0.0067	
nsga20k2x	ACAD	216892	78	0.0149	0.5090	0.4642	0.0055	
nsga20k2x	ACAD	220355	78	0.0050	0.5731	0.4679	0.0055	
nsga20k2x	ACAD	218038	79	0.0495	0.6943	0.4781	0.0051	
nsga20k2x	ACAD	204616	80	0.0050	0.5789	0.4652	0.0060	
nsga20k2x	ACAD	170240	80	0.0198	0.4781	0.4722	0.0052	
nsga20k2x	ACAD	170329	80	0.0198	0.5828	0.4683	0.0071	
nsga20k2x	ACAD	169972	80	0.0099	0.6523	0.4673	0.0051	
nsga20k2x	ACAD	170491	80	0.0248	0.5755	0.4754	0.0047	
nsga20k2x	ACAD	171524	77	0.0149	0.5652	0.4752	0.0049	
nsga20k2x	ACAD	165022	78	0.0000	0.5673	0.4625	0.0053	
nsga20k2x	ACAD	164229	80	0.0099	0.5233	0.4678	0.0055	
nsga20k2x	ACAD	164816	77	0.0248	0.4817	0.4762	0.0053	
nsga20k2x	ACAD	163733	80	0.0198	0.5553	0.4694	0.0046	
nsga20k2x	ACAD	164082	80	0.0297	0.5539	0.4808	0.0054	
nsga20k2x	ACAD	165595	80	0.0198	0.5148	0.4771	0.0054	
nsga20k2x	ACAD	164660	78	0.0198	0.5329	0.4671	0.0045	
nsga20k2x	ACAD	164093	77	0.0248	0.5542	0.4849	0.0039	
nsga20k2x	ACAD	163287	78	0.0248	0.6748	0.4700	0.0051	
nsga20k2x	ACAD	165207	76	0.0099	0.7480	0.4682	0.0083	
nsga20k2x	ACAD	165473	80	0.0396	0.5619	0.4775	0.0043	
nsga20k2x	ACAD	165538	80	0.0198	0.7035	0.4712	0.0106	
nsga20k2x	ACAD	164240	80	0.0099	0.6811	0.4687	0.0072	
nsga20k2x	ACAD	164312	80	0.0198	0.5155	0.4752	0.0048	
nsga20k2x	ACAD	164936	77	0.0297	0.6239	0.4683	0.0060	
nsga20k2x	ACAD	163990	80	0.0099	0.5659	0.4641	0.0050	
nsga20k2x	ACAD	163759	80	0.0446	0.5763	0.4659	0.0048	
nsga20k2x	ACAD	164059	78	0.0248	0.5506	0.4750	0.0061	
nsga20k2x	ACAD	163912	76	0.0248	0.6522	0.4718	0.0052	
nsga20k2x	ACAD	165389	80	0.0446	0.5956	0.4861	0.0050	
nsga20k2x	ACAD	165162	73	0.0446	0.5972	0.4780	0.0052	
nsga20k2x	ACAD	165086	80	0.0198	0.6038	0.4701	0.0047	
nsga20k2x	ACAD	163995	80	0.0050	0.7062	0.4682	0.0062	
nsga20k2x	ACAD	166092	79	0.0050	0.5843	0.4632	0.0073	
nsga20k2x	ACAD	164797	80	0.0149	0.5357	0.4786	0.0041	
nsga20k2x	ACAD	164597	79	0.0347	0.6289	0.4727	0.0064	
nsga20k2x	ACAD	164117	80	0.0198	0.5106	0.4722	0.0055	
nsga20k2x	ACAD	163575	78	0.0099	0.6797	0.4694	0.0059	
nsga20k2x	ACAD	165738	80	0.0198	0.5181	0.4701	0.0048	
nsga20k2x	ACAD	163816	80	0.0347	0.4546	0.4744	0.0047	
nsga20k2x	ACAD	164055	80	0.0000	0.6404	0.4594	0.0069	
nsga20k2x	ACAD	164309	79	0.0347	0.5592	0.4711	0.0055	
nsga20k2x	ACAD	165608	78	0.0198	0.6600	0.4755	0.0067	
nsga20k2x	ACAD	164593	79	0.0050	0.7266	0.4590	0.0074	
nsga20k2x	OMET	964431	105	0.0341	0.6166	0.5293	0.0035	
nsga20k2x	OMET	990696	92	0.0511	0.6638	0.5355	0.0038	
nsga20k2x	OMET	991409	105	0.0227	0.6431	0.5286	0.0036	
nsga20k2x	OMET	987745	96	0.0057	0.6472	0.5306	0.0035	
nsga20k2x	OMET	988989	105	0.0114	0.6688	0.5317	0.0030	
nsga20k2x	OMET	991991	100	0.0170	0.6312	0.5309	0.0033	
nsga20k2x	OMET	987518	93	0.0114	0.5994	0.5349	0.0035	
nsga20k2x	OMET	982062	112	0.0170	0.6538	0.5404	0.0033	
nsga20k2x	OMET	988682	104	0.0170	0.6098	0.5344	0.0032	
nsga20k2x	OMET	989010	104	0.0170	0.6871	0.5303	0.0036	
nsga20k2x	OMET	988909	101	0.0227	0.6196	0.5320	0.0036	
nsga20k2x	OMET	985565	98	0.0227	0.6874	0.5379	0.0033	
nsga20k2x	OMET	994112	110	0.0284	0.6370	0.5348	0.0035	
nsga20k2x	OMET	987804	104	0.0284	0.6741	0.5365	0.0032	
nsga20k2x	OMET	990461	105	0.0341	0.6723	0.5358	0.0034	
nsga20k2x	OMET	987256	106	0.0227	0.6628	0.5339	0.0035	
nsga20k2x	OMET	994569	96	0.0284	0.6612	0.5358	0.0034	
nsga20k2x	OMET	985390	94	0.0227	0.6535	0.5378	0.0036	
nsga20k2x	OMET	991536	102	0.0170	0.6546	0.5288	0.0038	
nsga20k2x	OMET	988826	99	0.0170	0.6366	0.5359	0.0038	
nsga20k2x	OMET	984567	99	0.0114	0.6772	0.5238	0.0040	
nsga20k2x	OMET	986331	95	0.0284	0.6235	0.5250	0.0039	
nsga20k2x	OMET	988706	93	0.0511	0.5831	0.5422	0.0028	
nsga20k2x	OMET	993411	83	0.0284	0.7008	0.5405	0.0032	
nsga20k2x	OMET	991060	114	0.0114	0.6119	0.5281	0.0034	
nsga20k2x	OMET	992085	102	0.0170	0.6003	0.5337	0.0038	
nsga20k2x	OMET	991683	93	0.0341	0.5876	0.5394	0.0035	
nsga20k2x	OMET	987747	101	0.0284	0.5851	0.5362	0.0035	
nsga20k2x	OMET	985910	108	0.0114	0.5710	0.5289	0.0036	
nsga20k2x	OMET	990944	101	0.0170	0.5884	0.5276	0.0037	
nsga20k2x	OMET	990225	99	0.0170	0.6101	0.5300	0.0037	
nsga20k2x	OMET	988248	100	0.0057	0.6044	0.5271	0.0036	
nsga20k2x	OMET	988499	103	0.0114	0.6085	0.5287	0.0037	
nsga20k2x	OMET	988109	103	0.0114	0.5812	0.5355	0.0033	
nsga20k2x	OMET	982414	114	0.0114	0.6428	0.5237	0.0038	
nsga20k2x	OMET	984150	100	0.0284	0.5966	0.5344	0.0041	
nsga20k2x	OMET	1007074	99	0.0625	0.6736	0.5448	0.0030	
nsga20k2x	OMET	1010470	101	0.0170	0.6438	0.5268	0.0043	
nsga20k2x	OMET	995649	103	0.0114	0.6813	0.5338	0.0041	
nsga20k2x	OMET	993578	99	0.0341	0.6110	0.5354	0.0036	
nsga20k2x	OMET	986195	103	0.0057	0.5780	0.5269	0.0040	
nsga20k2x	OMET	991264	107	0.0114	0.6193	0.5364	0.0030	
nsga20k2x	OMET	986284	120	0.0057	0.6320	0.5256	0.0033	
nsga20k2x	OMET	991170	103	0.0170	0.6371	0.5257	0.0040	
nsga20k2x	OMET	987573	116	0.0114	0.6552	0.5339	0.0034	
nsga20k2x	OMET	990670	102	0.0227	0.5863	0.5296	0.0039	
nsga20k2x	OMET	987391	110	0.0057	0.6036	0.5325	0.0038	
nsga20k2x	OMET	990140	97	0.0114	0.6746	0.5278	0.0041	
nsga20k2x	OMET	964889	107	0.0000	0.6533	0.5267	0.0035	
nsga20k2x	OMET	801754	108	0.0114	0.6139	0.5300	0.0037	
nsga20k2x	PARM	1517243	54	0.0256	0.5635	0.4911	0.0066	
nsga20k2x	PARM	1364531	66	0.0085	0.6426	0.4868	0.0065	
nsga20k2x	PARM	1177578	57	0.0256	0.6306	0.4842	0.0069	
nsga20k2x	PARM	1167499	60	0.0171	0.6443	0.4811	0.0067	
nsga20k2x	PARM	1168696	57	0.0256	0.6644	0.4747	0.0081	
nsga20k2x	PARM	1170243	61	0.0342	0.6546	0.4837	0.0096	
nsga20k2x	PARM	1167769	70	0.0000	0.6477	0.4693	0.0081	
nsga20k2x	PARM	1184511	66	0.0427	0.6327	0.4937	0.0065	
nsga20k2x	PARM	1206266	68	0.0256	0.6578	0.4806	0.0071	
nsga20k2x	PARM	1204306	56	0.0513	0.6820	0.5017	0.0058	
nsga20k2x	PARM	1204054	65	0.0256	0.6838	0.4937	0.0066	
nsga20k2x	PARM	1204687	66	0.0085	0.6660	0.4803	0.0072	
nsga20k2x	PARM	1205028	69	0.0171	0.7509	0.4832	0.0081	
nsga20k2x	PARM	1210119	73	0.0256	0.6885	0.4792	0.0066	
nsga20k2x	PARM	1205380	65	0.0513	0.6998	0.4825	0.0076	
nsga20k2x	PARM	1203648	75	0.0000	0.5972	0.4760	0.0068	
nsga20k2x	PARM	1208009	55	0.0171	0.7108	0.4855	0.0077	
nsga20k2x	PARM	1205016	70	0.0085	0.6435	0.4895	0.0060	
nsga20k2x	PARM	1203433	67	0.0000	0.5940	0.4837	0.0065	
nsga20k2x	PARM	1208012	59	0.0342	0.6098	0.4822	0.0059	
nsga20k2x	PARM	1205254	59	0.0085	0.6515	0.4814	0.0073	
nsga20k2x	PARM	1204726	69	0.0085	0.7798	0.4869	0.0080	
nsga20k2x	PARM	1208660	74	0.0000	0.7397	0.4761	0.0069	
nsga20k2x	PARM	1202238	61	0.0171	0.6549	0.4873	0.0060	
nsga20k2x	PARM	1205151	62	0.0000	0.6340	0.4749	0.0075	
nsga20k2x	PARM	1205990	60	0.0427	0.6872	0.4978	0.0061	
nsga20k2x	PARM	1207571	75	0.0000	0.5914	0.4662	0.0072	
nsga20k2x	PARM	1208556	72	0.0171	0.6626	0.4845	0.0066	
nsga20k2x	PARM	1205491	65	0.0085	0.6787	0.4849	0.0078	
nsga20k2x	PARM	1203100	60	0.0085	0.6731	0.4808	0.0079	
nsga20k2x	PARM	1205337	65	0.0256	0.6295	0.4871	0.0061	
nsga20k2x	PARM	1201789	68	0.0256	0.6851	0.4873	0.0061	
nsga20k2x	PARM	1206753	68	0.0085	0.6548	0.4739	0.0086	
nsga20k2x	PARM	1204155	63	0.0342	0.7178	0.4839	0.0085	
nsga20k2x	PARM	1202402	83	0.0171	0.6493	0.4787	0.0070	
nsga20k2x	PARM	1207090	64	0.0000	0.6169	0.4699	0.0072	
nsga20k2x	PARM	1206791	68	0.0085	0.7695	0.4962	0.0088	
nsga20k2x	PARM	1237314	64	0.0427	0.5791	0.4926	0.0070	
nsga20k2x	PARM	1206211	65	0.0171	0.7988	0.4812	0.0089	
nsga20k2x	PARM	1203843	66	0.0000	0.6910	0.4773	0.0074	
nsga20k2x	PARM	1208827	76	0.0085	0.6514	0.4702	0.0082	
nsga20k2x	PARM	1207782	65	0.0171	0.6284	0.4974	0.0062	
nsga20k2x	PARM	1202845	57	0.0342	0.6302	0.4931	0.0067	
nsga20k2x	PARM	1202944	63	0.0342	0.5828	0.4926	0.0057	
nsga20k2x	PARM	1203580	62	0.0427	0.7079	0.4896	0.0070	
nsga20k2x	PARM	1202486	72	0.0256	0.7106	0.4890	0.0068	
nsga20k2x	PARM	1204676	68	0.0171	0.6898	0.4740	0.0100	
nsga20k2x	PARM	1012124	54	0.0171	0.6157	0.4863	0.0065	
nsga20k2x	PARM	817937	82	0.0171	0.6340	0.4833	0.0068	
nsga20k2x	PARM	775500	49	0.0513	0.5787	0.5039	0.0062	
nsga20k2x	PSOA	804117	82	0.0110	0.5729	0.4371	0.0068	
nsga20k2x	PSOA	791966	91	0.0055	0.5990	0.4421	0.0059	
nsga20k2x	PSOA	803568	98	0.0165	0.8416	0.4450	0.0151	
nsga20k2x	PSOA	802089	96	0.0055	0.5927	0.4362	0.0061	
nsga20k2x	PSOA	800288	80	0.0055	0.5996	0.4286	0.0077	
nsga20k2x	PSOA	798646	94	0.0000	0.5913	0.4362	0.0062	
nsga20k2x	PSOA	799473	89	0.0055	0.7399	0.4406	0.0075	
nsga20k2x	PSOA	801187	89	0.0110	0.5784	0.4420	0.0058	
nsga20k2x	PSOA	801770	88	0.0275	0.7580	0.4446	0.0085	
nsga20k2x	PSOA	797180	98	0.0330	0.6016	0.4422	0.0059	
nsga20k2x	PSOA	801720	86	0.0440	0.6022	0.4505	0.0053	
nsga20k2x	PSOA	799475	81	0.0110	0.5390	0.4302	0.0065	
nsga20k2x	PSOA	800038	85	0.0220	0.6160	0.4450	0.0062	
nsga20k2x	PSOA	799332	95	0.0330	0.6222	0.4456	0.0062	
nsga20k2x	PSOA	801699	102	0.0440	0.6923	0.4559	0.0056	
nsga20k2x	PSOA	800232	86	0.0110	0.6918	0.4325	0.0087	
nsga20k2x	PSOA	801535	95	0.0220	0.6982	0.4443	0.0065	
nsga20k2x	PSOA	796009	98	0.0055	0.6041	0.4410	0.0062	
nsga20k2x	PSOA	794212	88	0.0330	0.5669	0.4471	0.0055	
nsga20k2x	PSOA	799052	92	0.0165	0.6031	0.4441	0.0059	
nsga20k2x	PSOA	798378	85	0.0165	0.5905	0.4445	0.0054	
nsga20k2x	PSOA	801270	78	0.0220	0.5903	0.4479	0.0062	
nsga20k2x	PSOA	797533	87	0.0275	0.6369	0.4455	0.0056	
nsga20k2x	PSOA	802354	98	0.0165	0.6311	0.4411	0.0057	
nsga20k2x	PSOA	797606	90	0.0000	0.6733	0.4408	0.0088	
nsga20k2x	PSOA	798068	100	0.0220	0.6919	0.4470	0.0058	
nsga20k2x	PSOA	796927	100	0.0165	0.7686	0.4405	0.0079	
nsga20k2x	PSOA	795738	106	0.0165	0.7354	0.4360	0.0081	
nsga20k2x	PSOA	792487	89	0.0385	0.6001	0.4479	0.0063	
nsga20k2x	PSOA	799741	97	0.0275	0.9037	0.4345	0.0167	
nsga20k2x	PSOA	803213	84	0.0385	0.5881	0.4420	0.0061	
nsga20k2x	PSOA	802095	91	0.0220	0.6296	0.4463	0.0058	
nsga20k2x	PSOA	799641	88	0.0385	0.6129	0.4483	0.0059	
nsga20k2x	PSOA	796678	88	0.0385	0.7084	0.4523	0.0069	
nsga20k2x	PSOA	802845	103	0.0275	0.6462	0.4500	0.0053	
nsga20k2x	PSOA	797401	80	0.0220	0.6250	0.4504	0.0058	
nsga20k2x	PSOA	799324	85	0.0220	0.8021	0.4426	0.0156	
nsga20k2x	PSOA	791388	103	0.0220	0.5751	0.4443	0.0067	
nsga20k2x	PSOA	796825	106	0.0055	0.6343	0.4370	0.0061	
nsga20k2x	PSOA	827262	85	0.0275	0.7322	0.4475	0.0085	
nsga20k2x	PSOA	822328	98	0.0055	0.6507	0.4463	0.0065	
nsga20k2x	PSOA	801184	85	0.0220	0.9805	0.4417	0.0286	
nsga20k2x	PSOA	924645	94	0.0000	0.6757	0.4369	0.0074	
nsga20k2x	PSOA	1071639	85	0.0659	0.6123	0.4503	0.0053	
nsga20k2x	PSOA	1081720	113	0.0055	0.6368	0.4359	0.0056	
nsga20k2x	PSOA	1078299	85	0.0440	0.6244	0.4504	0.0060	
nsga20k2x	PSOA	1080307	95	0.0055	0.6577	0.4362	0.0069	
nsga20k2x	PSOA	1036409	103	0.0165	0.5841	0.4376	0.0056	
nsga20k2x	PSOA	823689	92	0.0000	0.6588	0.4389	0.0051	
nsga20k2x	PSOA	798134	94	0.0055	0.5536	0.4323	0.0060	
nsga20k2x	WAMS	4676685	120	0.0095	0.4212	0.4937	0.0017	
nsga20k2x	WAMS	4142348	120	0.0095	0.4578	0.4931	0.0017	
nsga20k2x	WAMS	4296474	120	0.0427	0.4449	0.5001	0.0013	
nsga20k2x	WAMS	4303201	120	0.0237	0.4141	0.4912	0.0022	
nsga20k2x	WAMS	4320250	120	0.0237	0.4499	0.4952	0.0017	
nsga20k2x	WAMS	4308939	120	0.0190	0.4835	0.4957	0.0018	
nsga20k2x	WAMS	4330905	120	0.0071	0.4133	0.4900	0.0021	
nsga20k2x	WAMS	4312604	120	0.0142	0.4376	0.4926	0.0018	
nsga20k2x	WAMS	4323541	120	0.0142	0.4693	0.4949	0.0017	
nsga20k2x	WAMS	4299017	120	0.0118	0.4508	0.4941	0.0015	
nsga20k2x	WAMS	4347749	120	0.0213	0.3998	0.4972	0.0015	
nsga20k2x	WAMS	4315876	120	0.0213	0.4421	0.4965	0.0015	
nsga20k2x	WAMS	4326517	120	0.0379	0.4337	0.4960	0.0018	
nsga20k2x	WAMS	3221046	120	0.0261	0.4477	0.4970	0.0013	
nsga20k2x	WAMS	2804921	120	0.0213	0.4936	0.4968	0.0016	
nsga20k2x	WAMS	2794598	120	0.0308	0.4658	0.4974	0.0015	
nsga20k2x	WAMS	2791440	119	0.0332	0.4105	0.4953	0.0015	
nsga20k2x	WAMS	2812362	120	0.0213	0.4433	0.4935	0.0017	
nsga20k2x	WAMS	2807903	120	0.0166	0.4170	0.4953	0.0017	
nsga20k2x	WAMS	2805257	120	0.0142	0.4694	0.4923	0.0016	
nsga20k2x	WAMS	2802897	120	0.0166	0.4099	0.4946	0.0015	
nsga20k2x	WAMS	2803229	120	0.0427	0.4155	0.4998	0.0015	
nsga20k2x	WAMS	2796148	120	0.0166	0.3957	0.4967	0.0014	
nsga20k2x	WAMS	2811815	120	0.0213	0.4413	0.4935	0.0019	
nsga20k2x	WAMS	2797901	120	0.0261	0.4369	0.4960	0.0016	
nsga20k2x	WAMS	2848848	120	0.0071	0.4662	0.4938	0.0021	
nsga20k2x	WAMS	3602248	120	0.0213	0.4042	0.4952	0.0015	
nsga20k2x	WAMS	3465738	120	0.0095	0.5001	0.4932	0.0026	
nsga20k2x	WAMS	2208041	120	0.0142	0.3995	0.4956	0.0016	
nsga20k2x	WAMS	1511635	120	0.0545	0.4523	0.5004	0.0010	
nsga20k2x	WAMS	1517635	120	0.0190	0.4456	0.4973	0.0014	
nsga20k2x	WAMS	1516600	120	0.0213	0.4191	0.4965	0.0013	
nsga20k2x	WAMS	1518859	120	0.0166	0.4266	0.4924	0.0015	
nsga20k2x	WAMS	1525412	120	0.0095	0.4402	0.4941	0.0016	
nsga20k2x	WAMS	1524425	120	0.0190	0.3958	0.4950	0.0015	
nsga20k2x	WAMS	1527730	120	0.0071	0.4363	0.4904	0.0022	
nsga20k2x	WAMS	1523539	120	0.0142	0.4498	0.4918	0.0022	
nsga20k2x	WAMS	1521744	120	0.0118	0.4697	0.4949	0.0014	
nsga20k2x	WAMS	1518383	120	0.0237	0.4283	0.4971	0.0014	
nsga20k2x	WAMS	1519335	120	0.0071	0.4542	0.4907	0.0020	
nsga20k2x	WAMS	1520022	120	0.0308	0.4340	0.4971	0.0013	
nsga20k2x	WAMS	1518228	120	0.0308	0.4093	0.4984	0.0010	
nsga20k2x	WAMS	1521438	120	0.0095	0.4841	0.4928	0.0022	
nsga20k2x	WAMS	1520266	120	0.0403	0.4121	0.4992	0.0013	
nsga20k2x	WAMS	1517567	120	0.0190	0.4286	0.4945	0.0018	
nsga20k2x	WAMS	1519842	120	0.0095	0.4235	0.4917	0.0021	
nsga20k2x	WAMS	1519403	120	0.0142	0.4233	0.4948	0.0015	
nsga20k2x	WAMS	1527787	120	0.0047	0.5002	0.4902	0.0025	
nsga20k2x	WAMS	1517504	118	0.0284	0.4193	0.4934	0.0023	
nsga20k2x	WAMS	1528403	120	0.0142	0.4469	0.4934	0.0018	
nsga20k2x	WMET	74480	88	0.0148	0.6538	0.4706	0.0045	
nsga20k2x	WMET	72306	88	0.0148	0.5135	0.4690	0.0044	
nsga20k2x	WMET	71930	88	0.0000	0.5576	0.4701	0.0048	
nsga20k2x	WMET	71620	87	0.0000	0.5318	0.4596	0.0051	
nsga20k2x	WMET	71780	88	0.0074	0.5783	0.4669	0.0048	
nsga20k2x	WMET	72009	86	0.0148	0.5969	0.4696	0.0048	
nsga20k2x	WMET	72094	88	0.0296	0.5589	0.4743	0.0047	
nsga20k2x	WMET	71860	86	0.0074	0.4958	0.4614	0.0051	
nsga20k2x	WMET	71977	88	0.0074	0.5635	0.4762	0.0040	
nsga20k2x	WMET	72184	85	0.0074	0.5509	0.4679	0.0051	
nsga20k2x	WMET	71935	88	0.0370	0.6254	0.4754	0.0059	
nsga20k2x	WMET	72049	88	0.0296	0.5366	0.4708	0.0055	
nsga20k2x	WMET	71825	87	0.0222	0.5700	0.4751	0.0049	
nsga20k2x	WMET	71624	88	0.0148	0.5840	0.4739	0.0042	
nsga20k2x	WMET	71499	88	0.0000	0.6011	0.4599	0.0055	
nsga20k2x	WMET	71192	88	0.0222	0.5055	0.4696	0.0045	
nsga20k2x	WMET	71512	87	0.0222	0.5787	0.4700	0.0056	
nsga20k2x	WMET	71310	88	0.0074	0.5086	0.4643	0.0048	
nsga20k2x	WMET	71339	88	0.0222	0.5013	0.4716	0.0040	
nsga20k2x	WMET	71477	87	0.0000	0.6279	0.4651	0.0055	
nsga20k2x	WMET	71239	88	0.0074	0.5584	0.4655	0.0051	
nsga20k2x	WMET	71462	87	0.1259	0.6360	0.4886	0.0042	
nsga20k2x	WMET	71295	88	0.0296	0.5584	0.4721	0.0053	
nsga20k2x	WMET	71435	86	0.0593	0.5725	0.4792	0.0043	
nsga20k2x	WMET	71711	88	0.0148	0.5333	0.4691	0.0054	
nsga20k2x	WMET	71037	85	0.0148	0.5246	0.4732	0.0062	
nsga20k2x	WMET	71249	88	0.0296	0.5653	0.4751	0.0043	
nsga20k2x	WMET	71338	88	0.0074	0.5617	0.4656	0.0047	
nsga20k2x	WMET	71680	88	0.0444	0.5398	0.4775	0.0041	
nsga20k2x	WMET	71471	88	0.0148	0.6029	0.4726	0.0051	
nsga20k2x	WMET	71864	88	0.0074	0.4435	0.4638	0.0049	
nsga20k2x	WMET	71648	88	0.0074	0.4833	0.4703	0.0042	
nsga20k2x	WMET	71435	88	0.0963	0.6037	0.4841	0.0035	
nsga20k2x	WMET	71296	87	0.0222	0.5038	0.4715	0.0051	
nsga20k2x	WMET	71644	84	0.0148	0.5369	0.4746	0.0044	
nsga20k2x	WMET	71165	86	0.0000	0.5379	0.4594	0.0051	
nsga20k2x	WMET	71538	88	0.0074	0.5604	0.4635	0.0049	
nsga20k2x	WMET	71681	88	0.0074	0.4645	0.4660	0.0046	
nsga20k2x	WMET	71869	86	0.0222	0.5155	0.4734	0.0044	
nsga20k2x	WMET	71552	84	0.0148	0.4986	0.4713	0.0045	
nsga20k2x	WMET	71467	87	0.0000	0.4651	0.4616	0.0052	
nsga20k2x	WMET	71406	82	0.0222	0.5715	0.4764	0.0040	
nsga20k2x	WMET	71628	88	0.0000	0.5697	0.4653	0.0049	
nsga20k2x	WMET	71619	88	0.0370	0.4982	0.4818	0.0042	
nsga20k2x	WMET	71488	86	0.0000	0.5398	0.4614	0.0059	
nsga20k2x	WMET	71604	86	0.0222	0.5844	0.4724	0.0045	
nsga20k2x	WMET	71460	85	0.0444	0.5700	0.4789	0.0040	
nsga20k2x	WMET	71552	88	0.0148	0.5446	0.4676	0.0050	
nsga20k2x	WMET	71484	88	0.0074	0.5111	0.4587	0.0054	
nsga20k2x	WMET	71406	87	0.0222	0.5120	0.4681	0.0049	
nsga50k2x	ACAD	217659	78	0.0285	0.4757	0.4574	0.0028	
nsga50k2x	ACAD	212844	80	0.0071	0.4928	0.4502	0.0043	
nsga50k2x	ACAD	213134	80	0.0249	0.5070	0.4557	0.0038	
nsga50k2x	ACAD	213092	80	0.0214	0.5226	0.4518	0.0045	
nsga50k2x	ACAD	211038	80	0.0142	0.4344	0.4524	0.0037	
nsga50k2x	ACAD	209208	80	0.0107	0.7126	0.4526	0.0112	
nsga50k2x	ACAD	207277	80	0.0463	0.4654	0.4600	0.0033	
nsga50k2x	ACAD	208221	80	0.0071	0.5206	0.4571	0.0036	
nsga50k2x	ACAD	206675	78	0.0142	0.6479	0.4506	0.0073	
nsga50k2x	ACAD	208027	80	0.0178	0.5534	0.4544	0.0060	
nsga50k2x	ACAD	207732	78	0.0498	0.5206	0.4598	0.0045	
nsga50k2x	ACAD	208723	78	0.0214	0.4888	0.4554	0.0039	
nsga50k2x	ACAD	208051	79	0.0214	0.5978	0.4508	0.0068	
nsga50k2x	ACAD	206440	80	0.0107	0.5237	0.4523	0.0039	
nsga50k2x	ACAD	207649	80	0.0498	0.5181	0.4621	0.0036	
nsga50k2x	ACAD	206479	80	0.0142	0.6279	0.4529	0.0072	
nsga50k2x	ACAD	208867	80	0.0285	0.5444	0.4522	0.0059	
nsga50k2x	ACAD	206736	80	0.0107	0.4967	0.4547	0.0039	
nsga50k2x	ACAD	207612	80	0.0107	0.5038	0.4559	0.0035	
nsga50k2x	ACAD	207618	80	0.0285	0.6225	0.4507	0.0061	
nsga50k2x	ACAD	207403	80	0.0142	0.5386	0.4469	0.0073	
nsga50k2x	ACAD	207468	80	0.0142	0.5528	0.4538	0.0045	
nsga50k2x	ACAD	207451	80	0.0427	0.5173	0.4627	0.0047	
nsga50k2x	ACAD	207276	80	0.0071	0.6279	0.4527	0.0067	
nsga50k2x	ACAD	207207	80	0.0249	0.5661	0.4530	0.0054	
nsga50k2x	ACAD	207035	80	0.0142	0.5595	0.4526	0.0035	
nsga50k2x	ACAD	207416	80	0.0178	0.5099	0.4556	0.0045	
nsga50k2x	ACAD	207333	79	0.0071	0.6396	0.4519	0.0075	
nsga50k2x	ACAD	208340	80	0.0178	0.5602	0.4568	0.0051	
nsga50k2x	ACAD	208100	79	0.0036	0.5278	0.4509	0.0047	
nsga50k2x	ACAD	207099	80	0.0427	0.6005	0.4589	0.0052	
nsga50k2x	ACAD	207867	80	0.0178	0.4832	0.4579	0.0042	
nsga50k2x	ACAD	207938	80	0.0036	0.6436	0.4540	0.0102	
nsga50k2x	ACAD	206399	80	0.0071	0.5374	0.4489	0.0050	
nsga50k2x	ACAD	207577	80	0.0249	0.6259	0.4557	0.0075	
nsga50k2x	ACAD	207937	80	0.0142	0.6104	0.4517	0.0063	
nsga50k2x	ACAD	207188	80	0.0498	0.4924	0.4601	0.0035	
nsga50k2x	ACAD	207748	80	0.0285	0.5604	0.4556	0.0041	
nsga50k2x	ACAD	208178	80	0.0107	0.4393	0.4520	0.0037	
nsga50k2x	ACAD	207183	80	0.0214	0.5010	0.4569	0.0032	
nsga50k2x	ACAD	207513	80	0.0320	0.5596	0.4613	0.0032	
nsga50k2x	ACAD	207339	80	0.0107	0.5641	0.4512	0.0083	
nsga50k2x	ACAD	206292	80	0.0356	0.5023	0.4613	0.0029	
nsga50k2x	ACAD	207672	80	0.0142	0.6194	0.4563	0.0053	
nsga50k2x	ACAD	207477	80	0.0000	0.4996	0.4433	0.0042	
nsga50k2x	ACAD	207356	80	0.0249	0.6013	0.4580	0.0056	
nsga50k2x	ACAD	207060	80	0.0285	0.4552	0.4531	0.0043	
nsga50k2x	ACAD	206946	80	0.0142	0.4657	0.4530	0.0041	
nsga50k2x	ACAD	206688	80	0.0142	0.4215	0.4516	0.0039	
nsga50k2x	ACAD	207002	80	0.0036	0.4094	0.4518	0.0041	
nsga50k2x	OMET	1206093	128	0.0148	0.6787	0.5074	0.0032	
nsga50k2x	OMET	1207505	131	0.0197	0.6088	0.5187	0.0025	
nsga50k2x	OMET	1200709	132	0.0296	0.6065	0.5174	0.0027	
nsga50k2x	OMET	1205791	128	0.0148	0.5921	0.5189	0.0025	
nsga50k2x	OMET	1201766	133	0.0197	0.6405	0.5134	0.0025	
nsga50k2x	OMET	1203926	125	0.0148	0.6752	0.5147	0.0027	
nsga50k2x	OMET	1200687	113	0.0099	0.6331	0.5172	0.0026	
nsga50k2x	OMET	1205757	121	0.0296	0.7260	0.5169	0.0029	
nsga50k2x	OMET	1205593	126	0.0049	0.5842	0.5129	0.0027	
nsga50k2x	OMET	1202752	123	0.0296	0.6201	0.5168	0.0031	
nsga50k2x	OMET	1204306	128	0.0099	0.6218	0.5132	0.0030	
nsga50k2x	OMET	1205259	122	0.0345	0.6108	0.5149	0.0029	
nsga50k2x	OMET	1181388	131	0.0148	0.6671	0.5168	0.0026	
nsga50k2x	OMET	1176919	131	0.0197	0.6396	0.5201	0.0030	
nsga50k2x	OMET	1180202	126	0.0000	0.6170	0.5094	0.0028	
nsga50k2x	OMET	1182260	153	0.0099	0.6372	0.5068	0.0029	
nsga50k2x	OMET	1179506	124	0.0246	0.6376	0.5148	0.0028	
nsga50k2x	OMET	1186806	135	0.0049	0.6293	0.5081	0.0033	
nsga50k2x	OMET	1181920	131	0.0148	0.5967	0.5168	0.0025	
nsga50k2x	OMET	1181236	119	0.0345	0.6250	0.5199	0.0026	
nsga50k2x	OMET	1182349	130	0.0197	0.5878	0.5157	0.0027	
nsga50k2x	OMET	856473	114	0.0394	0.6599	0.5230	0.0025	
nsga50k2x	OMET	783884	116	0.0246	0.7330	0.5149	0.0030	
nsga50k2x	OMET	783601	129	0.0197	0.6802	0.5139	0.0026	
nsga50k2x	OMET	782929	135	0.0148	0.6201	0.5157	0.0028	
nsga50k2x	OMET	784843	134	0.0148	0.6506	0.5068	0.0030	
nsga50k2x	OMET	785117	135	0.0394	0.6577	0.5124	0.0026	
nsga50k2x	OMET	784430	131	0.0394	0.6032	0.5194	0.0025	
nsga50k2x	OMET	785651	136	0.0148	0.6923	0.5131	0.0025	
nsga50k2x	OMET	783544	131	0.0148	0.5582	0.5132	0.0027	
nsga50k2x	OMET	783591	132	0.0197	0.6528	0.5188	0.0026	
nsga50k2x	OMET	786226	144	0.0099	0.7094	0.5156	0.0026	
nsga50k2x	OMET	781322	129	0.0493	0.6142	0.5157	0.0029	
nsga50k2x	OMET	810141	137	0.0148	0.6930	0.5132	0.0028	
nsga50k2x	OMET	796926	128	0.0197	0.6558	0.5150	0.0028	
nsga50k2x	OMET	785389	133	0.0099	0.6451	0.5114	0.0027	
nsga50k2x	OMET	783866	141	0.0099	0.7409	0.5198	0.0025	
nsga50k2x	OMET	785437	124	0.0197	0.6638	0.5143	0.0030	
nsga50k2x	OMET	786120	127	0.0246	0.5736	0.5133	0.0028	
nsga50k2x	OMET	781833	120	0.0148	0.6369	0.5102	0.0028	
nsga50k2x	OMET	785478	132	0.0148	0.7005	0.5122	0.0030	
nsga50k2x	OMET	783929	129	0.0148	0.6967	0.5126	0.0029	
nsga50k2x	OMET	783964	115	0.0246	0.6718	0.5153	0.0029	
nsga50k2x	OMET	785699	126	0.0197	0.6129	0.5154	0.0026	
nsga50k2x	OMET	784203	137	0.0197	0.6603	0.5155	0.0028	
nsga50k2x	OMET	783465	140	0.0197	0.6970	0.5154	0.0025	
nsga50k2x	OMET	781328	121	0.0394	0.6264	0.5187	0.0026	
nsga50k2x	OMET	786255	131	0.0197	0.6009	0.5146	0.0027	
nsga50k2x	OMET	782351	144	0.0296	0.6656	0.5156	0.0024	
nsga50k2x	OMET	783855	125	0.0099	0.6114	0.5152	0.0028	
nsga50k2x	PARM	1462731	79	0.0214	0.6925	0.4774	0.0076	
nsga50k2x	PARM	1438988	78	0.0071	0.6425	0.4662	0.0072	
nsga50k2x	PARM	1440472	74	0.0143	0.6480	0.4756	0.0066	
nsga50k2x	PARM	1439689	73	0.0429	0.6001	0.4733	0.0071	
nsga50k2x	PARM	1441442	74	0.0214	0.6670	0.4721	0.0074	
nsga50k2x	PARM	1439418	89	0.0143	0.7939	0.4765	0.0062	
nsga50k2x	PARM	1440603	84	0.0071	0.6374	0.4726	0.0061	
nsga50k2x	PARM	1393167	74	0.0143	0.7179	0.4784	0.0068	
nsga50k2x	PARM	1379222	73	0.0214	0.6199	0.4824	0.0061	
nsga50k2x	PARM	1378403	70	0.0143	0.6769	0.4718	0.0080	
nsga50k2x	PARM	1377024	81	0.0286	0.7292	0.4725	0.0089	
nsga50k2x	PARM	1379056	73	0.0357	0.6319	0.4875	0.0062	
nsga50k2x	PARM	1380084	87	0.0214	0.8078	0.4716	0.0113	
nsga50k2x	PARM	1380970	84	0.0143	0.6727	0.4717	0.0068	
nsga50k2x	PARM	1379038	78	0.0143	0.6953	0.4650	0.0078	
nsga50k2x	PARM	1378604	84	0.0143	0.7193	0.4640	0.0082	
nsga50k2x	PARM	1375847	89	0.0286	0.7918	0.4868	0.0061	
nsga50k2x	PARM	1384517	75	0.0000	0.6719	0.4670	0.0083	
nsga50k2x	PARM	1409055	86	0.0143	0.7022	0.4763	0.0070	
nsga50k2x	PARM	1409671	85	0.1000	0.7247	0.4717	0.0087	
nsga50k2x	PARM	1416050	89	0.0071	0.7416	0.4744	0.0073	
nsga50k2x	PARM	1410747	85	0.0071	0.7620	0.4684	0.0088	
nsga50k2x	PARM	1411663	84	0.0286	0.6660	0.4906	0.0061	
nsga50k2x	PARM	1410394	85	0.0143	0.7158	0.4598	0.0084	
nsga50k2x	PARM	1410156	80	0.0214	0.6246	0.4765	0.0059	
nsga50k2x	PARM	1104674	90	0.0071	0.6940	0.4761	0.0061	
nsga50k2x	PARM	919907	87	0.0143	0.5952	0.4848	0.0052	
nsga50k2x	PARM	915883	97	0.0071	0.7478	0.4686	0.0072	
nsga50k2x	PARM	920101	80	0.0071	0.6841	0.4753	0.0068	
nsga50k2x	PARM	918749	83	0.0143	0.6623	0.4779	0.0063	
nsga50k2x	PARM	918481	82	0.0000	0.6494	0.4745	0.0066	
nsga50k2x	PARM	917198	90	0.0143	0.7965	0.4708	0.0084	
nsga50k2x	PARM	918915	93	0.0357	0.6662	0.4737	0.0059	
nsga50k2x	PARM	916564	77	0.0214	0.7230	0.4808	0.0075	
nsga50k2x	PARM	918731	76	0.0143	0.6197	0.4740	0.0067	
nsga50k2x	PARM	938810	74	0.0286	0.6804	0.4749	0.0081	
nsga50k2x	PARM	938343	81	0.0286	0.7849	0.4739	0.0097	
nsga50k2x	PARM	921240	89	0.0143	0.6036	0.4763	0.0056	
nsga50k2x	PARM	918977	70	0.0357	0.6699	0.4910	0.0077	
nsga50k2x	PARM	920030	71	0.0429	0.7165	0.4877	0.0085	
nsga50k2x	PARM	918157	74	0.0071	0.6839	0.4815	0.0098	
nsga50k2x	PARM	920793	79	0.0429	0.7707	0.4806	0.0070	
nsga50k2x	PARM	915787	84	0.0214	0.6873	0.4698	0.0067	
nsga50k2x	PARM	917129	75	0.0143	0.7116	0.4716	0.0074	
nsga50k2x	PARM	917298	79	0.0143	0.7580	0.4706	0.0072	
nsga50k2x	PARM	919635	79	0.0286	0.6029	0.4820	0.0055	
nsga50k2x	PARM	918454	84	0.0143	0.6851	0.4670	0.0077	
nsga50k2x	PARM	916128	78	0.0143	0.7244	0.4677	0.0083	
nsga50k2x	PARM	922177	84	0.0214	0.6529	0.4739	0.0063	
nsga50k2x	PARM	916062	82	0.0071	0.6594	0.4703	0.0068	
nsga50k2x	PSOA	695721	126	0.0209	0.6264	0.3975	0.0043	
nsga50k2x	PSOA	679985	122	0.0042	0.6336	0.3912	0.0045	
nsga50k2x	PSOA	682482	122	0.0209	0.6381	0.3957	0.0042	
nsga50k2x	PSOA	682158	121	0.0209	0.5852	0.3978	0.0041	
nsga50k2x	PSOA	681514	114	0.0209	0.7238	0.3998	0.0050	
nsga50k2x	PSOA	683203	138	0.0084	0.7715	0.3944	0.0064	
nsga50k2x	PSOA	682287	122	0.0167	0.6593	0.4063	0.0040	
nsga50k2x	PSOA	679474	132	0.0251	0.5895	0.3930	0.0041	
nsga50k2x	PSOA	679607	122	0.0209	0.6091	0.3968	0.0041	
nsga50k2x	PSOA	684393	107	0.0418	0.6770	0.4089	0.0045	
nsga50k2x	PSOA	684038	118	0.0293	0.6220	0.4032	0.0050	
nsga50k2x	PSOA	681536	113	0.0377	0.6309	0.4009	0.0050	
nsga50k2x	PSOA	682207	134	0.0084	0.6440	0.3915	0.0041	
nsga50k2x	PSOA	680433	122	0.0167	0.6908	0.3931	0.0047	
nsga50k2x	PSOA	681419	125	0.0209	0.6939	0.4002	0.0056	
nsga50k2x	PSOA	675432	144	0.0209	0.6036	0.3979	0.0036	
nsga50k2x	PSOA	681695	126	0.0126	0.6217	0.3951	0.0047	
nsga50k2x	PSOA	683393	114	0.0084	0.6446	0.3881	0.0055	
nsga50k2x	PSOA	681621	123	0.0335	0.6515	0.4036	0.0039	
nsga50k2x	PSOA	683438	116	0.0209	0.5851	0.4006	0.0041	
nsga50k2x	PSOA	681625	126	0.0084	0.7039	0.3949	0.0049	
nsga50k2x	PSOA	680736	120	0.0084	0.6005	0.3989	0.0037	
nsga50k2x	PSOA	682954	111	0.0251	0.6269	0.3991	0.0044	
nsga50k2x	PSOA	680072	112	0.0042	0.6294	0.4030	0.0036	
nsga50k2x	PSOA	683282	114	0.0628	0.6145	0.4095	0.0043	
nsga50k2x	PSOA	681479	126	0.0167	0.6264	0.3946	0.0064	
nsga50k2x	PSOA	680454	141	0.0084	0.6077	0.3928	0.0047	
nsga50k2x	PSOA	682723	122	0.0293	0.6448	0.4000	0.0039	
nsga50k2x	PSOA	682258	124	0.0084	0.5857	0.3954	0.0039	
nsga50k2x	PSOA	682878	124	0.0251	0.6009	0.3993	0.0041	
nsga50k2x	PSOA	681840	125	0.0042	0.7188	0.3950	0.0063	
nsga50k2x	PSOA	682532	142	0.0293	0.6348	0.4015	0.0033	
nsga50k2x	PSOA	681391	123	0.0042	0.6880	0.3880	0.0055	
nsga50k2x	PSOA	677320	140	0.0126	0.5710	0.3985	0.0037	
nsga50k2x	PSOA	682270	118	0.0167	0.5566	0.3941	0.0043	
nsga50k2x	PSOA	678521	131	0.0167	0.5844	0.3888	0.0046	
nsga50k2x	PSOA	680378	119	0.0042	0.6817	0.3930	0.0055	
nsga50k2x	PSOA	682503	137	0.0000	0.6887	0.3833	0.0057	
nsga50k2x	PSOA	684529	123	0.0251	0.6304	0.3999	0.0047	
nsga50k2x	PSOA	681850	129	0.0335	0.7160	0.4043	0.0041	
nsga50k2x	PSOA	676293	128	0.0335	0.5951	0.4017	0.0042	
nsga50k2x	PSOA	682094	104	0.0293	0.6157	0.4017	0.0054	
nsga50k2x	PSOA	680400	117	0.0293	0.6863	0.4043	0.0052	
nsga50k2x	PSOA	681852	132	0.0293	0.6469	0.3970	0.0048	
nsga50k2x	PSOA	682520	130	0.0251	0.5949	0.3987	0.0035	
nsga50k2x	PSOA	682554	122	0.0209	0.6298	0.3971	0.0045	
nsga50k2x	PSOA	680841	122	0.0209	0.6567	0.3932	0.0066	
nsga50k2x	PSOA	678184	128	0.0293	0.7087	0.4049	0.0044	
nsga50k2x	PSOA	740877	135	0.0167	0.6323	0.3997	0.0036	
nsga50k2x	PSOA	741332	130	0.0126	0.6660	0.3985	0.0041	
nsga50k2x	WAMS	509335	119	0.0396	0.4656	0.5114	0.0015	
nsga50k2x	WAMS	504294	120	0.0264	0.4899	0.5071	0.0020	
nsga50k2x	WAMS	492446	120	0.0297	0.4499	0.5085	0.0016	
nsga50k2x	WAMS	491113	120	0.0165	0.4856	0.5030	0.0021	
nsga50k2x	WAMS	493327	120	0.0198	0.4720	0.5064	0.0018	
nsga50k2x	WAMS	487866	120	0.0165	0.4962	0.5052	0.0028	
nsga50k2x	WAMS	488729	120	0.0297	0.5122	0.5067	0.0021	
nsga50k2x	WAMS	486744	120	0.0264	0.4584	0.5062	0.0019	
nsga50k2x	WAMS	489988	120	0.0231	0.4813	0.5097	0.0017	
nsga50k2x	WAMS	488531	120	0.0264	0.4589	0.5018	0.0027	
nsga50k2x	WAMS	489001	120	0.0165	0.5056	0.5020	0.0025	
nsga50k2x	WAMS	491313	120	0.0429	0.5247	0.5106	0.0018	
nsga50k2x	WAMS	488611	120	0.0132	0.4548	0.5049	0.0023	
nsga50k2x	WAMS	490603	120	0.0132	0.5095	0.5019	0.0024	
nsga50k2x	WAMS	489953	120	0.0066	0.5462	0.5025	0.0024	
nsga50k2x	WAMS	488555	120	0.0264	0.4163	0.5075	0.0023	
nsga50k2x	WAMS	490301	120	0.0198	0.5117	0.5038	0.0022	
nsga50k2x	WAMS	488831	120	0.0033	0.4714	0.4985	0.0022	
nsga50k2x	WAMS	490205	120	0.0198	0.4819	0.5055	0.0025	
nsga50k2x	WAMS	489675	120	0.0132	0.5109	0.5006	0.0025	
nsga50k2x	WAMS	488879	120	0.0132	0.4849	0.5011	0.0025	
nsga50k2x	WAMS	498405	120	0.0132	0.4925	0.4996	0.0028	
nsga50k2x	WAMS	501534	116	0.0033	0.5380	0.5004	0.0026	
nsga50k2x	WAMS	502051	120	0.0198	0.4779	0.5046	0.0023	
nsga50k2x	WAMS	499124	120	0.0231	0.5031	0.5070	0.0022	
nsga50k2x	WAMS	500558	120	0.0132	0.4339	0.5071	0.0022	
nsga50k2x	WAMS	500691	120	0.0165	0.5139	0.5038	0.0021	
nsga50k2x	WAMS	502245	120	0.0231	0.4679	0.4977	0.0030	
nsga50k2x	WAMS	501063	120	0.0165	0.4895	0.5046	0.0019	
nsga50k2x	WAMS	501753	120	0.0198	0.4513	0.5048	0.0019	
nsga50k2x	WAMS	502015	120	0.0132	0.4750	0.5034	0.0025	
nsga50k2x	WAMS	499417	120	0.0363	0.4708	0.5103	0.0018	
nsga50k2x	WAMS	502478	120	0.0429	0.5210	0.5040	0.0024	
nsga50k2x	WAMS	500471	120	0.0297	0.4832	0.5058	0.0021	
nsga50k2x	WAMS	500476	120	0.0198	0.5259	0.5040	0.0025	
nsga50k2x	WAMS	502527	120	0.0198	0.4904	0.5005	0.0027	
nsga50k2x	WAMS	501320	120	0.0132	0.5071	0.5033	0.0020	
nsga50k2x	WAMS	501994	120	0.0132	0.5023	0.5045	0.0024	
nsga50k2x	WAMS	501658	119	0.0132	0.5020	0.5042	0.0019	
nsga50k2x	WAMS	501603	120	0.0132	0.5011	0.5031	0.0021	
nsga50k2x	WAMS	500836	120	0.0132	0.5215	0.5028	0.0024	
nsga50k2x	WAMS	500672	120	0.0363	0.4792	0.5070	0.0022	
nsga50k2x	WAMS	501975	120	0.0099	0.4472	0.5039	0.0022	
nsga50k2x	WAMS	501511	120	0.0231	0.4767	0.5037	0.0022	
nsga50k2x	WAMS	501750	119	0.0462	0.5052	0.5070	0.0020	
nsga50k2x	WAMS	502706	120	0.0099	0.5361	0.4994	0.0027	
nsga50k2x	WAMS	502638	120	0.0099	0.4587	0.5012	0.0022	
nsga50k2x	WAMS	500828	120	0.0198	0.4957	0.5066	0.0023	
nsga50k2x	WAMS	499723	120	0.0198	0.4921	0.5040	0.0019	
nsga50k2x	WAMS	502299	120	0.0066	0.5460	0.5021	0.0024	
nsga50k2x	WMET	217818	88	0.0098	0.5102	0.5089	0.0028	
nsga50k2x	WMET	216600	88	0.0262	0.4841	0.5181	0.0019	
nsga50k2x	WMET	217009	88	0.0033	0.5035	0.5126	0.0024	
nsga50k2x	WMET	216363	88	0.0098	0.4709	0.5145	0.0031	
nsga50k2x	WMET	216199	88	0.0230	0.4727	0.5174	0.0018	
nsga50k2x	WMET	217490	88	0.0230	0.4298	0.5160	0.0025	
nsga50k2x	WMET	216486	88	0.0098	0.5167	0.5129	0.0030	
nsga50k2x	WMET	217093	88	0.0361	0.4924	0.5161	0.0022	
nsga50k2x	WMET	217114	88	0.0131	0.4851	0.5113	0.0029	
nsga50k2x	WMET	215330	88	0.0230	0.4969	0.5146	0.0029	
nsga50k2x	WMET	216236	88	0.0328	0.4435	0.5162	0.0022	
nsga50k2x	WMET	217564	88	0.0426	0.5079	0.5125	0.0030	
nsga50k2x	WMET	215848	88	0.0131	0.4659	0.5131	0.0026	
nsga50k2x	WMET	217587	88	0.0295	0.4686	0.5126	0.0028	
nsga50k2x	WMET	217806	88	0.0426	0.5317	0.5200	0.0020	
nsga50k2x	WMET	217145	88	0.0197	0.5041	0.5160	0.0020	
nsga50k2x	WMET	216683	88	0.0131	0.5259	0.5114	0.0036	
nsga50k2x	WMET	216733	88	0.0131	0.4466	0.5157	0.0022	
nsga50k2x	WMET	216620	88	0.0262	0.4558	0.5189	0.0017	
nsga50k2x	WMET	217610	88	0.0295	0.5122	0.5170	0.0020	
nsga50k2x	WMET	217416	88	0.0164	0.4739	0.5145	0.0023	
nsga50k2x	WMET	217757	88	0.0197	0.4495	0.5123	0.0026	
nsga50k2x	WMET	215926	88	0.0262	0.5463	0.5151	0.0029	
nsga50k2x	WMET	216016	88	0.0197	0.4528	0.5161	0.0020	
nsga50k2x	WMET	217369	88	0.0066	0.4935	0.5128	0.0022	
nsga50k2x	WMET	217304	88	0.0262	0.4569	0.5175	0.0021	
nsga50k2x	WMET	216149	88	0.0033	0.5141	0.5121	0.0028	
nsga50k2x	WMET	216840	88	0.0164	0.4331	0.5117	0.0030	
nsga50k2x	WMET	216241	88	0.0361	0.4177	0.5184	0.0021	
nsga50k2x	WMET	217502	87	0.0262	0.4579	0.5182	0.0022	
nsga50k2x	WMET	217403	88	0.0131	0.4768	0.5096	0.0029	
nsga50k2x	WMET	215900	88	0.0197	0.5068	0.5139	0.0023	
nsga50k2x	WMET	216904	88	0.0295	0.4564	0.5188	0.0021	
nsga50k2x	WMET	216524	88	0.0361	0.5133	0.5156	0.0022	
nsga50k2x	WMET	216157	88	0.0230	0.4926	0.5100	0.0027	
nsga50k2x	WMET	216932	88	0.0328	0.4503	0.5171	0.0022	
nsga50k2x	WMET	216916	88	0.0164	0.4911	0.5145	0.0024	
nsga50k2x	WMET	216082	88	0.0066	0.4342	0.5155	0.0022	
nsga50k2x	WMET	217225	88	0.0197	0.5037	0.5143	0.0024	
nsga50k2x	WMET	217553	88	0.0262	0.4415	0.5162	0.0022	
nsga50k2x	WMET	216954	88	0.0066	0.4616	0.5131	0.0031	
nsga50k2x	WMET	216396	88	0.0066	0.4495	0.5125	0.0025	
nsga50k2x	WMET	215635	88	0.0459	0.4017	0.5189	0.0023	
nsga50k2x	WMET	217205	88	0.0098	0.3779	0.5111	0.0029	
nsga50k2x	WMET	216581	88	0.0197	0.5229	0.5158	0.0023	
nsga50k2x	WMET	217226	88	0.0131	0.5173	0.5134	0.0023	
nsga50k2x	WMET	217696	88	0.0066	0.5093	0.5061	0.0035	
nsga50k2x	WMET	216789	88	0.0230	0.4616	0.5184	0.0025	
nsga50k2x	WMET	216213	87	0.0033	0.4276	0.5118	0.0024	
nsga50k2x	WMET	217557	88	0.0066	0.5341	0.5083	0.0030	
nsga100k2x	ACAD	899339	80	0.0376	0.5262	0.5114	0.0036	
nsga100k2x	ACAD	864593	80	0.0188	0.4315	0.5116	0.0034	
nsga100k2x	ACAD	864810	79	0.0235	0.5184	0.5119	0.0035	
nsga100k2x	ACAD	863654	80	0.0235	0.5260	0.5151	0.0087	
nsga100k2x	ACAD	863024	78	0.0141	0.6351	0.5105	0.0059	
nsga100k2x	ACAD	862415	80	0.0188	0.5659	0.5123	0.0054	
nsga100k2x	ACAD	858066	80	0.0329	0.4754	0.5136	0.0033	
nsga100k2x	ACAD	858312	80	0.0188	0.7627	0.5100	0.0109	
nsga100k2x	ACAD	858982	80	0.0282	0.5383	0.5121	0.0038	
nsga100k2x	ACAD	860444	80	0.0563	0.5245	0.5171	0.0037	
nsga100k2x	ACAD	860857	80	0.0141	0.4349	0.5063	0.0046	
nsga100k2x	ACAD	857664	78	0.0047	0.4950	0.5065	0.0044	
nsga100k2x	ACAD	858444	78	0.0188	0.6079	0.5075	0.0036	
nsga100k2x	ACAD	856342	80	0.0282	0.4564	0.5132	0.0033	
nsga100k2x	ACAD	857515	79	0.0282	0.4981	0.5116	0.0034	
nsga100k2x	ACAD	858449	76	0.0188	0.4669	0.5129	0.0045	
nsga100k2x	ACAD	862481	80	0.0047	0.4813	0.5065	0.0040	
nsga100k2x	ACAD	857589	80	0.0094	0.5035	0.5038	0.0045	
nsga100k2x	ACAD	857566	78	0.0141	0.6215	0.5103	0.0056	
nsga100k2x	ACAD	858706	80	0.0047	0.4306	0.5022	0.0044	
nsga100k2x	ACAD	857986	80	0.0282	0.5303	0.5103	0.0038	
nsga100k2x	ACAD	864208	79	0.0094	0.5247	0.5108	0.0033	
nsga100k2x	ACAD	857768	80	0.0376	0.5209	0.5157	0.0044	
nsga100k2x	ACAD	865072	80	0.0094	0.6418	0.5037	0.0087	
nsga100k2x	ACAD	860940	79	0.0423	0.4710	0.5145	0.0033	
nsga100k2x	ACAD	859079	80	0.0141	0.5591	0.5095	0.0035	
nsga100k2x	ACAD	860139	80	0.0282	0.6434	0.5095	0.0054	
nsga100k2x	ACAD	859538	80	0.0235	0.4978	0.5092	0.0036	
nsga100k2x	ACAD	861134	80	0.0047	0.4301	0.5050	0.0041	
nsga100k2x	ACAD	858533	80	0.0141	0.4960	0.5084	0.0041	
nsga100k2x	ACAD	863534	80	0.0141	0.5457	0.5042	0.0061	
nsga100k2x	ACAD	861919	80	0.0188	0.6198	0.5108	0.0043	
nsga100k2x	ACAD	863952	80	0.0094	0.4863	0.5116	0.0036	
nsga100k2x	ACAD	863633	79	0.0282	0.5472	0.5141	0.0033	
nsga100k2x	ACAD	860441	80	0.0094	0.5129	0.5065	0.0041	
nsga100k2x	ACAD	862077	80	0.0235	0.5021	0.5087	0.0044	
nsga100k2x	ACAD	856434	80	0.0657	0.5035	0.5213	0.0028	
nsga100k2x	ACAD	862562	80	0.0094	0.4634	0.5047	0.0042	
nsga100k2x	ACAD	861494	80	0.0282	0.5568	0.5142	0.0048	
nsga100k2x	ACAD	856395	80	0.0282	0.4730	0.5049	0.0038	
nsga100k2x	ACAD	861047	80	0.0094	0.5078	0.5066	0.0040	
nsga100k2x	ACAD	857312	80	0.0376	0.5593	0.5153	0.0032	
nsga100k2x	ACAD	855269	80	0.0141	0.4444	0.5120	0.0034	
nsga100k2x	ACAD	863092	80	0.0094	0.4711	0.5107	0.0037	
nsga100k2x	ACAD	863480	80	0.0094	0.4472	0.5074	0.0043	
nsga100k2x	ACAD	857952	80	0.0047	0.4601	0.5038	0.0041	
nsga100k2x	ACAD	860944	80	0.0188	0.5219	0.5102	0.0047	
nsga100k2x	ACAD	861997	80	0.0141	0.5414	0.5123	0.0035	
nsga100k2x	ACAD	862654	80	0.0047	0.4609	0.5045	0.0036	
nsga100k2x	ACAD	858413	80	0.0141	0.5193	0.5078	0.0046	
nsga100k2x	OMET	4902982	132	0.0330	0.6349	0.5182	0.0026	
nsga100k2x	OMET	4846036	138	0.0236	0.6804	0.5189	0.0025	
nsga100k2x	OMET	4835819	120	0.0377	0.6954	0.5189	0.0032	
nsga100k2x	OMET	4866105	126	0.0142	0.6392	0.5113	0.0028	
nsga100k2x	OMET	4831404	126	0.0236	0.6042	0.5197	0.0023	
nsga100k2x	OMET	4852836	134	0.0142	0.6454	0.5169	0.0023	
nsga100k2x	OMET	4837395	143	0.0047	0.4979	0.5117	0.0025	
nsga100k2x	OMET	4836683	136	0.0236	0.6367	0.5136	0.0025	
nsga100k2x	OMET	4721571	121	0.0283	0.6285	0.5156	0.0027	
nsga100k2x	OMET	3613793	148	0.0094	0.6657	0.5173	0.0024	
nsga100k2x	OMET	3136779	133	0.0142	0.6904	0.5118	0.0031	
nsga100k2x	OMET	3133266	123	0.0142	0.6101	0.5191	0.0024	
nsga100k2x	OMET	3131513	127	0.0094	0.6388	0.5160	0.0025	
nsga100k2x	OMET	3134082	116	0.0283	0.5980	0.5185	0.0025	
nsga100k2x	OMET	3114826	146	0.0519	0.6407	0.5141	0.0024	
nsga100k2x	OMET	3131242	141	0.0094	0.6434	0.5139	0.0025	
nsga100k2x	OMET	3131037	120	0.0330	0.6718	0.5154	0.0026	
nsga100k2x	OMET	3120209	147	0.0283	0.6417	0.5184	0.0022	
nsga100k2x	OMET	3137351	154	0.0094	0.6681	0.5090	0.0027	
nsga100k2x	OMET	3165277	136	0.0047	0.6338	0.5112	0.0027	
nsga100k2x	OMET	3127146	142	0.0000	0.6064	0.5144	0.0024	
nsga100k2x	OMET	3130090	136	0.0142	0.6267	0.5112	0.0028	
nsga100k2x	OMET	2459380	129	0.0236	0.6283	0.5132	0.0027	
nsga100k2x	OMET	2398510	128	0.0047	0.6118	0.5118	0.0028	
nsga100k2x	OMET	2448212	118	0.0330	0.6655	0.5213	0.0024	
nsga100k2x	OMET	2399343	120	0.0283	0.6128	0.5170	0.0024	
nsga100k2x	OMET	2405500	129	0.0142	0.6213	0.5091	0.0029	
nsga100k2x	OMET	2405444	130	0.0330	0.6104	0.5201	0.0024	
nsga100k2x	OMET	2401430	119	0.0283	0.6117	0.5188	0.0024	
nsga100k2x	OMET	2403358	123	0.0566	0.6417	0.5225	0.0020	
nsga100k2x	OMET	2409036	127	0.0094	0.6500	0.5176	0.0025	
nsga100k2x	OMET	2400636	148	0.0189	0.6112	0.5181	0.0022	
nsga100k2x	OMET	2393339	129	0.0094	0.5605	0.5115	0.0027	
nsga100k2x	OMET	2393880	140	0.0094	0.5822	0.5116	0.0027	
nsga100k2x	OMET	2395138	141	0.0189	0.6342	0.5165	0.0023	
nsga100k2x	OMET	2404458	142	0.0377	0.6600	0.5201	0.0023	
nsga100k2x	OMET	2391880	146	0.0142	0.5741	0.5136	0.0026	
nsga100k2x	OMET	2403811	138	0.0283	0.6480	0.5189	0.0024	
nsga100k2x	OMET	2401387	132	0.0142	0.6141	0.5153	0.0026	
nsga100k2x	OMET	2404056	132	0.0094	0.5988	0.5123	0.0025	
nsga100k2x	OMET	2423849	129	0.0142	0.5940	0.5100	0.0029	
nsga100k2x	OMET	2397699	136	0.0142	0.6297	0.5149	0.0025	
nsga100k2x	OMET	2401393	116	0.0377	0.6361	0.5168	0.0024	
nsga100k2x	OMET	2406386	138	0.0094	0.6258	0.5129	0.0025	
nsga100k2x	OMET	2407962	138	0.0189	0.6023	0.5130	0.0025	
nsga100k2x	OMET	2403999	130	0.0236	0.5814	0.5199	0.0024	
nsga100k2x	OMET	2387726	144	0.0094	0.6409	0.5134	0.0025	
nsga100k2x	OMET	2405432	140	0.0142	0.6373	0.5195	0.0022	
nsga100k2x	OMET	2397384	139	0.0330	0.5557	0.5189	0.0024	
nsga100k2x	OMET	2404175	143	0.0047	0.5982	0.5143	0.0023	
nsga100k2x	PARM	5676279	89	0.0348	0.6833	0.4831	0.0066	
nsga100k2x	PARM	5634812	84	0.0087	0.7050	0.4784	0.0061	
nsga100k2x	PARM	5640071	83	0.0261	0.6540	0.4821	0.0054	
nsga100k2x	PARM	5648287	90	0.0087	0.6801	0.4714	0.0060	
nsga100k2x	PARM	5649639	85	0.0348	0.6706	0.4808	0.0060	
nsga100k2x	PARM	5643481	80	0.0348	0.6017	0.4859	0.0051	
nsga100k2x	PARM	5653543	90	0.0000	0.6873	0.4716	0.0059	
nsga100k2x	PARM	5313671	80	0.0000	0.6890	0.4785	0.0053	
nsga100k2x	PARM	4007671	93	0.0348	0.6713	0.4844	0.0052	
nsga100k2x	PARM	3729354	71	0.0261	0.6290	0.4858	0.0065	
nsga100k2x	PARM	3729979	88	0.0087	0.6371	0.4716	0.0057	
nsga100k2x	PARM	3729399	83	0.0348	0.6935	0.4776	0.0060	
nsga100k2x	PARM	3728841	82	0.0087	0.7506	0.4800	0.0080	
nsga100k2x	PARM	3730979	68	0.0870	0.5886	0.4976	0.0066	
nsga100k2x	PARM	3720089	77	0.0000	0.6312	0.4769	0.0062	
nsga100k2x	PARM	3721326	88	0.0087	0.6480	0.4697	0.0061	
nsga100k2x	PARM	3759403	83	0.0261	0.7027	0.4777	0.0059	
nsga100k2x	PARM	3722826	90	0.0000	0.6105	0.4786	0.0057	
nsga100k2x	PARM	3456273	76	0.0087	0.6946	0.4811	0.0064	
nsga100k2x	PARM	2838884	78	0.0261	0.7026	0.4803	0.0062	
nsga100k2x	PARM	2880180	77	0.0261	0.6144	0.4725	0.0063	
nsga100k2x	PARM	2833847	82	0.0522	0.7233	0.4963	0.0082	
nsga100k2x	PARM	2834422	84	0.0261	0.7300	0.4795	0.0059	
nsga100k2x	PARM	2832474	88	0.0087	0.5400	0.4736	0.0054	
nsga100k2x	PARM	2839963	78	0.0087	0.6767	0.4749	0.0063	
nsga100k2x	PARM	2836883	83	0.0087	0.8247	0.4758	0.0066	
nsga100k2x	PARM	2829048	82	0.0087	0.6937	0.4696	0.0069	
nsga100k2x	PARM	2837697	70	0.0348	0.6044	0.4865	0.0048	
nsga100k2x	PARM	2838341	70	0.0348	0.6624	0.4857	0.0065	
nsga100k2x	PARM	2839420	91	0.0000	0.6418	0.4727	0.0060	
nsga100k2x	PARM	2842598	69	0.0174	0.6107	0.4856	0.0049	
nsga100k2x	PARM	2841139	73	0.0261	0.6401	0.4830	0.0060	
nsga100k2x	PARM	2833140	77	0.0087	0.6480	0.4817	0.0053	
nsga100k2x	PARM	2859399	93	0.0261	0.6973	0.4717	0.0062	
nsga100k2x	PARM	2856491	76	0.0261	0.7150	0.4835	0.0052	
nsga100k2x	PARM	2838767	92	0.0000	0.7440	0.4690	0.0073	
nsga100k2x	PARM	2839380	78	0.0087	0.6389	0.4764	0.0062	
nsga100k2x	PARM	2832606	73	0.0261	0.6995	0.4791	0.0063	
nsga100k2x	PARM	2843328	77	0.0435	0.6863	0.4859	0.0075	
nsga100k2x	PARM	2833214	88	0.0348	0.6277	0.4881	0.0050	
nsga100k2x	PARM	2843498	73	0.0522	0.7078	0.4899	0.0062	
nsga100k2x	PARM	2838150	71	0.0000	0.6545	0.4725	0.0072	
nsga100k2x	PARM	2310160	79	0.0261	0.5490	0.4844	0.0052	
nsga100k2x	PARM	2088737	93	0.0000	0.6154	0.4644	0.0060	
nsga100k2x	PARM	2089214	80	0.0174	0.6993	0.4744	0.0062	
nsga100k2x	PARM	2088296	84	0.0174	0.7114	0.4803	0.0053	
nsga100k2x	PARM	2088123	79	0.0174	0.6067	0.4739	0.0064	
nsga100k2x	PARM	2090835	77	0.0174	0.7183	0.4709	0.0084	
nsga100k2x	PARM	2094298	76	0.0000	0.6781	0.4698	0.0069	
nsga100k2x	PARM	2090022	65	0.0087	0.6241	0.4817	0.0060	
nsga100k2x	PSOA	5929704	113	0.0164	0.6071	0.4369	0.0047	
nsga100k2x	PSOA	5881346	104	0.0219	0.6554	0.4363	0.0053	
nsga100k2x	PSOA	5877995	104	0.0164	0.6975	0.4369	0.0066	
nsga100k2x	PSOA	5846052	109	0.0164	0.6368	0.4352	0.0049	
nsga100k2x	PSOA	5850083	125	0.0219	0.6803	0.4333	0.0046	
nsga100k2x	PSOA	5846698	119	0.0164	0.6437	0.4386	0.0042	
nsga100k2x	PSOA	5892285	116	0.0055	0.6656	0.4347	0.0053	
nsga100k2x	PSOA	5180415	105	0.0219	0.6817	0.4523	0.0040	
nsga100k2x	PSOA	3964038	110	0.0273	0.8492	0.4455	0.0108	
nsga100k2x	PSOA	3945404	103	0.0328	0.6724	0.4408	0.0053	
nsga100k2x	PSOA	3932158	107	0.0219	0.6539	0.4357	0.0055	
nsga100k2x	PSOA	3960749	108	0.0109	0.8732	0.4407	0.0134	
nsga100k2x	PSOA	3951392	95	0.0219	0.5933	0.4480	0.0041	
nsga100k2x	PSOA	3955486	112	0.0219	0.6512	0.4392	0.0045	
nsga100k2x	PSOA	3919281	102	0.0546	0.6945	0.4530	0.0046	
nsga100k2x	PSOA	3972418	124	0.0164	0.6218	0.4347	0.0041	
nsga100k2x	PSOA	3967169	110	0.0164	0.5758	0.4382	0.0046	
nsga100k2x	PSOA	3708056	119	0.0055	0.7848	0.4340	0.0107	
nsga100k2x	PSOA	2794186	114	0.0000	0.6893	0.4275	0.0056	
nsga100k2x	PSOA	2853777	103	0.0492	0.6517	0.4464	0.0046	
nsga100k2x	PSOA	2799566	116	0.0000	0.6438	0.4383	0.0045	
nsga100k2x	PSOA	2803223	113	0.0164	0.6818	0.4392	0.0047	
nsga100k2x	PSOA	2800679	108	0.0437	0.7720	0.4472	0.0056	
nsga100k2x	PSOA	2787184	114	0.0273	0.5798	0.4428	0.0046	
nsga100k2x	PSOA	2802595	105	0.0000	0.5454	0.4335	0.0054	
nsga100k2x	PSOA	2785053	103	0.0273	0.5560	0.4447	0.0040	
nsga100k2x	PSOA	2790823	121	0.0109	0.6167	0.4307	0.0056	
nsga100k2x	PSOA	2805942	103	0.0000	0.7624	0.4357	0.0088	
nsga100k2x	PSOA	2776880	120	0.0109	0.7149	0.4295	0.0050	
nsga100k2x	PSOA	2794598	96	0.0328	0.6105	0.4488	0.0040	
nsga100k2x	PSOA	2804414	115	0.0328	0.6982	0.4452	0.0071	
nsga100k2x	PSOA	2792222	120	0.0164	0.6151	0.4312	0.0048	
nsga100k2x	PSOA	2801683	115	0.0383	0.6186	0.4417	0.0042	
nsga100k2x	PSOA	2833989	115	0.0219	0.6784	0.4329	0.0052	
nsga100k2x	PSOA	2802706	105	0.0328	0.8432	0.4447	0.0098	
nsga100k2x	PSOA	2791558	104	0.0164	0.6179	0.4334	0.0054	
nsga100k2x	PSOA	2791391	113	0.0383	0.6857	0.4421	0.0045	
nsga100k2x	PSOA	2791770	104	0.0164	0.6765	0.4382	0.0061	
nsga100k2x	PSOA	2793338	109	0.0109	0.6444	0.4347	0.0057	
nsga100k2x	PSOA	2803781	106	0.0328	0.6747	0.4459	0.0058	
nsga100k2x	PSOA	2798273	109	0.0219	0.6088	0.4376	0.0044	
nsga100k2x	PSOA	2602379	105	0.0164	0.5755	0.4396	0.0044	
nsga100k2x	PSOA	2024937	117	0.0109	0.8359	0.4363	0.0113	
nsga100k2x	PSOA	2013996	110	0.0055	0.6156	0.4358	0.0049	
nsga100k2x	PSOA	2005104	129	0.0219	0.6018	0.4385	0.0045	
nsga100k2x	PSOA	2015978	103	0.0109	0.5695	0.4373	0.0046	
nsga100k2x	PSOA	2013385	115	0.0328	0.6986	0.4457	0.0044	
nsga100k2x	PSOA	2007167	115	0.0328	0.6930	0.4460	0.0073	
nsga100k2x	PSOA	2002982	115	0.0055	0.5892	0.4356	0.0046	
nsga100k2x	PSOA	2007645	117	0.0000	0.6102	0.4322	0.0050	
nsga100k2x	WAMS	2161361	120	0.0000	0.4594	0.4924	0.0025	
nsga100k2x	WAMS	2128012	118	0.0547	0.4616	0.5025	0.0018	
nsga100k2x	WAMS	2117659	120	0.0352	0.4445	0.5026	0.0019	
nsga100k2x	WAMS	2127961	120	0.0117	0.4844	0.4981	0.0024	
nsga100k2x	WAMS	2117008	120	0.0469	0.5279	0.5039	0.0018	
nsga100k2x	WAMS	2129159	120	0.0195	0.4446	0.5011	0.0023	
nsga100k2x	WAMS	2125801	119	0.0273	0.4910	0.5048	0.0019	
nsga100k2x	WAMS	2124115	120	0.0117	0.4841	0.4998	0.0024	
nsga100k2x	WAMS	2124929	120	0.0352	0.4883	0.5036	0.0020	
nsga100k2x	WAMS	2124242	120	0.0117	0.4574	0.4983	0.0024	
nsga100k2x	WAMS	2120881	120	0.0508	0.4637	0.5056	0.0018	
nsga100k2x	WAMS	2124099	120	0.0156	0.4414	0.5052	0.0018	
nsga100k2x	WAMS	2127767	120	0.0195	0.4745	0.4988	0.0023	
nsga100k2x	WAMS	2121607	120	0.0039	0.4547	0.4964	0.0023	
nsga100k2x	WAMS	2123759	120	0.0352	0.4708	0.5042	0.0020	
nsga100k2x	WAMS	2126717	120	0.0195	0.5410	0.5011	0.0022	
nsga100k2x	WAMS	2117688	120	0.0117	0.4452	0.5006	0.0019	
nsga100k2x	WAMS	2116353	120	0.0234	0.4560	0.5014	0.0019	
nsga100k2x	WAMS	2119792	120	0.0117	0.4680	0.4979	0.0024	
nsga100k2x	WAMS	2128592	119	0.0273	0.4963	0.5025	0.0020	
nsga100k2x	WAMS	1833062	120	0.0078	0.4992	0.4982	0.0024	
nsga100k2x	WAMS	1726521	120	0.0469	0.4648	0.5011	0.0023	
nsga100k2x	WAMS	1395833	119	0.0039	0.5886	0.4968	0.0028	
nsga100k2x	WAMS	1385621	120	0.0430	0.4027	0.5053	0.0017	
nsga100k2x	WAMS	1388745	120	0.0078	0.4017	0.5000	0.0022	
nsga100k2x	WAMS	1382999	120	0.0039	0.4313	0.4989	0.0022	
nsga100k2x	WAMS	1390589	120	0.0039	0.4607	0.4934	0.0027	
nsga100k2x	WAMS	1391786	120	0.0117	0.4735	0.4980	0.0024	
nsga100k2x	WAMS	1391373	120	0.0117	0.4303	0.4981	0.0026	
nsga100k2x	WAMS	1388617	120	0.0117	0.4582	0.4970	0.0026	
nsga100k2x	WAMS	1391732	120	0.0195	0.4876	0.4961	0.0029	
nsga100k2x	WAMS	1387322	120	0.0117	0.4885	0.4979	0.0024	
nsga100k2x	WAMS	1390440	120	0.0156	0.4456	0.4955	0.0027	
nsga100k2x	WAMS	1386854	120	0.0156	0.4842	0.4950	0.0029	
nsga100k2x	WAMS	1388532	120	0.0195	0.4836	0.5054	0.0018	
nsga100k2x	WAMS	1388955	120	0.0273	0.4554	0.4995	0.0021	
nsga100k2x	WAMS	1392544	120	0.0117	0.4918	0.4946	0.0027	
nsga100k2x	WAMS	1389464	120	0.0195	0.5237	0.5009	0.0022	
nsga100k2x	WAMS	1389731	120	0.0273	0.4529	0.5012	0.0019	
nsga100k2x	WAMS	1388628	120	0.0156	0.4625	0.4991	0.0023	
nsga100k2x	WAMS	1392802	120	0.0234	0.4328	0.5037	0.0021	
nsga100k2x	WAMS	1381481	120	0.0273	0.4923	0.5063	0.0019	
nsga100k2x	WAMS	1384606	120	0.0195	0.4483	0.5010	0.0021	
nsga100k2x	WAMS	1392565	120	0.0234	0.4768	0.5030	0.0020	
nsga100k2x	WAMS	1420476	120	0.0039	0.4967	0.4954	0.0026	
nsga100k2x	WAMS	1382985	120	0.0039	0.4375	0.4976	0.0023	
nsga100k2x	WAMS	1392761	119	0.0078	0.5390	0.4996	0.0023	
nsga100k2x	WAMS	1392825	120	0.0391	0.4944	0.5054	0.0019	
nsga100k2x	WAMS	1390237	115	0.0273	0.5665	0.4993	0.0026	
nsga100k2x	WAMS	1389347	120	0.0156	0.5285	0.5004	0.0022	
nsga100k2x	WMET	972598	88	0.0385	0.3976	0.4851	0.0024	
nsga100k2x	WMET	931266	88	0.0000	0.4504	0.4775	0.0032	
nsga100k2x	WMET	925335	88	0.0299	0.4555	0.4828	0.0028	
nsga100k2x	WMET	926645	88	0.0256	0.3801	0.4876	0.0026	
nsga100k2x	WMET	926028	88	0.0171	0.3663	0.4836	0.0034	
nsga100k2x	WMET	935051	88	0.0085	0.4139	0.4800	0.0035	
nsga100k2x	WMET	927546	88	0.0128	0.4015	0.4810	0.0033	
nsga100k2x	WMET	927044	88	0.0171	0.5119	0.4803	0.0036	
nsga100k2x	WMET	932024	88	0.0470	0.4458	0.4908	0.0026	
nsga100k2x	WMET	931386	88	0.0128	0.4559	0.4803	0.0031	
nsga100k2x	WMET	934458	88	0.0171	0.4005	0.4811	0.0032	
nsga100k2x	WMET	929679	88	0.0214	0.3641	0.4898	0.0023	
nsga100k2x	WMET	931054	88	0.0085	0.4097	0.4800	0.0028	
nsga100k2x	WMET	932515	88	0.0299	0.3800	0.4877	0.0027	
nsga100k2x	WMET	934529	88	0.0256	0.4134	0.4855	0.0026	
nsga100k2x	WMET	932712	88	0.0085	0.4662	0.4871	0.0031	
nsga100k2x	WMET	930260	88	0.0000	0.4279	0.4793	0.0032	
nsga100k2x	WMET	933039	88	0.0085	0.4123	0.4815	0.0032	
nsga100k2x	WMET	928606	88	0.0385	0.4396	0.4892	0.0024	
nsga100k2x	WMET	932640	88	0.0128	0.3567	0.4823	0.0028	
nsga100k2x	WMET	929441	88	0.0085	0.3545	0.4806	0.0030	
nsga100k2x	WMET	935588	88	0.0214	0.3993	0.4861	0.0028	
nsga100k2x	WMET	933714	88	0.0256	0.4343	0.4857	0.0025	
nsga100k2x	WMET	930717	88	0.0085	0.3982	0.4799	0.0030	
nsga100k2x	WMET	937628	88	0.0128	0.4225	0.4816	0.0031	
nsga100k2x	WMET	935019	88	0.0299	0.4540	0.4814	0.0034	
nsga100k2x	WMET	933376	88	0.0385	0.4398	0.4895	0.0023	
nsga100k2x	WMET	930863	88	0.0214	0.3957	0.4888	0.0027	
nsga100k2x	WMET	931140	88	0.0128	0.4308	0.4820	0.0032	
nsga100k2x	WMET	933324	88	0.0171	0.4057	0.4835	0.0029	
nsga100k2x	WMET	933765	88	0.0256	0.4446	0.4875	0.0027	
nsga100k2x	WMET	932343	88	0.0256	0.4276	0.4853	0.0026	
nsga100k2x	WMET	929227	88	0.0256	0.4402	0.4876	0.0032	
nsga100k2x	WMET	931319	88	0.0085	0.4534	0.4820	0.0032	
nsga100k2x	WMET	932034	88	0.0256	0.4224	0.4866	0.0033	
nsga100k2x	WMET	932034	88	0.0128	0.4214	0.4834	0.0031	
nsga100k2x	WMET	931873	88	0.0043	0.4412	0.4806	0.0032	
nsga100k2x	WMET	937262	88	0.0085	0.4280	0.4790	0.0034	
nsga100k2x	WMET	932291	88	0.0427	0.4108	0.4935	0.0021	
nsga100k2x	WMET	932758	88	0.0085	0.4201	0.4790	0.0032	
nsga100k2x	WMET	935043	88	0.0085	0.3960	0.4821	0.0032	
nsga100k2x	WMET	937533	88	0.0214	0.4384	0.4849	0.0029	
nsga100k2x	WMET	928556	88	0.0256	0.3664	0.4832	0.0027	
nsga100k2x	WMET	934266	88	0.0085	0.4212	0.4831	0.0030	
nsga100k2x	WMET	933960	88	0.0342	0.4107	0.4915	0.0023	
nsga100k2x	WMET	928811	88	0.0598	0.4362	0.4916	0.0024	
nsga100k2x	WMET	822824	88	0.0085	0.4173	0.4826	0.0028	
nsga100k2x	WMET	799329	88	0.0085	0.5038	0.4832	0.0032	
nsga100k2x	WMET	798498	88	0.0256	0.4029	0.4898	0.0026	
nsga100k2x	WMET	792800	88	0.0342	0.4429	0.4829	0.0033	
nsga150k2x	ACAD	1260409	80	0.0314	0.4645	0.4886	0.0028	
nsga150k2x	ACAD	1263342	80	0.0266	0.4444	0.4882	0.0026	
nsga150k2x	ACAD	1268811	80	0.0290	0.4808	0.4888	0.0025	
nsga150k2x	ACAD	1263077	80	0.0193	0.4329	0.4950	0.0017	
nsga150k2x	ACAD	1263582	80	0.0217	0.4361	0.4861	0.0026	
nsga150k2x	ACAD	1266611	80	0.0097	0.4799	0.4871	0.0030	
nsga150k2x	ACAD	1268831	80	0.0121	0.4357	0.4885	0.0024	
nsga150k2x	ACAD	1275747	80	0.0169	0.5240	0.4893	0.0029	
nsga150k2x	ACAD	1263195	80	0.0097	0.4391	0.4908	0.0023	
nsga150k2x	ACAD	1262112	80	0.0314	0.4956	0.4892	0.0027	
nsga150k2x	ACAD	1268221	80	0.0072	0.5037	0.4898	0.0033	
nsga150k2x	ACAD	1269516	80	0.0193	0.4584	0.4933	0.0022	
nsga150k2x	ACAD	1266067	80	0.0242	0.6477	0.4897	0.0082	
nsga150k2x	ACAD	1267800	80	0.0169	0.4686	0.4882	0.0026	
nsga150k2x	ACAD	1262252	80	0.0072	0.5774	0.4872	0.0045	
nsga150k2x	ACAD	1255019	80	0.0217	0.3999	0.4919	0.0024	
nsga150k2x	ACAD	1266463	80	0.0314	0.7221	0.4919	0.0096	
nsga150k2x	ACAD	1268453	80	0.0169	0.4928	0.4893	0.0034	
nsga150k2x	ACAD	1270062	80	0.0145	0.4370	0.4906	0.0023	
nsga150k2x	ACAD	1258338	80	0.0169	0.4251	0.4910	0.0029	
nsga150k2x	ACAD	1266087	80	0.0097	0.4626	0.4875	0.0034	
nsga150k2x	ACAD	1265666	80	0.0121	0.4332	0.4894	0.0025	
nsga150k2x	ACAD	1259903	80	0.0217	0.5445	0.4900	0.0043	
nsga150k2x	ACAD	1265334	80	0.0242	0.4864	0.4893	0.0031	
nsga150k2x	ACAD	1267768	80	0.0266	0.5468	0.4894	0.0031	
nsga150k2x	ACAD	1261298	80	0.0338	0.4444	0.4949	0.0024	
nsga150k2x	ACAD	1267658	80	0.0290	0.4868	0.4934	0.0022	
nsga150k2x	ACAD	1264032	80	0.0145	0.6464	0.4853	0.0072	
nsga150k2x	ACAD	1267231	80	0.0242	0.5944	0.4885	0.0072	
nsga150k2x	ACAD	1270158	80	0.0145	0.6047	0.4874	0.0059	
nsga150k2x	ACAD	1266348	79	0.0169	0.4578	0.4891	0.0028	
nsga150k2x	ACAD	1266571	80	0.0193	0.5070	0.4863	0.0027	
nsga150k2x	ACAD	1258947	80	0.0193	0.4221	0.4901	0.0027	
nsga150k2x	ACAD	1267456	80	0.0145	0.4032	0.4874	0.0037	
nsga150k2x	ACAD	1260078	80	0.0338	0.4048	0.4930	0.0028	
nsga150k2x	ACAD	1264030	80	0.0386	0.5313	0.4948	0.0026	
nsga150k2x	ACAD	1267173	80	0.0169	0.6916	0.4887	0.0071	
nsga150k2x	ACAD	1264142	80	0.0338	0.3960	0.4903	0.0023	
nsga150k2x	ACAD	1262347	80	0.0193	0.4184	0.4913	0.0032	
nsga150k2x	ACAD	1267212	80	0.0290	0.4647	0.4900	0.0025	
nsga150k2x	ACAD	1260797	80	0.0266	0.6045	0.4858	0.0054	
nsga150k2x	ACAD	1262646	80	0.0169	0.4735	0.4905	0.0035	
nsga150k2x	ACAD	1264241	80	0.0217	0.4856	0.4911	0.0022	
nsga150k2x	ACAD	1267149	80	0.0072	0.4495	0.4888	0.0031	
nsga150k2x	ACAD	1270003	80	0.0145	0.5533	0.4855	0.0061	
nsga150k2x	ACAD	1265537	80	0.0145	0.6065	0.4862	0.0072	
nsga150k2x	ACAD	1263600	80	0.0097	0.4220	0.4868	0.0031	
nsga150k2x	ACAD	1268120	80	0.0097	0.4431	0.4904	0.0027	
nsga150k2x	ACAD	1268984	80	0.0217	0.4657	0.4889	0.0023	
nsga150k2x	ACAD	1264298	80	0.0217	0.4386	0.4879	0.0025	
nsga150k2x	OMET	7324000	166	0.0209	0.6502	0.5345	0.0019	
nsga150k2x	OMET	7288664	155	0.0335	0.5713	0.5379	0.0018	
nsga150k2x	OMET	7298356	165	0.0042	0.6257	0.5350	0.0018	
nsga150k2x	OMET	7310110	163	0.0167	0.6491	0.5328	0.0019	
nsga150k2x	OMET	7311876	158	0.0126	0.6273	0.5327	0.0019	
nsga150k2x	OMET	7295374	154	0.0126	0.5804	0.5340	0.0021	
nsga150k2x	OMET	7302689	156	0.0293	0.6333	0.5338	0.0021	
nsga150k2x	OMET	7276122	168	0.0126	0.6281	0.5302	0.0023	
nsga150k2x	OMET	7282129	168	0.0209	0.6276	0.5348	0.0019	
nsga150k2x	OMET	7296754	151	0.0126	0.6135	0.5386	0.0020	
nsga150k2x	OMET	7306116	157	0.0209	0.6528	0.5369	0.0021	
nsga150k2x	OMET	7315086	165	0.0042	0.5966	0.5333	0.0019	
nsga150k2x	OMET	7311939	156	0.0167	0.6873	0.5304	0.0023	
nsga150k2x	OMET	7313944	150	0.0209	0.6146	0.5361	0.0019	
nsga150k2x	OMET	7368069	165	0.0293	0.6830	0.5359	0.0022	
nsga150k2x	OMET	7459994	155	0.0042	0.7180	0.5244	0.0024	
nsga150k2x	OMET	7486692	146	0.0126	0.6817	0.5272	0.0026	
nsga150k2x	OMET	7413665	167	0.0126	0.6281	0.5352	0.0020	
nsga150k2x	OMET	7365414	156	0.0209	0.6312	0.5330	0.0019	
nsga150k2x	OMET	7362213	165	0.0042	0.6040	0.5282	0.0020	
nsga150k2x	OMET	7390933	156	0.0084	0.6610	0.5338	0.0020	
nsga150k2x	OMET	6430770	157	0.0251	0.6156	0.5351	0.0019	
nsga150k2x	OMET	5988946	164	0.0126	0.6282	0.5357	0.0019	
nsga150k2x	OMET	4879253	165	0.0251	0.6819	0.5367	0.0019	
nsga150k2x	OMET	4780045	164	0.0126	0.6102	0.5335	0.0019	
nsga150k2x	OMET	4771480	143	0.0209	0.6513	0.5333	0.0021	
nsga150k2x	OMET	4779287	166	0.0209	0.6840	0.5328	0.0020	
nsga150k2x	OMET	4773755	159	0.0251	0.6574	0.5338	0.0021	
nsga150k2x	OMET	4780941	161	0.0209	0.6340	0.5304	0.0022	
nsga150k2x	OMET	4784879	153	0.0251	0.6565	0.5341	0.0020	
nsga150k2x	OMET	4770144	167	0.0502	0.6004	0.5363	0.0018	
nsga150k2x	OMET	4791395	167	0.0335	0.7025	0.5382	0.0018	
nsga150k2x	OMET	4916005	163	0.0335	0.6769	0.5386	0.0017	
nsga150k2x	OMET	4812331	168	0.0167	0.6082	0.5370	0.0018	
nsga150k2x	OMET	4795766	154	0.0544	0.6575	0.5415	0.0016	
nsga150k2x	OMET	4789092	160	0.0293	0.6635	0.5360	0.0019	
nsga150k2x	OMET	4792759	150	0.0293	0.5852	0.5368	0.0018	
nsga150k2x	OMET	4781368	153	0.0084	0.5884	0.5317	0.0022	
nsga150k2x	OMET	4779940	168	0.0084	0.6131	0.5303	0.0021	
nsga150k2x	OMET	4790472	157	0.0126	0.6321	0.5362	0.0018	
nsga150k2x	OMET	4791028	159	0.0167	0.6656	0.5333	0.0019	
nsga150k2x	OMET	4809029	166	0.0418	0.6803	0.5399	0.0017	
nsga150k2x	OMET	4793691	168	0.0126	0.6554	0.5338	0.0019	
nsga150k2x	OMET	4768163	156	0.0335	0.5746	0.5337	0.0022	
nsga150k2x	OMET	4787231	168	0.0000	0.6402	0.5273	0.0021	
nsga150k2x	OMET	4790835	158	0.0042	0.6379	0.5301	0.0021	
nsga150k2x	OMET	4790298	158	0.0251	0.6621	0.5361	0.0019	
nsga150k2x	OMET	4803173	159	0.0084	0.6910	0.5353	0.0021	
nsga150k2x	OMET	4801694	167	0.0251	0.6896	0.5388	0.0018	
nsga150k2x	OMET	4781532	160	0.0377	0.6272	0.5358	0.0018	
nsga150k2x	PARM	9009188	92	0.0309	0.6489	0.5151	0.0037	
nsga150k2x	PARM	9047929	96	0.0185	0.7152	0.5123	0.0057	
nsga150k2x	PARM	9030171	107	0.0123	0.6950	0.5110	0.0043	
nsga150k2x	PARM	9001771	125	0.0062	0.6808	0.4985	0.0042	
nsga150k2x	PARM	9013331	111	0.0185	0.6042	0.5041	0.0039	
nsga150k2x	PARM	9010363	103	0.0123	0.6120	0.5083	0.0037	
nsga150k2x	PARM	8998738	117	0.0000	0.6419	0.5020	0.0044	
nsga150k2x	PARM	9013120	99	0.0123	0.6537	0.5071	0.0042	
nsga150k2x	PARM	9014909	108	0.0123	0.7821	0.5086	0.0055	
nsga150k2x	PARM	8994785	110	0.0062	0.6608	0.5044	0.0042	
nsga150k2x	PARM	8999785	100	0.0494	0.7894	0.5113	0.0056	
nsga150k2x	PARM	9014856	99	0.0309	0.6689	0.5083	0.0048	
nsga150k2x	PARM	9018688	105	0.0247	0.7904	0.5116	0.0052	
nsga150k2x	PARM	9020616	96	0.0247	0.7250	0.5059	0.0047	
nsga150k2x	PARM	9033358	95	0.0309	0.7080	0.5128	0.0049	
nsga150k2x	PARM	9026284	117	0.0185	0.6244	0.5069	0.0042	
nsga150k2x	PARM	9015795	101	0.0123	0.6550	0.5075	0.0042	
nsga150k2x	PARM	9014625	111	0.0000	0.6680	0.5068	0.0041	
nsga150k2x	PARM	9053914	111	0.0247	0.6807	0.5175	0.0041	
nsga150k2x	PARM	9202101	103	0.0123	0.6328	0.5020	0.0047	
nsga150k2x	PARM	9152449	111	0.0185	0.6972	0.5135	0.0040	
nsga150k2x	PARM	9082825	100	0.0000	0.6143	0.5051	0.0046	
nsga150k2x	PARM	9087152	95	0.0494	0.7534	0.5109	0.0048	
nsga150k2x	PARM	9077785	98	0.0309	0.7366	0.5202	0.0039	
nsga150k2x	PARM	8109085	106	0.0000	0.6658	0.5051	0.0047	
nsga150k2x	PARM	7072759	105	0.0123	0.6938	0.5063	0.0038	
nsga150k2x	PARM	5819860	108	0.0062	0.6723	0.5071	0.0038	
nsga150k2x	PARM	5806048	102	0.0309	0.6889	0.5134	0.0036	
nsga150k2x	PARM	5822718	116	0.0123	0.5949	0.5069	0.0040	
nsga150k2x	PARM	5820681	110	0.0247	0.7381	0.5088	0.0047	
nsga150k2x	PARM	5815289	110	0.0370	0.6572	0.5119	0.0034	
nsga150k2x	PARM	5835804	108	0.0062	0.5680	0.5039	0.0043	
nsga150k2x	PARM	5837122	103	0.0062	0.6704	0.5093	0.0042	
nsga150k2x	PARM	6032548	108	0.0185	0.5377	0.5089	0.0039	
nsga150k2x	PARM	5802620	113	0.0123	0.7060	0.5094	0.0038	
nsga150k2x	PARM	5813571	108	0.0123	0.6320	0.5051	0.0042	
nsga150k2x	PARM	5813916	105	0.0123	0.8077	0.5090	0.0052	
nsga150k2x	PARM	5818467	90	0.0370	0.6823	0.5079	0.0044	
nsga150k2x	PARM	5815671	97	0.0617	0.6860	0.5183	0.0032	
nsga150k2x	PARM	5816397	116	0.0123	0.7235	0.5040	0.0043	
nsga150k2x	PARM	5816657	107	0.0123	0.7211	0.5057	0.0046	
nsga150k2x	PARM	5798648	102	0.0309	0.6629	0.5084	0.0039	
nsga150k2x	PARM	5820269	103	0.0370	0.6418	0.5148	0.0040	
nsga150k2x	PARM	5820953	98	0.0247	0.7641	0.5138	0.0037	
nsga150k2x	PARM	5818208	107	0.0247	0.6646	0.5040	0.0042	
nsga150k2x	PARM	5824420	126	0.0370	0.7410	0.5118	0.0041	
nsga150k2x	PARM	5801628	105	0.0123	0.6128	0.5022	0.0041	
nsga150k2x	PARM	5526196	93	0.0247	0.6921	0.5138	0.0042	
nsga150k2x	PARM	3657984	105	0.0247	0.6760	0.5075	0.0059	
nsga150k2x	PARM	3294743	117	0.0123	0.6050	0.5011	0.0041	
nsga150k2x	PSOA	2547108	144	0.0165	0.5806	0.4201	0.0027	
nsga150k2x	PSOA	2191585	140	0.0264	0.5361	0.4219	0.0025	
nsga150k2x	PSOA	2112397	143	0.0198	0.6444	0.4236	0.0032	
nsga150k2x	PSOA	2117584	144	0.0132	0.6217	0.4182	0.0037	
nsga150k2x	PSOA	2108027	141	0.0198	0.5945	0.4143	0.0048	
nsga150k2x	PSOA	2118720	144	0.0264	0.9166	0.4279	0.0148	
nsga150k2x	PSOA	2208286	139	0.0561	0.9015	0.4271	0.0148	
nsga150k2x	PSOA	2105431	144	0.0297	0.5873	0.4196	0.0054	
nsga150k2x	PSOA	2102527	139	0.0264	0.5640	0.4217	0.0034	
nsga150k2x	PSOA	2107214	144	0.0198	0.5526	0.4227	0.0035	
nsga150k2x	PSOA	2100215	143	0.0099	0.6464	0.4175	0.0042	
nsga150k2x	PSOA	2105067	144	0.0132	0.5510	0.4233	0.0025	
nsga150k2x	PSOA	2106194	144	0.0297	0.8316	0.4222	0.0113	
nsga150k2x	PSOA	2106340	144	0.0165	0.5853	0.4195	0.0042	
nsga150k2x	PSOA	2108570	144	0.0198	0.6999	0.4203	0.0052	
nsga150k2x	PSOA	2111441	144	0.0462	0.5817	0.4271	0.0027	
nsga150k2x	PSOA	2115131	144	0.0495	0.6482	0.4273	0.0041	
nsga150k2x	PSOA	2106892	144	0.0099	0.6470	0.4183	0.0038	
nsga150k2x	PSOA	2110545	142	0.0231	0.6454	0.4231	0.0034	
nsga150k2x	PSOA	2103819	143	0.0132	0.5876	0.4201	0.0037	
nsga150k2x	PSOA	2103496	142	0.0231	0.6065	0.4189	0.0032	
nsga150k2x	PSOA	2110953	141	0.0231	0.5875	0.4244	0.0034	
nsga150k2x	PSOA	2111099	144	0.0165	0.6231	0.4219	0.0033	
nsga150k2x	PSOA	2100953	144	0.0165	0.4836	0.4177	0.0034	
nsga150k2x	PSOA	2101557	142	0.0264	0.5844	0.4224	0.0035	
nsga150k2x	PSOA	2092906	144	0.0165	0.5045	0.4216	0.0029	
nsga150k2x	PSOA	2112625	144	0.0066	0.5790	0.4215	0.0031	
nsga150k2x	PSOA	2107345	143	0.0132	0.6061	0.4223	0.0029	
nsga150k2x	PSOA	2139385	141	0.0132	0.9633	0.4229	0.0174	
nsga150k2x	PSOA	3031492	144	0.0198	0.5660	0.4207	0.0032	
nsga150k2x	PSOA	2129094	138	0.0099	0.6264	0.4187	0.0050	
nsga150k2x	PSOA	2105654	144	0.0132	0.5373	0.4146	0.0031	
nsga150k2x	PSOA	2099723	144	0.0264	0.9615	0.4236	0.0158	
nsga150k2x	PSOA	2107357	144	0.0099	0.5629	0.4178	0.0036	
nsga150k2x	PSOA	2095165	142	0.0099	0.5707	0.4183	0.0033	
nsga150k2x	PSOA	2105566	140	0.0297	0.6267	0.4244	0.0048	
nsga150k2x	PSOA	2096602	144	0.0264	0.4965	0.4199	0.0029	
nsga150k2x	PSOA	2099284	142	0.0264	0.4976	0.4216	0.0031	
nsga150k2x	PSOA	2099152	144	0.0132	0.5695	0.4175	0.0034	
nsga150k2x	PSOA	2112095	144	0.0231	0.8040	0.4244	0.0088	
nsga150k2x	PSOA	2104809	144	0.0198	0.5647	0.4221	0.0030	
nsga150k2x	PSOA	2109885	144	0.0231	0.6014	0.4234	0.0032	
nsga150k2x	PSOA	2118200	143	0.0198	0.5440	0.4238	0.0028	
nsga150k2x	PSOA	2112889	143	0.0165	0.6272	0.4210	0.0035	
nsga150k2x	PSOA	2123786	144	0.0099	0.6749	0.4153	0.0045	
nsga150k2x	PSOA	2117771	143	0.0132	0.6841	0.4224	0.0057	
nsga150k2x	PSOA	2120484	144	0.0198	0.5642	0.4187	0.0031	
nsga150k2x	PSOA	2120676	144	0.0132	0.5838	0.4229	0.0032	
nsga150k2x	PSOA	2116495	141	0.0099	0.5906	0.4213	0.0036	
nsga150k2x	PSOA	2117681	144	0.0066	0.6240	0.4216	0.0042	
nsga150k2x	WAMS	3324792	120	0.0174	0.4042	0.5154	0.0016	
nsga150k2x	WAMS	3321645	120	0.0149	0.4648	0.5131	0.0017	
nsga150k2x	WAMS	3291343	120	0.0248	0.4035	0.5147	0.0015	
nsga150k2x	WAMS	3320159	120	0.0298	0.4425	0.5159	0.0013	
nsga150k2x	WAMS	3325401	120	0.0149	0.4668	0.5169	0.0013	
nsga150k2x	WAMS	3329709	120	0.0248	0.4228	0.5171	0.0014	
nsga150k2x	WAMS	3306285	120	0.0248	0.4450	0.5171	0.0014	
nsga150k2x	WAMS	3325028	120	0.0099	0.4551	0.5122	0.0016	
nsga150k2x	WAMS	3320558	120	0.0372	0.4571	0.5166	0.0015	
nsga150k2x	WAMS	3303011	120	0.0323	0.4271	0.5173	0.0013	
nsga150k2x	WAMS	3336957	120	0.0174	0.4718	0.5154	0.0016	
nsga150k2x	WAMS	3311019	120	0.0174	0.4773	0.5148	0.0016	
nsga150k2x	WAMS	3312070	120	0.0149	0.4459	0.5091	0.0025	
nsga150k2x	WAMS	3330200	119	0.0099	0.4819	0.5115	0.0019	
nsga150k2x	WAMS	3319621	120	0.0248	0.5016	0.5139	0.0019	
nsga150k2x	WAMS	3314301	120	0.0074	0.4624	0.5138	0.0015	
nsga150k2x	WAMS	3316328	118	0.0099	0.4327	0.5127	0.0018	
nsga150k2x	WAMS	3322907	120	0.0298	0.4541	0.5145	0.0018	
nsga150k2x	WAMS	3307038	120	0.0149	0.4179	0.5154	0.0016	
nsga150k2x	WAMS	3260046	120	0.0298	0.4364	0.5177	0.0013	
nsga150k2x	WAMS	3265035	120	0.0174	0.4504	0.5162	0.0015	
nsga150k2x	WAMS	3279528	120	0.0248	0.4785	0.5146	0.0018	
nsga150k2x	WAMS	3271720	120	0.0248	0.4772	0.5138	0.0016	
nsga150k2x	WAMS	3282030	120	0.0199	0.4234	0.5100	0.0022	
nsga150k2x	WAMS	3266904	120	0.0149	0.4375	0.5155	0.0016	
nsga150k2x	WAMS	3261456	120	0.0074	0.4529	0.5135	0.0020	
nsga150k2x	WAMS	3263725	120	0.0099	0.4687	0.5140	0.0019	
nsga150k2x	WAMS	3277391	120	0.0372	0.4619	0.5193	0.0011	
nsga150k2x	WAMS	3259924	120	0.0223	0.4681	0.5188	0.0013	
nsga150k2x	WAMS	3254984	120	0.0223	0.4625	0.5140	0.0015	
nsga150k2x	WAMS	3264567	120	0.0124	0.4223	0.5141	0.0018	
nsga150k2x	WAMS	3271110	120	0.0124	0.4649	0.5107	0.0021	
nsga150k2x	WAMS	3271303	120	0.0223	0.4427	0.5116	0.0021	
nsga150k2x	WAMS	3275753	120	0.0223	0.4297	0.5156	0.0015	
nsga150k2x	WAMS	3260882	120	0.0199	0.4591	0.5146	0.0018	
nsga150k2x	WAMS	3271911	120	0.0273	0.4427	0.5150	0.0016	
nsga150k2x	WAMS	3265603	120	0.0124	0.4483	0.5165	0.0016	
nsga150k2x	WAMS	3274422	120	0.0223	0.4566	0.5142	0.0019	
nsga150k2x	WAMS	3271526	120	0.0248	0.4994	0.5147	0.0019	
nsga150k2x	WAMS	3279580	120	0.0298	0.4711	0.5172	0.0013	
nsga150k2x	WAMS	3282526	120	0.0149	0.4352	0.5102	0.0021	
nsga150k2x	WAMS	3269529	120	0.0273	0.4582	0.5179	0.0014	
nsga150k2x	WAMS	3251788	120	0.0149	0.4638	0.5128	0.0019	
nsga150k2x	WAMS	3266064	120	0.0223	0.4118	0.5168	0.0014	
nsga150k2x	WAMS	3278058	120	0.0174	0.4795	0.5139	0.0018	
nsga150k2x	WAMS	3289149	120	0.0124	0.5517	0.5123	0.0026	
nsga150k2x	WAMS	3273603	120	0.0124	0.4435	0.5119	0.0017	
nsga150k2x	WAMS	3257541	120	0.0273	0.4755	0.5147	0.0018	
nsga150k2x	WAMS	3276323	120	0.0174	0.4760	0.5157	0.0015	
nsga150k2x	WAMS	3253579	120	0.0199	0.4152	0.5161	0.0015	
nsga150k2x	WMET	1358102	88	0.0360	0.4675	0.4946	0.0018	
nsga150k2x	WMET	1353460	88	0.0139	0.4260	0.4896	0.0031	
nsga150k2x	WMET	1354968	88	0.0249	0.3895	0.4923	0.0024	
nsga150k2x	WMET	1356284	88	0.0305	0.4732	0.4923	0.0024	
nsga150k2x	WMET	1357932	88	0.0111	0.4155	0.4901	0.0027	
nsga150k2x	WMET	1355676	88	0.0139	0.3774	0.4927	0.0021	
nsga150k2x	WMET	1357050	88	0.0083	0.3846	0.4900	0.0027	
nsga150k2x	WMET	1365273	87	0.0111	0.4303	0.4918	0.0022	
nsga150k2x	WMET	1353950	88	0.0166	0.4426	0.4894	0.0029	
nsga150k2x	WMET	1361152	88	0.0222	0.4164	0.4928	0.0021	
nsga150k2x	WMET	1358581	88	0.0305	0.3999	0.4960	0.0017	
nsga150k2x	WMET	1513890	88	0.0055	0.4007	0.4885	0.0026	
nsga150k2x	WMET	1387435	88	0.0194	0.3879	0.4930	0.0020	
nsga150k2x	WMET	1352533	88	0.0222	0.4074	0.4958	0.0019	
nsga150k2x	WMET	1357592	88	0.0249	0.4292	0.4925	0.0025	
nsga150k2x	WMET	1357313	88	0.0249	0.3559	0.4904	0.0028	
nsga150k2x	WMET	1363732	88	0.0222	0.4220	0.4924	0.0021	
nsga150k2x	WMET	1359733	88	0.0166	0.4457	0.4902	0.0026	
nsga150k2x	WMET	1355810	88	0.0277	0.4057	0.4939	0.0021	
nsga150k2x	WMET	1362500	88	0.0083	0.4159	0.4892	0.0028	
nsga150k2x	WMET	1353577	88	0.0194	0.3903	0.4951	0.0017	
nsga150k2x	WMET	1357530	88	0.0249	0.4442	0.4941	0.0022	
nsga150k2x	WMET	1361449	88	0.0139	0.5529	0.4901	0.0031	
nsga150k2x	WMET	1358747	88	0.0028	0.4192	0.4883	0.0025	
nsga150k2x	WMET	1356768	88	0.0083	0.4136	0.4870	0.0030	
nsga150k2x	WMET	1354822	88	0.0139	0.3654	0.4924	0.0023	
nsga150k2x	WMET	1350655	88	0.0166	0.4242	0.4920	0.0026	
nsga150k2x	WMET	1356257	88	0.0139	0.4751	0.4902	0.0034	
nsga150k2x	WMET	1348874	88	0.0166	0.4020	0.4917	0.0024	
nsga150k2x	WMET	1361726	88	0.0249	0.4068	0.4908	0.0026	
nsga150k2x	WMET	1362817	88	0.0111	0.4376	0.4897	0.0028	
nsga150k2x	WMET	1356601	88	0.0222	0.4390	0.4936	0.0029	
nsga150k2x	WMET	1363784	88	0.0166	0.4400	0.4929	0.0022	
nsga150k2x	WMET	1359024	88	0.0416	0.4389	0.4960	0.0017	
nsga150k2x	WMET	1355964	88	0.0416	0.4312	0.4964	0.0019	
nsga150k2x	WMET	1353166	88	0.0277	0.4886	0.4912	0.0022	
nsga150k2x	WMET	1355471	88	0.0111	0.4637	0.4871	0.0031	
nsga150k2x	WMET	1350700	88	0.0166	0.3771	0.4926	0.0022	
nsga150k2x	WMET	1350358	88	0.0388	0.4015	0.4922	0.0024	
nsga150k2x	WMET	1360680	88	0.0111	0.4033	0.4915	0.0022	
nsga150k2x	WMET	1278844	88	0.0111	0.4045	0.4927	0.0024	
nsga150k2x	WMET	1117481	88	0.0277	0.5614	0.4945	0.0026	
nsga150k2x	WMET	1117085	88	0.0139	0.3869	0.4931	0.0021	
nsga150k2x	WMET	1117203	88	0.0111	0.4033	0.4880	0.0027	
nsga150k2x	WMET	1120714	88	0.0277	0.4109	0.4937	0.0019	
nsga150k2x	WMET	1122135	88	0.0194	0.3760	0.4892	0.0030	
nsga150k2x	WMET	1121539	88	0.0416	0.4760	0.4949	0.0024	
nsga150k2x	WMET	1114383	88	0.0222	0.4249	0.4919	0.0027	
nsga150k2x	WMET	1115142	88	0.0249	0.4586	0.4949	0.0018	
nsga150k2x	WMET	1116118	88	0.0166	0.4511	0.4927	0.0030	