config	inst	time	count	best	spr	hv	gd	
NSGANE	I0	470868	80	0.0219	0.5162	0.3334	0.0003	
NSGANE	I0	471678	80	0.0219	0.4343	0.3341	0.0003	
NSGANE	I0	374959	80	0.0211	0.4552	0.3322	0.0004	
NSGANE	I0	376048	80	0.0211	0.5108	0.3325	0.0003	
NSGANE	I0	370061	80	0.0169	0.4588	0.3331	0.0004	
NSGANE	I0	366525	80	0.0160	0.4326	0.3301	0.0004	
NSGANE	I0	369233	80	0.0177	0.3843	0.3342	0.0004	
NSGANE	I0	367526	80	0.0186	0.4809	0.3330	0.0004	
NSGANE	I0	369765	80	0.0211	0.4567	0.3332	0.0004	
NSGANE	I0	368488	80	0.0186	0.4875	0.3313	0.0003	
NSGANE	I0	367130	80	0.0169	0.4557	0.3331	0.0004	
NSGANE	I0	369164	80	0.0219	0.4014	0.3331	0.0003	
NSGANE	I0	366822	80	0.0270	0.4550	0.3324	0.0003	
NSGANE	I0	368822	80	0.0143	0.4811	0.3332	0.0003	
NSGANE	I0	370744	80	0.0312	0.5009	0.3335	0.0002	
NSGANE	I0	368189	80	0.0211	0.4415	0.3329	0.0003	
NSGANE	I0	368199	80	0.0152	0.4642	0.3336	0.0004	
NSGANE	I0	370006	80	0.0194	0.4351	0.3332	0.0003	
NSGANE	I0	367918	80	0.0169	0.4167	0.3336	0.0003	
NSGANE	I0	368315	80	0.0186	0.3940	0.3342	0.0003	
NSGANE	I0	370986	80	0.0194	0.4539	0.3335	0.0003	
NSGANE	I0	370433	80	0.0203	0.4710	0.3324	0.0004	
NSGANE	I0	368594	80	0.0228	0.4889	0.3335	0.0002	
NSGANE	I0	368430	80	0.0211	0.4912	0.3317	0.0004	
NSGANE	I0	368588	80	0.0194	0.4820	0.3332	0.0003	
NSGANE	I0	367487	80	0.0211	0.4643	0.3326	0.0003	
NSGANE	I0	369127	80	0.0169	0.4848	0.3325	0.0004	
NSGANE	I0	370475	80	0.0236	0.4604	0.3340	0.0003	
NSGANE	I0	368430	80	0.0194	0.4807	0.3318	0.0004	
NSGANE	I0	369709	80	0.0219	0.4177	0.3331	0.0004	
NSGANE	I0	370040	80	0.0186	0.4963	0.3329	0.0003	
NSGANE	I0	368903	80	0.0169	0.4964	0.3308	0.0003	
NSGANE	I0	370021	80	0.0186	0.4855	0.3336	0.0003	
NSGANE	I0	367873	80	0.0236	0.4270	0.3339	0.0004	
NSGANE	I0	368814	80	0.0160	0.4059	0.3333	0.0004	
NSGANE	I0	367180	80	0.0219	0.4703	0.3321	0.0003	
NSGANE	I0	369282	80	0.0186	0.4120	0.3328	0.0004	
NSGANE	I0	370004	80	0.0110	0.4399	0.3331	0.0004	
NSGANE	I0	368680	80	0.0186	0.4197	0.3326	0.0004	
NSGANE	I0	368300	80	0.0228	0.4464	0.3332	0.0004	
NSGANE	I0	370244	80	0.0194	0.4692	0.3319	0.0003	
NSGANE	I0	368837	80	0.0262	0.4674	0.3332	0.0003	
NSGANE	I0	368558	80	0.0211	0.4503	0.3322	0.0003	
NSGANE	I0	368510	80	0.0236	0.4521	0.3337	0.0003	
NSGANE	I0	368522	80	0.0152	0.4574	0.3343	0.0003	
NSGANE	I0	367276	80	0.0219	0.4563	0.3319	0.0003	
NSGANE	I0	367185	80	0.0211	0.4489	0.3328	0.0004	
NSGANE	I0	368160	80	0.0236	0.4656	0.3309	0.0003	
NSGANE	I0	369045	80	0.0236	0.4697	0.3330	0.0004	
NSGANE	I0	367439	80	0.0143	0.4084	0.3329	0.0004	
NSGANE	I1	2256590	168	0.0249	0.4614	0.3370	0.0001	
NSGANE	I1	2256682	168	0.0198	0.4668	0.3368	0.0001	
NSGANE	I1	2263604	168	0.0235	0.4641	0.3370	0.0001	
NSGANE	I1	2257498	168	0.0168	0.4481	0.3356	0.0002	
NSGANE	I1	2258863	168	0.0222	0.4403	0.3375	0.0001	
NSGANE	I1	2248535	168	0.0212	0.3996	0.3367	0.0001	
NSGANE	I1	2250189	168	0.0191	0.4403	0.3346	0.0001	
NSGANE	I1	2251052	168	0.0215	0.4548	0.3370	0.0002	
NSGANE	I1	2245984	168	0.0202	0.4388	0.3363	0.0001	
NSGANE	I1	2253521	168	0.0188	0.4270	0.3377	0.0001	
NSGANE	I1	2251986	168	0.0198	0.4672	0.3364	0.0001	
NSGANE	I1	2245565	168	0.0245	0.4138	0.3373	0.0001	
NSGANE	I1	2249567	168	0.0185	0.4375	0.3376	0.0001	
NSGANE	I1	2259215	168	0.0232	0.4592	0.3368	0.0002	
NSGANE	I1	2252018	168	0.0235	0.4414	0.3362	0.0001	
NSGANE	I1	2261741	168	0.0215	0.4248	0.3374	0.0001	
NSGANE	I1	2254372	168	0.0228	0.4776	0.3355	0.0001	
NSGANE	I1	2247099	168	0.0228	0.4399	0.3371	0.0001	
NSGANE	I1	2248998	168	0.0168	0.4300	0.3369	0.0002	
NSGANE	I1	2251348	168	0.0238	0.3819	0.3383	0.0001	
NSGANE	I1	2259085	168	0.0198	0.4520	0.3365	0.0001	
NSGANE	I1	2092389	168	0.0168	0.4529	0.3355	0.0001	
NSGANE	I1	1648125	168	0.0165	0.4331	0.3379	0.0001	
NSGANE	I1	1648520	168	0.0191	0.4618	0.3370	0.0001	
NSGANE	I1	1647476	168	0.0161	0.4390	0.3359	0.0002	
NSGANE	I1	1643373	168	0.0198	0.4475	0.3365	0.0001	
NSGANE	I1	1644831	168	0.0185	0.4488	0.3357	0.0002	
NSGANE	I1	1642473	168	0.0165	0.4495	0.3339	0.0001	
NSGANE	I1	1640513	168	0.0195	0.4533	0.3364	0.0002	
NSGANE	I1	1648877	168	0.0171	0.4722	0.3374	0.0001	
NSGANE	I1	1640257	168	0.0185	0.4289	0.3358	0.0002	
NSGANE	I1	1645749	168	0.0161	0.4388	0.3364	0.0002	
NSGANE	I1	1645148	168	0.0198	0.4410	0.3367	0.0001	
NSGANE	I1	1647809	168	0.0158	0.4161	0.3373	0.0002	
NSGANE	I1	1647895	168	0.0205	0.4257	0.3374	0.0001	
NSGANE	I1	1643313	168	0.0168	0.4353	0.3372	0.0001	
NSGANE	I1	1705986	168	0.0198	0.4448	0.3371	0.0002	
NSGANE	I1	2073550	168	0.0202	0.3975	0.3356	0.0002	
NSGANE	I1	1660268	168	0.0262	0.4296	0.3373	0.0001	
NSGANE	I1	1644149	168	0.0165	0.4332	0.3372	0.0002	
NSGANE	I1	1643874	168	0.0181	0.4431	0.3369	0.0001	
NSGANE	I1	1646489	168	0.0212	0.4659	0.3359	0.0002	
NSGANE	I1	1646735	168	0.0188	0.4284	0.3359	0.0002	
NSGANE	I1	1643746	168	0.0215	0.4569	0.3371	0.0001	
NSGANE	I1	1648966	168	0.0215	0.4387	0.3356	0.0001	
NSGANE	I1	1079060	168	0.0245	0.4146	0.3380	0.0001	
NSGANE	I1	1060647	168	0.0191	0.4856	0.3355	0.0002	
NSGANE	I1	1063289	168	0.0218	0.4373	0.3372	0.0001	
NSGANE	I1	1064520	168	0.0185	0.4713	0.3368	0.0001	
NSGANE	I1	933538	168	0.0198	0.4183	0.3368	0.0001	
NSGANE	I2	2847071	216	0.0220	0.4674	0.3371	0.0001	
NSGANE	I2	2643711	216	0.0161	0.4370	0.3388	0.0001	
NSGANE	I2	2643941	216	0.0223	0.4749	0.3355	0.0001	
NSGANE	I2	2638096	216	0.0171	0.4377	0.3363	0.0002	
NSGANE	I2	2627710	216	0.0216	0.4546	0.3335	0.0001	
NSGANE	I2	2647462	216	0.0213	0.4626	0.3393	0.0001	
NSGANE	I2	2646878	216	0.0196	0.4329	0.3388	0.0001	
NSGANE	I2	2621264	216	0.0206	0.4518	0.3389	0.0001	
NSGANE	I2	2616190	216	0.0220	0.4768	0.3384	0.0001	
NSGANE	I2	2622795	216	0.0168	0.4002	0.3380	0.0001	
NSGANE	I2	2616070	216	0.0154	0.4304	0.3376	0.0001	
NSGANE	I2	2604207	216	0.0189	0.4373	0.3355	0.0001	
NSGANE	I2	2619082	216	0.0244	0.4182	0.3387	0.0001	
NSGANE	I2	2613134	216	0.0203	0.4558	0.3377	0.0001	
NSGANE	I2	2599719	216	0.0248	0.4639	0.3362	0.0001	
NSGANE	I2	2608562	216	0.0234	0.4212	0.3379	0.0001	
NSGANE	I2	2597766	216	0.0192	0.4600	0.3375	0.0001	
NSGANE	I2	2588984	216	0.0203	0.4105	0.3388	0.0001	
NSGANE	I2	2572261	216	0.0203	0.4668	0.3376	0.0001	
NSGANE	I2	2563409	216	0.0157	0.4558	0.3382	0.0001	
NSGANE	I2	2557556	216	0.0157	0.4435	0.3330	0.0001	
NSGANE	I2	2572528	216	0.0216	0.4446	0.3393	0.0001	
NSGANE	I2	2546577	216	0.0241	0.4392	0.3388	0.0001	
NSGANE	I2	2546762	216	0.0168	0.4625	0.3355	0.0001	
NSGANE	I2	2542405	216	0.0164	0.4541	0.3363	0.0002	
NSGANE	I2	2498203	216	0.0213	0.4453	0.3382	0.0001	
NSGANE	I2	1920736	216	0.0199	0.4450	0.3383	0.0002	
NSGANE	I2	1912752	216	0.0192	0.4494	0.3392	0.0001	
NSGANE	I2	1914580	216	0.0171	0.5118	0.3354	0.0001	
NSGANE	I2	1904168	216	0.0223	0.4502	0.3379	0.0001	
NSGANE	I2	1911947	216	0.0216	0.4638	0.3360	0.0001	
NSGANE	I2	1910412	216	0.0185	0.4211	0.3383	0.0001	
NSGANE	I2	1912161	216	0.0234	0.4746	0.3389	0.0001	
NSGANE	I2	1902973	216	0.0189	0.4249	0.3373	0.0001	
NSGANE	I2	1910047	216	0.0147	0.4218	0.3367	0.0001	
NSGANE	I2	1908886	216	0.0220	0.4647	0.3371	0.0001	
NSGANE	I2	1912092	216	0.0154	0.4171	0.3382	0.0002	
NSGANE	I2	1905593	216	0.0227	0.4202	0.3384	0.0001	
NSGANE	I2	1936475	216	0.0213	0.4559	0.3385	0.0002	
NSGANE	I2	2357318	216	0.0175	0.4189	0.3395	0.0001	
NSGANE	I2	1925156	216	0.0248	0.4342	0.3393	0.0001	
NSGANE	I2	1907211	216	0.0203	0.4219	0.3378	0.0001	
NSGANE	I2	1912449	216	0.0223	0.4565	0.3384	0.0001	
NSGANE	I2	1914800	216	0.0178	0.4688	0.3382	0.0001	
NSGANE	I2	1905190	216	0.0154	0.4523	0.3375	0.0001	
NSGANE	I2	1896833	216	0.0251	0.4180	0.3373	0.0001	
NSGANE	I2	1210986	216	0.0213	0.4181	0.3367	0.0001	
NSGANE	I2	1211398	216	0.0150	0.3898	0.3367	0.0001	
NSGANE	I2	1216761	216	0.0223	0.4561	0.3393	0.0001	
NSGANE	I2	1214439	216	0.0234	0.4329	0.3378	0.0001	
NSGANE	I3	2637905	144	0.0220	0.4453	0.3377	0.0001	
NSGANE	I3	2415041	144	0.0186	0.4393	0.3389	0.0001	
NSGANE	I3	2415212	144	0.0197	0.4552	0.3377	0.0001	
NSGANE	I3	2429023	144	0.0203	0.4371	0.3387	0.0001	
NSGANE	I3	2426546	144	0.0220	0.4552	0.3384	0.0001	
NSGANE	I3	2422553	144	0.0189	0.4170	0.3376	0.0001	
NSGANE	I3	2419180	144	0.0180	0.4034	0.3382	0.0001	
NSGANE	I3	2403049	144	0.0200	0.4238	0.3381	0.0001	
NSGANE	I3	2376846	144	0.0209	0.3973	0.3384	0.0001	
NSGANE	I3	2379847	144	0.0209	0.4539	0.3380	0.0001	
NSGANE	I3	2378521	144	0.0231	0.4424	0.3387	0.0002	
NSGANE	I3	2379700	144	0.0197	0.3992	0.3381	0.0001	
NSGANE	I3	2388165	144	0.0226	0.4503	0.3388	0.0001	
NSGANE	I3	2384868	144	0.0178	0.4446	0.3380	0.0002	
NSGANE	I3	2391192	144	0.0189	0.4945	0.3381	0.0002	
NSGANE	I3	2385872	144	0.0172	0.4347	0.3380	0.0001	
NSGANE	I3	2386423	144	0.0192	0.4872	0.3382	0.0001	
NSGANE	I3	2389709	144	0.0164	0.4498	0.3378	0.0001	
NSGANE	I3	2391690	144	0.0192	0.4459	0.3389	0.0002	
NSGANE	I3	2393302	144	0.0175	0.4156	0.3385	0.0001	
NSGANE	I3	2401316	144	0.0183	0.4057	0.3380	0.0002	
NSGANE	I3	2414569	144	0.0203	0.4358	0.3391	0.0001	
NSGANE	I3	2397124	144	0.0203	0.3958	0.3382	0.0001	
NSGANE	I3	2401935	144	0.0169	0.4273	0.3386	0.0001	
NSGANE	I3	2411246	144	0.0183	0.4429	0.3376	0.0001	
NSGANE	I3	2412989	144	0.0237	0.4323	0.3386	0.0001	
NSGANE	I3	2401481	144	0.0237	0.4402	0.3391	0.0001	
NSGANE	I3	2398697	144	0.0192	0.4179	0.3381	0.0002	
NSGANE	I3	1807907	144	0.0217	0.3973	0.3383	0.0001	
NSGANE	I3	1742238	144	0.0186	0.4273	0.3378	0.0002	
NSGANE	I3	1749990	144	0.0231	0.4235	0.3388	0.0001	
NSGANE	I3	1753700	144	0.0209	0.4737	0.3386	0.0001	
NSGANE	I3	1750954	144	0.0245	0.4052	0.3387	0.0001	
NSGANE	I3	1740153	144	0.0189	0.4243	0.3378	0.0001	
NSGANE	I3	1747284	144	0.0192	0.4072	0.3385	0.0001	
NSGANE	I3	1746376	144	0.0217	0.4489	0.3383	0.0001	
NSGANE	I3	1745955	144	0.0189	0.4775	0.3377	0.0001	
NSGANE	I3	1752063	144	0.0183	0.3881	0.3383	0.0001	
NSGANE	I3	1746263	144	0.0175	0.4447	0.3375	0.0001	
NSGANE	I3	1753605	144	0.0206	0.4222	0.3385	0.0001	
NSGANE	I3	1750924	144	0.0200	0.3824	0.3384	0.0002	
NSGANE	I3	1745415	144	0.0212	0.4171	0.3384	0.0001	
NSGANE	I3	2165563	144	0.0169	0.4259	0.3380	0.0002	
NSGANE	I3	1877592	144	0.0203	0.4426	0.3374	0.0001	
NSGANE	I3	1740144	144	0.0192	0.3991	0.3386	0.0001	
NSGANE	I3	1741548	144	0.0220	0.4115	0.3384	0.0001	
NSGANE	I3	1737765	144	0.0206	0.4199	0.3381	0.0001	
NSGANE	I3	1747756	144	0.0209	0.4351	0.3383	0.0001	
NSGANE	I3	1737835	144	0.0200	0.3863	0.3393	0.0001	
NSGANE	I3	1745914	144	0.0214	0.3995	0.3383	0.0001	
NSGANE	I4	1168031	120	0.0194	0.4349	0.3373	0.0002	
NSGANE	I4	963271	120	0.0194	0.4763	0.3366	0.0002	
NSGANE	I4	949245	120	0.0154	0.4120	0.3369	0.0002	
NSGANE	I4	952281	120	0.0199	0.4289	0.3367	0.0002	
NSGANE	I4	958383	120	0.0199	0.4673	0.3372	0.0002	
NSGANE	I4	945622	120	0.0204	0.4321	0.3354	0.0003	
NSGANE	I4	952483	120	0.0269	0.4217	0.3374	0.0002	
NSGANE	I4	950507	120	0.0179	0.4270	0.3360	0.0002	
NSGANE	I4	953651	120	0.0229	0.4285	0.3379	0.0002	
NSGANE	I4	945781	120	0.0224	0.4505	0.3373	0.0003	
NSGANE	I4	950394	120	0.0199	0.4346	0.3370	0.0002	
NSGANE	I4	952400	120	0.0179	0.4345	0.3369	0.0003	
NSGANE	I4	950742	120	0.0154	0.4727	0.3369	0.0002	
NSGANE	I4	952503	120	0.0174	0.4102	0.3379	0.0002	
NSGANE	I4	956464	120	0.0209	0.4547	0.3375	0.0002	
NSGANE	I4	951910	120	0.0179	0.4305	0.3370	0.0002	
NSGANE	I4	951706	120	0.0204	0.4570	0.3365	0.0002	
NSGANE	I4	948944	120	0.0189	0.3952	0.3373	0.0002	
NSGANE	I4	954797	120	0.0264	0.4541	0.3370	0.0002	
NSGANE	I4	939127	120	0.0224	0.4266	0.3374	0.0002	
NSGANE	I4	930317	120	0.0199	0.4130	0.3366	0.0002	
NSGANE	I4	934813	120	0.0169	0.4367	0.3373	0.0002	
NSGANE	I4	931924	120	0.0184	0.4643	0.3370	0.0002	
NSGANE	I4	934386	120	0.0229	0.4402	0.3368	0.0003	
NSGANE	I4	932972	120	0.0174	0.4184	0.3373	0.0002	
NSGANE	I4	929844	120	0.0229	0.3901	0.3373	0.0002	
NSGANE	I4	933063	120	0.0204	0.4298	0.3376	0.0002	
NSGANE	I4	934229	120	0.0174	0.4647	0.3365	0.0002	
NSGANE	I4	938618	120	0.0164	0.4702	0.3371	0.0002	
NSGANE	I4	934238	120	0.0189	0.4479	0.3370	0.0002	
NSGANE	I4	938733	120	0.0154	0.4305	0.3375	0.0002	
NSGANE	I4	935406	120	0.0189	0.4061	0.3373	0.0002	
NSGANE	I4	937716	120	0.0254	0.4036	0.3374	0.0002	
NSGANE	I4	937714	120	0.0204	0.4537	0.3378	0.0002	
NSGANE	I4	940639	120	0.0239	0.4010	0.3382	0.0002	
NSGANE	I4	940393	120	0.0214	0.4126	0.3382	0.0002	
NSGANE	I4	934393	120	0.0219	0.4633	0.3363	0.0002	
NSGANE	I4	932759	120	0.0184	0.4343	0.3359	0.0002	
NSGANE	I4	941113	120	0.0159	0.4260	0.3373	0.0002	
NSGANE	I4	941009	120	0.0214	0.4377	0.3370	0.0002	
NSGANE	I4	941026	120	0.0194	0.4489	0.3379	0.0002	
NSGANE	I4	935942	120	0.0199	0.4089	0.3375	0.0002	
NSGANE	I4	939048	120	0.0174	0.4538	0.3365	0.0003	
NSGANE	I4	937564	120	0.0159	0.4120	0.3371	0.0002	
NSGANE	I4	940448	120	0.0209	0.4397	0.3380	0.0002	
NSGANE	I4	939331	120	0.0199	0.4601	0.3366	0.0002	
NSGANE	I4	943063	120	0.0234	0.4333	0.3373	0.0002	
NSGANE	I4	938920	120	0.0209	0.4394	0.3360	0.0002	
NSGANE	I4	938899	120	0.0214	0.4010	0.3376	0.0002	
NSGANE	I4	943541	120	0.0229	0.4507	0.3374	0.0002	
NSGANE	I5	405081	88	0.0252	0.4553	0.3341	0.0003	
NSGANE	I5	408749	88	0.0235	0.4347	0.3352	0.0003	
NSGANE	I5	404743	88	0.0227	0.4655	0.3337	0.0003	
NSGANE	I5	403699	88	0.0143	0.4374	0.3333	0.0004	
NSGANE	I5	404583	88	0.0268	0.4236	0.3328	0.0003	
NSGANE	I5	404326	88	0.0201	0.4343	0.3309	0.0003	
NSGANE	I5	402615	88	0.0159	0.4487	0.3322	0.0004	
NSGANE	I5	406991	88	0.0227	0.4239	0.3340	0.0004	
NSGANE	I5	405737	88	0.0176	0.4442	0.3340	0.0003	
NSGANE	I5	404344	88	0.0218	0.4191	0.3336	0.0003	
NSGANE	I5	408694	88	0.0159	0.4161	0.3341	0.0003	
NSGANE	I5	407588	88	0.0210	0.4382	0.3343	0.0003	
NSGANE	I5	407009	88	0.0168	0.4187	0.3335	0.0004	
NSGANE	I5	409024	88	0.0185	0.4284	0.3349	0.0003	
NSGANE	I5	407876	88	0.0210	0.4618	0.3345	0.0003	
NSGANE	I5	404024	88	0.0243	0.4747	0.3325	0.0003	
NSGANE	I5	403504	88	0.0168	0.4425	0.3343	0.0003	
NSGANE	I5	403423	88	0.0210	0.4434	0.3333	0.0003	
NSGANE	I5	405129	88	0.0235	0.4180	0.3346	0.0003	
NSGANE	I5	403290	88	0.0193	0.4411	0.3345	0.0004	
NSGANE	I5	405246	88	0.0185	0.3880	0.3346	0.0003	
NSGANE	I5	404931	88	0.0218	0.4804	0.3336	0.0003	
NSGANE	I5	404222	88	0.0218	0.3886	0.3348	0.0003	
NSGANE	I5	404840	88	0.0159	0.4231	0.3337	0.0003	
NSGANE	I5	403497	88	0.0201	0.4487	0.3334	0.0003	
NSGANE	I5	407098	88	0.0201	0.3822	0.3346	0.0004	
NSGANE	I5	406878	88	0.0235	0.4927	0.3343	0.0003	
NSGANE	I5	407466	88	0.0210	0.4075	0.3348	0.0003	
NSGANE	I5	405759	88	0.0210	0.4234	0.3338	0.0003	
NSGANE	I5	404037	88	0.0176	0.4172	0.3339	0.0003	
NSGANE	I5	405151	88	0.0185	0.3901	0.3352	0.0003	
NSGANE	I5	405547	88	0.0185	0.4372	0.3336	0.0003	
NSGANE	I5	406052	88	0.0151	0.5122	0.3318	0.0004	
NSGANE	I5	407295	88	0.0227	0.3930	0.3352	0.0003	
NSGANE	I5	405825	88	0.0260	0.3892	0.3356	0.0003	
NSGANE	I5	405455	88	0.0210	0.4448	0.3338	0.0004	
NSGANE	I5	404885	88	0.0235	0.4162	0.3344	0.0003	
NSGANE	I5	407587	88	0.0176	0.4172	0.3350	0.0003	
NSGANE	I5	406795	88	0.0235	0.4668	0.3337	0.0003	
NSGANE	I5	406049	88	0.0151	0.3530	0.3348	0.0004	
NSGANE	I5	407605	88	0.0268	0.4399	0.3351	0.0003	
NSGANE	I5	405541	88	0.0168	0.4203	0.3333	0.0004	
NSGANE	I5	405378	88	0.0168	0.4376	0.3344	0.0003	
NSGANE	I5	406527	88	0.0176	0.4625	0.3335	0.0003	
NSGANE	I5	404905	88	0.0168	0.4289	0.3329	0.0003	
NSGANE	I5	405868	88	0.0227	0.4738	0.3331	0.0003	
NSGANE	I5	406592	88	0.0201	0.4475	0.3320	0.0003	
NSGANE	I5	405617	88	0.0185	0.4456	0.3341	0.0003	
NSGANE	I5	404878	88	0.0168	0.4644	0.3328	0.0003	
NSGANE	I5	406782	88	0.0159	0.4252	0.3352	0.0003	
NSGA	I0	260784	75	0.0174	0.6259	0.4537	0.0068	
NSGA	I0	192872	67	0.0609	0.6865	0.4734	0.0108	
NSGA	I0	193045	80	0.0000	0.6533	0.4496	0.0068	
NSGA	I0	191555	78	0.0087	0.5899	0.4639	0.0059	
NSGA	I0	193213	76	0.1217	0.6041	0.4812	0.0044	
NSGA	I0	190540	76	0.0174	0.6626	0.4643	0.0065	
NSGA	I0	185911	67	0.0348	0.6293	0.4747	0.0056	
NSGA	I0	187290	75	0.0174	0.7276	0.4595	0.0092	
NSGA	I0	186670	80	0.0000	0.5906	0.4606	0.0055	
NSGA	I0	186438	79	0.0087	0.5487	0.4620	0.0052	
NSGA	I0	187111	70	0.0000	0.6070	0.4587	0.0060	
NSGA	I0	187044	70	0.0174	0.6563	0.4658	0.0057	
NSGA	I0	187732	76	0.0435	0.5854	0.4779	0.0050	
NSGA	I0	186563	73	0.0000	0.5982	0.4587	0.0067	
NSGA	I0	188540	72	0.0174	0.6487	0.4525	0.0065	
NSGA	I0	187031	80	0.0000	0.6963	0.4530	0.0079	
NSGA	I0	186336	80	0.0174	0.7145	0.4578	0.0076	
NSGA	I0	187254	71	0.0348	0.6322	0.4727	0.0068	
NSGA	I0	185683	75	0.0174	0.6105	0.4577	0.0060	
NSGA	I0	187545	71	0.0087	0.6226	0.4592	0.0058	
NSGA	I0	188136	66	0.0261	0.6870	0.4824	0.0064	
NSGA	I0	186314	79	0.0174	0.7172	0.4615	0.0069	
NSGA	I0	187268	65	0.0000	0.5976	0.4645	0.0068	
NSGA	I0	187422	77	0.0174	0.5957	0.4551	0.0088	
NSGA	I0	187688	75	0.0174	0.6023	0.4721	0.0056	
NSGA	I0	187483	80	0.0087	0.6688	0.4627	0.0084	
NSGA	I0	187188	69	0.0000	0.7046	0.4557	0.0088	
NSGA	I0	186735	76	0.0435	0.5326	0.4748	0.0042	
NSGA	I0	186007	68	0.0522	0.6488	0.4706	0.0047	
NSGA	I0	187032	67	0.0348	0.6482	0.4724	0.0053	
NSGA	I0	187306	80	0.0174	0.6334	0.4488	0.0081	
NSGA	I0	186410	70	0.0261	0.5617	0.4774	0.0049	
NSGA	I0	187067	65	0.0609	0.7201	0.4821	0.0050	
NSGA	I0	187427	73	0.0000	0.6709	0.4562	0.0067	
NSGA	I0	186366	67	0.0087	0.6034	0.4614	0.0058	
NSGA	I0	187066	72	0.0087	0.7360	0.4620	0.0081	
NSGA	I0	186358	69	0.0348	0.6777	0.4647	0.0074	
NSGA	I0	187640	65	0.0000	0.6016	0.4604	0.0059	
NSGA	I0	187165	77	0.0087	0.6416	0.4648	0.0062	
NSGA	I0	187199	79	0.0174	0.5407	0.4669	0.0051	
NSGA	I0	187344	74	0.0261	0.7354	0.4643	0.0075	
NSGA	I0	186866	72	0.0348	0.6569	0.4684	0.0049	
NSGA	I0	187857	78	0.0174	0.6758	0.4585	0.0133	
NSGA	I0	186565	80	0.0348	0.5675	0.4661	0.0048	
NSGA	I0	186292	71	0.0087	0.5381	0.4622	0.0068	
NSGA	I0	186863	68	0.0000	0.6113	0.4544	0.0070	
NSGA	I0	186766	80	0.0261	0.6730	0.4658	0.0054	
NSGA	I0	187337	76	0.0000	0.5431	0.4465	0.0071	
NSGA	I0	187099	70	0.0000	0.6590	0.4640	0.0068	
NSGA	I0	186435	69	0.0087	0.6770	0.4688	0.0072	
NSGA	I1	1098460	88	0.0147	0.6968	0.4726	0.0042	
NSGA	I1	1100129	88	0.0221	0.5992	0.4640	0.0043	
NSGA	I1	1096114	88	0.0294	0.6012	0.4727	0.0041	
NSGA	I1	1098150	115	0.0147	0.5671	0.4602	0.0041	
NSGA	I1	1097285	101	0.0147	0.5598	0.4566	0.0045	
NSGA	I1	1096857	93	0.0368	0.6643	0.4789	0.0038	
NSGA	I1	1095407	95	0.0221	0.6019	0.4575	0.0047	
NSGA	I1	1101591	100	0.0441	0.6969	0.4694	0.0050	
NSGA	I1	1099697	95	0.0221	0.6164	0.4691	0.0039	
NSGA	I1	1092858	87	0.0441	0.5544	0.4720	0.0040	
NSGA	I1	1098637	120	0.0000	0.6223	0.4467	0.0047	
NSGA	I1	1099963	82	0.0221	0.6475	0.4666	0.0052	
NSGA	I1	1095877	100	0.0147	0.7175	0.4636	0.0053	
NSGA	I1	1098877	96	0.0000	0.6530	0.4613	0.0042	
NSGA	I1	1099493	95	0.0074	0.6607	0.4651	0.0046	
NSGA	I1	1099527	94	0.0147	0.6417	0.4627	0.0046	
NSGA	I1	1099130	87	0.0074	0.5998	0.4598	0.0051	
NSGA	I1	1103098	100	0.0221	0.6197	0.4676	0.0039	
NSGA	I1	1097308	108	0.0000	0.6431	0.4546	0.0044	
NSGA	I1	1101456	97	0.0074	0.6089	0.4610	0.0044	
NSGA	I1	1094419	109	0.0074	0.5760	0.4559	0.0044	
NSGA	I1	1097901	88	0.0221	0.6258	0.4603	0.0052	
NSGA	I1	1094957	96	0.0221	0.6099	0.4724	0.0043	
NSGA	I1	1097405	91	0.0074	0.5677	0.4666	0.0043	
NSGA	I1	1098278	83	0.0221	0.6399	0.4648	0.0041	
NSGA	I1	1101191	93	0.0000	0.6343	0.4615	0.0049	
NSGA	I1	1096362	101	0.0147	0.6652	0.4676	0.0043	
NSGA	I1	1095377	96	0.0221	0.6439	0.4624	0.0043	
NSGA	I1	1097014	90	0.0368	0.6708	0.4669	0.0044	
NSGA	I1	1093206	83	0.0147	0.5888	0.4712	0.0042	
NSGA	I1	1099063	97	0.0294	0.5765	0.4638	0.0044	
NSGA	I1	1101036	94	0.0147	0.5860	0.4676	0.0043	
NSGA	I1	1096799	103	0.0221	0.6628	0.4691	0.0044	
NSGA	I1	1285359	82	0.0221	0.6378	0.4708	0.0044	
NSGA	I1	1213972	95	0.0147	0.6111	0.4685	0.0045	
NSGA	I1	1103769	92	0.0000	0.5800	0.4509	0.0050	
NSGA	I1	1110688	86	0.0294	0.6634	0.4685	0.0043	
NSGA	I1	1105700	105	0.0147	0.6741	0.4646	0.0041	
NSGA	I1	1104035	86	0.0441	0.6188	0.4712	0.0044	
NSGA	I1	1105009	93	0.0074	0.5743	0.4668	0.0043	
NSGA	I1	1101761	93	0.0588	0.6325	0.4690	0.0042	
NSGA	I1	1103736	103	0.0368	0.7509	0.4619	0.0054	
NSGA	I1	1105183	91	0.0441	0.5957	0.4689	0.0040	
NSGA	I1	1108797	92	0.0147	0.6205	0.4651	0.0041	
NSGA	I1	1107660	93	0.0147	0.6087	0.4663	0.0046	
NSGA	I1	1108256	102	0.0000	0.5930	0.4614	0.0048	
NSGA	I1	1105925	98	0.0074	0.5780	0.4724	0.0035	
NSGA	I1	1108460	87	0.0515	0.6540	0.4717	0.0039	
NSGA	I1	1109426	94	0.0147	0.6007	0.4708	0.0042	
NSGA	I1	1122209	98	0.0294	0.6695	0.4665	0.0045	
NSGA	I2	1365834	61	0.0220	0.6248	0.4791	0.0097	
NSGA	I2	1266060	51	0.0440	0.6544	0.4949	0.0092	
NSGA	I2	1268851	52	0.0110	0.5915	0.4828	0.0094	
NSGA	I2	1269164	45	0.0110	0.6287	0.4953	0.0081	
NSGA	I2	1268429	50	0.0769	0.7719	0.5073	0.0084	
NSGA	I2	1267914	56	0.0330	0.5810	0.5093	0.0064	
NSGA	I2	1267804	72	0.0000	0.6991	0.4617	0.0098	
NSGA	I2	1268293	63	0.0110	0.7528	0.4984	0.0098	
NSGA	I2	1267764	60	0.0220	0.6228	0.4912	0.0085	
NSGA	I2	1263624	52	0.0110	0.7425	0.4858	0.0115	
NSGA	I2	1265095	47	0.0110	0.5604	0.4859	0.0092	
NSGA	I2	1269179	54	0.0110	0.5831	0.4777	0.0090	
NSGA	I2	1263979	51	0.0110	0.6499	0.4971	0.0085	
NSGA	I2	1265675	56	0.0000	0.6851	0.4796	0.0097	
NSGA	I2	1266611	61	0.0110	0.7134	0.4857	0.0087	
NSGA	I2	1265350	53	0.0220	0.6487	0.4798	0.0093	
NSGA	I2	1264199	50	0.0220	0.6223	0.4863	0.0096	
NSGA	I2	1264994	47	0.0110	0.6473	0.4944	0.0082	
NSGA	I2	1265156	55	0.0110	0.7134	0.4830	0.0108	
NSGA	I2	1265505	53	0.0330	0.6462	0.4947	0.0083	
NSGA	I2	1265362	51	0.0330	0.7691	0.4985	0.0086	
NSGA	I2	1263516	54	0.0110	0.7496	0.4961	0.0080	
NSGA	I2	1266423	61	0.0220	0.5392	0.4738	0.0097	
NSGA	I2	1265186	47	0.0000	0.6123	0.4855	0.0106	
NSGA	I2	1267084	59	0.0220	0.5701	0.4956	0.0084	
NSGA	I2	1263880	67	0.0110	0.7416	0.4856	0.0096	
NSGA	I2	1267132	68	0.0000	0.6452	0.4716	0.0096	
NSGA	I2	1268118	58	0.0440	0.6838	0.4923	0.0081	
NSGA	I2	1265644	54	0.0000	0.5661	0.4854	0.0082	
NSGA	I2	1264805	58	0.0769	0.7007	0.5034	0.0093	
NSGA	I2	1263826	62	0.0110	0.5925	0.4885	0.0086	
NSGA	I2	1268177	55	0.0440	0.6024	0.4930	0.0094	
NSGA	I2	1264813	60	0.0220	0.5656	0.4925	0.0087	
NSGA	I2	1265068	56	0.0000	0.6221	0.4687	0.0095	
NSGA	I2	1262728	62	0.0110	0.5977	0.4669	0.0109	
NSGA	I2	1267144	58	0.0330	0.6073	0.4949	0.0075	
NSGA	I2	1508470	55	0.0000	0.6907	0.4779	0.0086	
NSGA	I2	1323884	51	0.0110	0.6989	0.4935	0.0091	
NSGA	I2	1271455	63	0.0110	0.7100	0.4725	0.0090	
NSGA	I2	1270622	53	0.0000	0.6291	0.4920	0.0085	
NSGA	I2	1270624	57	0.0110	0.6732	0.4835	0.0103	
NSGA	I2	1270222	54	0.0440	0.7179	0.5042	0.0087	
NSGA	I2	1273894	50	0.0330	0.6593	0.4914	0.0080	
NSGA	I2	1271576	46	0.0440	0.7041	0.5013	0.0097	
NSGA	I2	1274127	58	0.0110	0.7275	0.4888	0.0090	
NSGA	I2	1271256	56	0.0110	0.7056	0.4832	0.0106	
NSGA	I2	1270708	56	0.0110	0.7605	0.5030	0.0080	
NSGA	I2	1272421	58	0.0549	0.6926	0.5046	0.0082	
NSGA	I2	1272197	52	0.0330	0.6467	0.5018	0.0076	
NSGA	I2	1268970	57	0.0000	0.6649	0.4901	0.0086	
NSGA	I3	1216641	74	0.0360	0.6413	0.4228	0.0131	
NSGA	I3	1223916	71	0.0270	0.7541	0.4101	0.0143	
NSGA	I3	1222287	72	0.0270	0.5903	0.4120	0.0101	
NSGA	I3	1226697	69	0.0090	0.9543	0.4183	0.0302	
NSGA	I3	1219850	72	0.0090	0.6239	0.4090	0.0106	
NSGA	I3	1220552	54	0.0270	0.6277	0.4440	0.0090	
NSGA	I3	1228608	68	0.0180	0.7172	0.4375	0.0128	
NSGA	I3	1220206	82	0.0000	0.9489	0.3999	0.0246	
NSGA	I3	1219786	77	0.0090	0.6843	0.4049	0.0115	
NSGA	I3	1225220	79	0.0270	0.6161	0.4326	0.0085	
NSGA	I3	1226959	77	0.0360	0.5821	0.4356	0.0088	
NSGA	I3	1225575	82	0.0180	0.6678	0.4239	0.0080	
NSGA	I3	1225697	76	0.0180	0.8084	0.4134	0.0211	
NSGA	I3	1210077	76	0.0000	0.8508	0.3932	0.0258	
NSGA	I3	1222080	84	0.0090	0.6832	0.4010	0.0118	
NSGA	I3	1222795	76	0.0000	0.7075	0.4122	0.0139	
NSGA	I3	1217178	72	0.0000	0.5743	0.4029	0.0106	
NSGA	I3	1217600	67	0.0270	0.6467	0.4277	0.0107	
NSGA	I3	1225601	63	0.0090	0.6859	0.4178	0.0103	
NSGA	I3	1222009	65	0.0270	0.8492	0.4241	0.0209	
NSGA	I3	1227963	69	0.0180	0.6477	0.4408	0.0117	
NSGA	I3	1227794	79	0.0090	0.6906	0.4246	0.0090	
NSGA	I3	1223116	81	0.0000	0.6837	0.3936	0.0125	
NSGA	I3	1227007	62	0.0450	0.7450	0.4387	0.0089	
NSGA	I3	1222107	68	0.0270	0.6259	0.4189	0.0092	
NSGA	I3	1232588	63	0.0360	0.7701	0.4277	0.0150	
NSGA	I3	1224159	67	0.0000	0.6505	0.4193	0.0128	
NSGA	I3	1233019	63	0.0450	0.7368	0.4321	0.0179	
NSGA	I3	1145147	56	0.0450	0.6726	0.4532	0.0086	
NSGA	I3	745821	62	0.0270	0.6950	0.4383	0.0135	
NSGA	I3	749805	75	0.0090	0.6480	0.4140	0.0103	
NSGA	I3	748079	77	0.0000	0.6228	0.4226	0.0089	
NSGA	I3	748496	65	0.0180	0.6212	0.3995	0.0124	
NSGA	I3	756407	62	0.0270	0.7434	0.4339	0.0151	
NSGA	I3	751614	70	0.0360	0.6616	0.4345	0.0116	
NSGA	I3	752142	68	0.0000	0.6970	0.4123	0.0118	
NSGA	I3	747995	69	0.0360	0.6307	0.4251	0.0098	
NSGA	I3	745005	65	0.0270	0.7176	0.4343	0.0124	
NSGA	I3	747281	77	0.0000	0.6839	0.4031	0.0108	
NSGA	I3	750805	63	0.0180	0.7099	0.3979	0.0159	
NSGA	I3	745419	68	0.0180	0.5169	0.4127	0.0090	
NSGA	I3	750721	72	0.0270	0.6313	0.4244	0.0095	
NSGA	I3	757079	64	0.0270	0.6537	0.4158	0.0199	
NSGA	I3	750131	74	0.0090	0.7870	0.4115	0.0178	
NSGA	I3	749381	59	0.0270	0.6738	0.4378	0.0093	
NSGA	I3	750029	65	0.0270	0.6622	0.4355	0.0091	
NSGA	I3	746973	54	0.0450	0.6632	0.4297	0.0129	
NSGA	I3	749123	61	0.0180	0.6172	0.4256	0.0126	
NSGA	I3	750252	74	0.0360	0.7233	0.4369	0.0114	
NSGA	I3	747584	60	0.0090	0.5852	0.4327	0.0092	
NSGA	I4	478522	118	0.0169	0.5443	0.4815	0.0030	
NSGA	I4	478258	114	0.0113	0.5444	0.4796	0.0031	
NSGA	I4	475657	115	0.0508	0.5161	0.4855	0.0027	
NSGA	I4	477796	119	0.0056	0.5357	0.4754	0.0030	
NSGA	I4	475009	118	0.0226	0.5699	0.4750	0.0042	
NSGA	I4	478496	114	0.0169	0.5552	0.4790	0.0034	
NSGA	I4	477652	120	0.0113	0.5065	0.4820	0.0030	
NSGA	I4	477174	120	0.0339	0.6284	0.4822	0.0030	
NSGA	I4	478493	117	0.0226	0.6150	0.4797	0.0035	
NSGA	I4	478626	120	0.0226	0.6101	0.4811	0.0031	
NSGA	I4	478083	116	0.0169	0.5457	0.4737	0.0037	
NSGA	I4	477719	112	0.0226	0.6586	0.4809	0.0033	
NSGA	I4	476684	118	0.0113	0.6696	0.4790	0.0038	
NSGA	I4	476626	120	0.0226	0.6127	0.4768	0.0034	
NSGA	I4	478521	119	0.0056	0.5612	0.4795	0.0031	
NSGA	I4	478157	120	0.0508	0.5614	0.4832	0.0031	
NSGA	I4	478457	118	0.0226	0.6203	0.4813	0.0029	
NSGA	I4	477727	119	0.0113	0.6005	0.4829	0.0029	
NSGA	I4	478848	117	0.0113	0.6521	0.4805	0.0030	
NSGA	I4	477060	119	0.0113	0.6187	0.4812	0.0029	
NSGA	I4	475661	120	0.0169	0.5945	0.4754	0.0032	
NSGA	I4	477818	120	0.0000	0.5365	0.4707	0.0034	
NSGA	I4	476743	117	0.0056	0.4978	0.4733	0.0035	
NSGA	I4	478021	117	0.0282	0.6315	0.4841	0.0029	
NSGA	I4	477681	111	0.0282	0.6439	0.4783	0.0035	
NSGA	I4	476973	117	0.0113	0.5477	0.4711	0.0036	
NSGA	I4	479351	116	0.0226	0.5133	0.4772	0.0031	
NSGA	I4	477667	117	0.0508	0.6137	0.4873	0.0026	
NSGA	I4	474235	118	0.0056	0.5713	0.4765	0.0036	
NSGA	I4	479025	120	0.0113	0.5338	0.4793	0.0029	
NSGA	I4	477392	120	0.0565	0.5531	0.4770	0.0030	
NSGA	I4	477547	113	0.0226	0.5849	0.4801	0.0036	
NSGA	I4	477094	117	0.0339	0.5937	0.4753	0.0040	
NSGA	I4	477635	114	0.0056	0.6127	0.4799	0.0034	
NSGA	I4	476913	115	0.0226	0.6053	0.4785	0.0031	
NSGA	I4	476617	120	0.0000	0.5973	0.4670	0.0043	
NSGA	I4	478793	112	0.0226	0.5901	0.4822	0.0030	
NSGA	I4	478334	113	0.0000	0.6081	0.4831	0.0028	
NSGA	I4	477575	120	0.0056	0.5619	0.4758	0.0033	
NSGA	I4	478801	120	0.0000	0.5702	0.4792	0.0030	
NSGA	I4	476966	115	0.0791	0.6631	0.4871	0.0029	
NSGA	I4	476827	117	0.0282	0.5837	0.4843	0.0027	
NSGA	I4	476901	115	0.0226	0.6028	0.4821	0.0040	
NSGA	I4	477142	116	0.0282	0.5636	0.4816	0.0032	
NSGA	I4	477644	111	0.0056	0.6440	0.4754	0.0036	
NSGA	I4	476859	120	0.0226	0.6470	0.4816	0.0039	
NSGA	I4	479474	120	0.0226	0.5815	0.4859	0.0027	
NSGA	I4	476740	102	0.0282	0.5921	0.4805	0.0035	
NSGA	I4	478146	119	0.0056	0.5069	0.4768	0.0031	
NSGA	I4	477554	119	0.0056	0.5219	0.4751	0.0032	
NSGA	I5	206497	86	0.0063	0.5272	0.4922	0.0038	
NSGA	I5	206078	88	0.0063	0.4663	0.4888	0.0038	
NSGA	I5	207757	88	0.0063	0.6023	0.4939	0.0037	
NSGA	I5	206850	88	0.0440	0.5035	0.5038	0.0029	
NSGA	I5	208146	84	0.0377	0.5228	0.4897	0.0040	
NSGA	I5	207015	88	0.0755	0.5896	0.5055	0.0033	
NSGA	I5	207083	87	0.0126	0.5648	0.4961	0.0036	
NSGA	I5	206057	88	0.0440	0.4247	0.4867	0.0039	
NSGA	I5	207425	88	0.0629	0.4938	0.5054	0.0028	
NSGA	I5	207361	88	0.0818	0.5231	0.5080	0.0031	
NSGA	I5	207213	87	0.0126	0.5128	0.4898	0.0041	
NSGA	I5	206643	88	0.0314	0.5824	0.4961	0.0033	
NSGA	I5	207914	88	0.0377	0.5177	0.4936	0.0035	
NSGA	I5	206696	82	0.0440	0.5382	0.4976	0.0038	
NSGA	I5	207111	85	0.0314	0.5407	0.4970	0.0035	
NSGA	I5	207646	86	0.0126	0.5624	0.4932	0.0034	
NSGA	I5	207258	87	0.0000	0.5719	0.4761	0.0050	
NSGA	I5	207185	88	0.0126	0.5015	0.4912	0.0035	
NSGA	I5	208392	87	0.0314	0.5431	0.5015	0.0029	
NSGA	I5	206022	86	0.0000	0.4871	0.4885	0.0035	
NSGA	I5	207220	88	0.0063	0.4787	0.4875	0.0041	
NSGA	I5	207258	88	0.0126	0.5894	0.4907	0.0038	
NSGA	I5	207336	88	0.0063	0.4653	0.4919	0.0039	
NSGA	I5	206975	88	0.0189	0.5142	0.4942	0.0040	
NSGA	I5	207692	88	0.0000	0.4639	0.4820	0.0049	
NSGA	I5	206303	88	0.0189	0.4826	0.4946	0.0031	
NSGA	I5	206876	88	0.0377	0.5425	0.4962	0.0039	
NSGA	I5	207859	87	0.0189	0.5239	0.4966	0.0031	
NSGA	I5	207537	88	0.0189	0.5308	0.4943	0.0035	
NSGA	I5	207447	87	0.0189	0.5429	0.4860	0.0039	
NSGA	I5	206574	88	0.0126	0.5471	0.4867	0.0040	
NSGA	I5	205968	88	0.0063	0.4890	0.4908	0.0037	
NSGA	I5	207122	88	0.0189	0.5439	0.4924	0.0034	
NSGA	I5	207121	85	0.0063	0.4348	0.4922	0.0032	
NSGA	I5	208273	88	0.0126	0.5344	0.4924	0.0035	
NSGA	I5	207227	88	0.0252	0.6030	0.5049	0.0031	
NSGA	I5	207157	85	0.0252	0.5947	0.4916	0.0041	
NSGA	I5	206560	87	0.0063	0.5207	0.4937	0.0039	
NSGA	I5	206439	88	0.0189	0.4813	0.4885	0.0042	
NSGA	I5	207654	88	0.0000	0.5013	0.4809	0.0052	
NSGA	I5	207253	85	0.0000	0.5792	0.4901	0.0040	
NSGA	I5	206282	87	0.0189	0.5658	0.4913	0.0034	
NSGA	I5	207542	88	0.0189	0.5508	0.4881	0.0041	
NSGA	I5	207049	88	0.0189	0.5346	0.4898	0.0044	
NSGA	I5	207546	88	0.0000	0.5296	0.4855	0.0054	
NSGA	I5	207023	88	0.0000	0.5462	0.4849	0.0043	
NSGA	I5	205964	88	0.0314	0.4837	0.4868	0.0040	
NSGA	I5	206923	88	0.0063	0.5015	0.4879	0.0045	
NSGA	I5	207141	87	0.0000	0.4861	0.4875	0.0037	
NSGA	I5	207743	88	0.0252	0.5248	0.4988	0.0032	
