=============================================================
Instance #0
=============================================================

Cycle #0 (1672 ms; 2 best solutions)
180,4702; 116,24; 68954,7319; 4
206,6412; 109,23; 67444,4685; 7

Cycle #1 (890 ms; 3 best solutions)
204,2142; 108,36; 66870,0947; 17
183,7916; 115,79; 68901,1592; 19

Cycle #2 (891 ms; 4 best solutions)
232,5633; 111,04; 70269,5425; 20
237,9596; 109,48; 69888,1675; 21
190,2589; 116,65; 69809,2609; 23
193,4756; 115,97; 69777,6379; 25
152,4197; 120,54; 68953,7932; 28

Cycle #3 (907 ms; 7 best solutions)
200,5659; 113,7; 69215,5138; 30
171,6053; 116,59; 68474,1655; 33
227,5509; 106,6; 67762,8874; 34
118,9398; 119,8; 66151,492; 39

Cycle #4 (922 ms; 8 best solutions)
192,0878; 113,61; 68511,7199; 40
209,4298; 112,66; 69328,7404; 41
189,4545; 116,51; 69715,8175; 43
264,2039; 110,68; 72402,7047; 44
154,1458; 117,37; 67546,5663; 45
187,265; 117,33; 69940,803; 49

Cycle #5 (938 ms; 9 best solutions)
171,3992; 118,62; 69418,5889; 51
186,5439; 113,92; 68192,648; 52
247,8698; 109,71; 70673,1242; 54
185,1514; 116,14; 69209,0355; 55
250,7362; 109,23; 70735,9304; 58

Cycle #6 (985 ms; 8 best solutions)
174,3336; 113,87; 67356,4161; 61
242,2039; 112,07; 71451,0115; 65
151,5215; 119,63; 68395,4299; 69

Cycle #7 (922 ms; 8 best solutions)
266,9555; 110,81; 72643,2922; 70
235,2589; 112,63; 71138,4568; 74
229,1747; 113,22; 71014,2103; 76
276,5731; 110,49; 73234,6915; 77
204,6484; 116,18; 70609,3988; 78
133,0404; 119,45; 66960,9671; 79

Cycle #8 (891 ms; 10 best solutions)
192,242; 112,88; 68128,2824; 80
198,2895; 109,94; 67221,8641; 87

Cycle #9 (860 ms; 10 best solutions)
197,7582; 114,32; 69288,9156; 90
186,7275; 120,24; 71299,1574; 91
236,6724; 112,16; 71110,7189; 92
243,4055; 110,31; 70675,2356; 93
193,3455; 115,76; 69646,0798; 94
201,6021; 113,28; 69053,0217; 98

Final Pareto Frontier:
204,2142; 108,36; 66870,0947; 17
171,6053; 116,59; 68474,1655; 33
227,5509; 106,6; 67762,8874; 34
118,9398; 119,8; 66151,492; 39
192,0878; 113,61; 68511,7199; 40
154,1458; 117,37; 67546,5663; 45
174,3336; 113,87; 67356,4161; 61
133,0404; 119,45; 66960,9671; 79
192,242; 112,88; 68128,2824; 80
198,2895; 109,94; 67221,8641; 87

