=============================================================
Instance #0
=============================================================

Cycle #0 (890 ms; 5 best solutions)
226,192; 108,54; 68575,4222; 3
216,9694; 114,86; 70945,0553; 4
165,4261; 118,86; 69063,9178; 5
222,834; 113,73; 70864,6553; 6
202,4038; 116,63; 70707,3365; 9

Cycle #1 (970 ms; 5 best solutions)
234,0942; 112,32; 70927,0066; 12
270,9509; 107,07; 71219,1575; 14
183,6762; 115,15; 68621,7177; 16
143,7074; 118,61; 67340,3315; 17
185,352; 113,33; 67827,5292; 19

Cycle #2 (1015 ms; 7 best solutions)
106,4547; 125,16; 67802,4152; 20
185,4832; 112,82; 67630,8655; 21
231,6244; 111,35; 70298,6271; 25
153,9093; 113,68; 65727,8675; 29

Cycle #3 (970 ms; 10 best solutions)
133,9118; 115,65; 65224,8849; 32
209,2174; 111,7; 68847,834; 35
196,2787; 111,77; 67962,1783; 37
132,0633; 120,81; 67564,6572; 38

Cycle #4 (938 ms; 10 best solutions)
230,8523; 113,55; 71337,8161; 40
192,2876; 114,13; 68777,2224; 45
262,735; 111,52; 72661,7593; 47

Cycle #5 (970 ms; 11 best solutions)
231,1865; 111,06; 70140,7628; 50
260,5892; 108,49; 71095,6686; 52
154,3677; 115,89; 66822,3467; 53
194,5954; 114,76; 69217,4308; 57

Cycle #6 (1109 ms; 10 best solutions)
236,656; 112,44; 71158,8046; 61
160,6169; 115,82; 67245,0266; 62
181,9733; 112,47; 67192,8612; 63
181,0147; 114,75; 68245,8632; 69

Cycle #7 (1001 ms; 10 best solutions)
199,995; 114,09; 69324,1134; 72
213,7748; 113,26; 69987,2246; 74
175,7427; 115,27; 68093,7579; 75
149,4243; 119,18; 68112,9152; 76
219,0188; 112,13; 69762,2583; 79

Cycle #8 (954 ms; 11 best solutions)
180,4977; 113,99; 67820,3899; 81
261,3731; 106,2; 70053,9747; 82
167,4837; 118,5; 69085,3022; 84
194,5001; 112,35; 68055,8276; 87
147,3867; 121,54; 69050,2242; 88

Cycle #9 (891 ms; 12 best solutions)
159,2592; 117,86; 68148,9943; 90
219,5417; 112; 69732,4906; 92
223,0347; 111,71; 69865,6504; 93
244,32; 108,52; 69919,9086; 98
191,2733; 112,49; 67829,8139; 99

Final Pareto Frontier:
226,192; 108,54; 68575,4222; 3
106,4547; 125,16; 67802,4152; 20
153,9093; 113,68; 65727,8675; 29
133,9118; 115,65; 65224,8849; 32
209,2174; 111,7; 68847,834; 35
196,2787; 111,77; 67962,1783; 37
132,0633; 120,81; 67564,6572; 38
260,5892; 108,49; 71095,6686; 52
181,9733; 112,47; 67192,8612; 63
261,3731; 106,2; 70053,9747; 82
194,5001; 112,35; 68055,8276; 87
244,32; 108,52; 69919,9086; 98

