=============================================================
Instance #0
=============================================================

Cycle #0 (1419 ms; 6 best solutions)
161,3233; 152,88; 85094,0116; 0
310,7613; 137,13; 88479,7123; 1
241,7106; 140,34; 84990,0075; 3
280,6665; 139,94; 87625,8947; 4
226,1518; 150,85; 88809,1293; 7
234,4364; 148,76; 88351,775; 9

Cycle #1 (1330 ms; 8 best solutions)
233,668; 146,51; 87385,6283; 12
188,1487; 151,91; 86515,2862; 13
267,8257; 139,7; 86570,6019; 16
396,2628; 136,39; 94495,9439; 19

Cycle #2 (1294 ms; 6 best solutions)
240,7509; 138,44; 84013,7059; 21
212,65; 144,04; 84540,0303; 23

Cycle #3 (1335 ms; 6 best solutions)
156,9974; 147,23; 82098,5204; 31
242,489; 146,21; 87889,7713; 33
235,5681; 146,52; 87384,3924; 36
269,2125; 145,22; 89171,9774; 37
289,4892; 137,62; 87125,2696; 38

Cycle #4 (1342 ms; 8 best solutions)
129,2038; 151,76; 82232,6918; 40
325,9471; 138,93; 90446,0495; 44
256,1116; 139,79; 85740,1163; 46
217,9161; 140,22; 83152,4458; 48
167,7085; 147,91; 83147,501; 49

Final Pareto Frontier:
310,7613; 137,13; 88479,7123; 1
396,2628; 136,39; 94495,9439; 19
240,7509; 138,44; 84013,7059; 21
212,65; 144,04; 84540,0303; 23
156,9974; 147,23; 82098,5204; 31
289,4892; 137,62; 87125,2696; 38
129,2038; 151,76; 82232,6918; 40
217,9161; 140,22; 83152,4458; 48

=============================================================
Instance #1
=============================================================

Cycle #0 (13495 ms; 6 best solutions)
1026,963; 516,72; 322785,6225; 0
1037,56; 510,44; 320621,9857; 1
960,7103; 535,29; 326907,3322; 3
649,3282; 549,36; 310779,0403; 6
810,7933; 538,47; 317411,2398; 7
1098,0769; 500,59; 320368,3809; 9

Cycle #1 (13763 ms; 6 best solutions)
960,0781; 500,71; 310217,8993; 11
845,3696; 529,08; 315399,6242; 13
929,7643; 518,01; 316373,1535; 16

Cycle #2 (14240 ms; 6 best solutions)
908,0856; 509,92; 310770,5347; 27

Cycle #3 (13202 ms; 6 best solutions)
922,2056; 522,39; 317628,4835; 30
1021,2112; 521,71; 324858,2904; 33
1021,2122; 511,06; 319690,2688; 34
836,5064; 526,52; 313702,2139; 36
1065,4793; 505,69; 320266,4233; 38

Cycle #4 (13353 ms; 7 best solutions)
867,0987; 520,98; 313167,5299; 40
849,3052; 535,98; 318968,8452; 42
855,0593; 529,03; 316083,2345; 43
721,4405; 552,06; 317290,957; 45
1051,5471; 511,44; 322032,9039; 47
1066,7546; 511,04; 323013,6122; 48
1093,7941; 510,84; 325028,8377; 49

Final Pareto Frontier:
649,3282; 549,36; 310779,0403; 6
810,7933; 538,47; 317411,2398; 7
1098,0769; 500,59; 320368,3809; 9
960,0781; 500,71; 310217,8993; 11
908,0856; 509,92; 310770,5347; 27
836,5064; 526,52; 313702,2139; 36
867,0987; 520,98; 313167,5299; 40

