=============================================================
Instance #0
=============================================================

Cycle #0 (1337 ms; 5 best solutions)
113,0121; 162,95; 86449,9426; 0
178,9338; 145,6; 82854,4704; 3
172,7475; 153,21; 86086,3359; 5
255,1238; 138,73; 85103,1471; 8
371,0848; 132,28; 90633,6667; 9

Cycle #1 (1283 ms; 9 best solutions)
176,2329; 151,28; 85405,7177; 10
286,2687; 137,13; 86615,5392; 13
341,7203; 134,58; 89618,4798; 14
241,5532; 144,97; 87171,9674; 18

Cycle #2 (1270 ms; 12 best solutions)
306,1966; 136,06; 87578,5779; 20
178,3834; 147,88; 83922,3489; 24
291,4796; 138,69; 87793,694; 26
211,1881; 147,22; 85907,9464; 28
351,3646; 134,42; 90214,7206; 29

Cycle #3 (1277 ms; 11 best solutions)
199,3524; 157,58; 90096,0467; 30
293,064; 143,55; 90188,0537; 33
295,6752; 140,75; 89052,8354; 34
317,7011; 133,51; 87300,5177; 36
265,5651; 144; 88503,6123; 37
235,5759; 150,71; 89521,9626; 39

Cycle #4 (1331 ms; 12 best solutions)
429,8804; 139,29; 98313,7303; 40
326,4414; 141,63; 91742,4278; 41
274,0933; 142,7; 88323,7248; 42
228,1189; 144,23; 85878,12; 44
315,4938; 142,59; 91480,392; 45
198,7955; 152,32; 87556,5235; 48
137,6917; 154,41; 84110,1301; 49

Final Pareto Frontier:
113,0121; 162,95; 86449,9426; 0
178,9338; 145,6; 82854,4704; 3
172,7475; 153,21; 86086,3359; 5
255,1238; 138,73; 85103,1471; 8
371,0848; 132,28; 90633,6667; 9
176,2329; 151,28; 85405,7177; 10
286,2687; 137,13; 86615,5392; 13
306,1966; 136,06; 87578,5779; 20
178,3834; 147,88; 83922,3489; 24
317,7011; 133,51; 87300,5177; 36
228,1189; 144,23; 85878,12; 44
137,6917; 154,41; 84110,1301; 49

=============================================================
Instance #1
=============================================================

Cycle #0 (13516 ms; 4 best solutions)
950,2474; 513,31; 315509,2995; 3
676,5767; 537,69; 307230,8073; 4
1035,8007; 512,61; 321562,9559; 6
809,1461; 526,11; 311330,8927; 8

Cycle #1 (13555 ms; 7 best solutions)
924,6492; 521,48; 317621,0564; 10
978,4019; 512,28; 317148,3853; 13
1006,2331; 508,98; 317571,1859; 16
823,5333; 522,25; 310545,9366; 17

Cycle #2 (13330 ms; 7 best solutions)
845,7394; 544,23; 322860,6935; 21
972,0789; 510,1; 315558,102; 22
1067,4887; 509,25; 322229,7574; 24
969,6615; 527,59; 323900,6361; 25
904,9359; 527,7; 319062,0067; 26
854,1145; 528,02; 315590,6649; 28

Cycle #3 (13353 ms; 9 best solutions)
917,7388; 518,95; 315805,255; 32
1073,2932; 508,37; 322174,7397; 35
863,617; 522,47; 313672,074; 38
930,3444; 514,6; 314831,513; 39

Cycle #4 (13473 ms; 9 best solutions)
819,2382; 535,77; 316780,3178; 40
960,4504; 523,32; 321095,8675; 41
1064,3223; 511,51; 323033,3525; 42
982,6327; 517,2; 319844,7332; 43
987,3376; 515,13; 319044,3945; 44
864,3681; 532,3; 318323,7211; 47
1020,4616; 513,89; 321035,552; 49

Final Pareto Frontier:
950,2474; 513,31; 315509,2995; 3
676,5767; 537,69; 307230,8073; 4
809,1461; 526,11; 311330,8927; 8
1006,2331; 508,98; 317571,1859; 16
823,5333; 522,25; 310545,9366; 17
972,0789; 510,1; 315558,102; 22
917,7388; 518,95; 315805,255; 32
1073,2932; 508,37; 322174,7397; 35
930,3444; 514,6; 314831,513; 39

