config	inst	time	count	best	spr	hv	gd	
nsga50k2x	I0	260784	75	2	0.6259	0.4537	0.0068	
nsga50k2x	I0	192872	67	7	0.6865	0.4734	0.0108	
nsga50k2x	I0	193045	80	0	0.6533	0.4496	0.0068	
nsga50k2x	I0	191555	78	1	0.5899	0.4639	0.0059		
nsga50k2x	I0	193213	76	14	0.6041	0.4812	0.0044	
nsga50k2x	I0	190540	76	2	0.6626	0.4643	0.0065	
nsga50k2x	I0	185911	67	4	0.6293	0.4747	0.0056	
nsga50k2x	I0	187290	75	2	0.7276	0.4595	0.0092	
nsga50k2x	I0	186670	80	0	0.5906	0.4606	0.0055	
nsga50k2x	I0	186438	79	1	0.5487	0.4620	0.0052	
nsga50k2x	I0	187111	70	0	0.6070	0.4587	0.0060	
nsga50k2x	I0	187044	70	2	0.6563	0.4658	0.0057	
nsga50k2x	I0	187732	76	5	0.5854	0.4779	0.0050	
nsga50k2x	I0	186563	73	0	0.5982	0.4587	0.0067	
nsga50k2x	I0	188540	72	2	0.6487	0.4525	0.0065	
nsga50k2x	I0	187031	80	0	0.6963	0.4530	0.0079	
nsga50k2x	I0	186336	80	2	0.7145	0.4578	0.0076	
nsga50k2x	I0	187254	71	4	0.6322	0.4727	0.0068	
nsga50k2x	I0	185683	75	2	0.6105	0.4577	0.0060	
nsga50k2x	I0	187545	71	1	0.6226	0.4592	0.0058	
nsga50k2x	I0	188136	66	3	0.6870	0.4824	0.0064	
nsga50k2x	I0	186314	79	2	0.7172	0.4615	0.0069	
nsga50k2x	I0	187268	65	0	0.5976	0.4645	0.0068	
nsga50k2x	I0	187422	77	2	0.5957	0.4551	0.0088	
nsga50k2x	I0	187688	75	2	0.6023	0.4721	0.0056	
nsga50k2x	I0	187483	80	1	0.6688	0.4627	0.0084	
nsga50k2x	I0	187188	69	0	0.7046	0.4557	0.0088	
nsga50k2x	I0	186735	76	5	0.5326	0.4748	0.0042	
nsga50k2x	I0	186007	68	6	0.6488	0.4706	0.0047	
nsga50k2x	I0	187032	67	4	0.6482	0.4724	0.0053	
nsga50k2x	I0	187306	80	2	0.6334	0.4488	0.0081	
nsga50k2x	I0	186410	70	3	0.5617	0.4774	0.0049	
nsga50k2x	I0	187067	65	7	0.7201	0.4821	0.0050	
nsga50k2x	I0	187427	73	0	0.6709	0.4562	0.0067	
nsga50k2x	I0	186366	67	1	0.6034	0.4614	0.0058	
nsga50k2x	I0	187066	72	1	0.7360	0.4620	0.0081	
nsga50k2x	I0	186358	69	4	0.6777	0.4647	0.0074	
nsga50k2x	I0	187640	65	0	0.6016	0.4604	0.0059	
nsga50k2x	I0	187165	77	1	0.6416	0.4648	0.0062	
nsga50k2x	I0	187199	79	2	0.5407	0.4669	0.0051	
nsga50k2x	I0	187344	74	3	0.7354	0.4643	0.0075	
nsga50k2x	I0	186866	72	4	0.6569	0.4684	0.0049	
nsga50k2x	I0	187857	78	2	0.6758	0.4585	0.0133	
nsga50k2x	I0	186565	80	4	0.5675	0.4661	0.0048	
nsga50k2x	I0	186292	71	1	0.5381	0.4622	0.0068	
nsga50k2x	I0	186863	68	0	0.6113	0.4544	0.0070	
nsga50k2x	I0	186766	80	3	0.6730	0.4658	0.0054	
nsga50k2x	I0	187337	76	0	0.5431	0.4465	0.0071	
nsga50k2x	I0	187099	70	0	0.6590	0.4640	0.0068	
nsga50k2x	I0	186435	69	1	0.6770	0.4688	0.0072	
nsga50k2x	I1	1098460	88	2	0.6968	0.4726	0.0042	
nsga50k2x	I1	1100129	88	3	0.5992	0.4640	0.0043	
nsga50k2x	I1	1096114	88	4	0.6012	0.4727	0.0041	
nsga50k2x	I1	1098150	115	2	0.5671	0.4602	0.0041	
nsga50k2x	I1	1097285	101	2	0.5598	0.4566	0.0045	
nsga50k2x	I1	1096857	93	5	0.6643	0.4789	0.0038	
nsga50k2x	I1	1095407	95	3	0.6019	0.4575	0.0047	
nsga50k2x	I1	1101591	100	6	0.6969	0.4694	0.0050	
nsga50k2x	I1	1099697	95	3	0.6164	0.4691	0.0039	
nsga50k2x	I1	1092858	87	6	0.5544	0.4720	0.0040	
nsga50k2x	I1	1098637	120	0	0.6223	0.4467	0.0047	
nsga50k2x	I1	1099963	82	3	0.6475	0.4666	0.0052	
nsga50k2x	I1	1095877	100	2	0.7175	0.4636	0.0053	
nsga50k2x	I1	1098877	96	0	0.6530	0.4613	0.0042	
nsga50k2x	I1	1099493	95	1	0.6607	0.4651	0.0046	
nsga50k2x	I1	1099527	94	2	0.6417	0.4627	0.0046	
nsga50k2x	I1	1099130	87	1	0.5998	0.4598	0.0051	
nsga50k2x	I1	1103098	100	3	0.6197	0.4676	0.0039	
nsga50k2x	I1	1097308	108	0	0.6431	0.4546	0.0044	
nsga50k2x	I1	1101456	97	1	0.6089	0.4610	0.0044	
nsga50k2x	I1	1094419	109	1	0.5760	0.4559	0.0044	
nsga50k2x	I1	1097901	88	3	0.6258	0.4603	0.0052	
nsga50k2x	I1	1094957	96	3	0.6099	0.4724	0.0043	
nsga50k2x	I1	1097405	91	1	0.5677	0.4666	0.0043	
nsga50k2x	I1	1098278	83	3	0.6399	0.4648	0.0041	
nsga50k2x	I1	1101191	93	0	0.6343	0.4615	0.0049	
nsga50k2x	I1	1096362	101	2	0.6652	0.4676	0.0043	
nsga50k2x	I1	1095377	96	3	0.6439	0.4624	0.0043	
nsga50k2x	I1	1097014	90	5	0.6708	0.4669	0.0044	
nsga50k2x	I1	1093206	83	2	0.5888	0.4712	0.0042	
nsga50k2x	I1	1099063	97	4	0.5765	0.4638	0.0044	
nsga50k2x	I1	1101036	94	2	0.5860	0.4676	0.0043	
nsga50k2x	I1	1096799	103	3	0.6628	0.4691	0.0044	
nsga50k2x	I1	1285359	82	3	0.6378	0.4708	0.0044	
nsga50k2x	I1	1213972	95	2	0.6111	0.4685	0.0045	
nsga50k2x	I1	1103769	92	0	0.5800	0.4509	0.0050	
nsga50k2x	I1	1110688	86	4	0.6634	0.4685	0.0043	
nsga50k2x	I1	1105700	105	2	0.6741	0.4646	0.0041	
nsga50k2x	I1	1104035	86	6	0.6188	0.4712	0.0044	
nsga50k2x	I1	1105009	93	1	0.5743	0.4668	0.0043	
nsga50k2x	I1	1101761	93	8	0.6325	0.4690	0.0042	
nsga50k2x	I1	1103736	103	5	0.7509	0.4619	0.0054	
nsga50k2x	I1	1105183	91	6	0.5957	0.4689	0.0040	
nsga50k2x	I1	1108797	92	2	0.6205	0.4651	0.0041	
nsga50k2x	I1	1107660	93	2	0.6087	0.4663	0.0046	
nsga50k2x	I1	1108256	102	0	0.5930	0.4614	0.0048	
nsga50k2x	I1	1105925	98	1	0.5780	0.4724	0.0035	
nsga50k2x	I1	1108460	87	7	0.6540	0.4717	0.0039	
nsga50k2x	I1	1109426	94	2	0.6007	0.4708	0.0042	
nsga50k2x	I1	1122209	98	4	0.6695	0.4665	0.0045	
nsga50k2x	I2	1365834	61	2	0.6248	0.4791	0.0097	
nsga50k2x	I2	1266060	51	4	0.6544	0.4949	0.0092	
nsga50k2x	I2	1268851	52	1	0.5915	0.4828	0.0094	
nsga50k2x	I2	1269164	45	1	0.6287	0.4953	0.0081	
nsga50k2x	I2	1268429	50	7	0.7719	0.5073	0.0084	
nsga50k2x	I2	1267914	56	3	0.5810	0.5093	0.0064	
nsga50k2x	I2	1267804	72	0	0.6991	0.4617	0.0098	
nsga50k2x	I2	1268293	63	1	0.7528	0.4984	0.0098	
nsga50k2x	I2	1267764	60	2	0.6228	0.4912	0.0085	
nsga50k2x	I2	1263624	52	1	0.7425	0.4858	0.0115	
nsga50k2x	I2	1265095	47	1	0.5604	0.4859	0.0092	
nsga50k2x	I2	1269179	54	1	0.5831	0.4777	0.0090	
nsga50k2x	I2	1263979	51	1	0.6499	0.4971	0.0085	
nsga50k2x	I2	1265675	56	0	0.6851	0.4796	0.0097	
nsga50k2x	I2	1266611	61	1	0.7134	0.4857	0.0087	
nsga50k2x	I2	1265350	53	2	0.6487	0.4798	0.0093	
nsga50k2x	I2	1264199	50	2	0.6223	0.4863	0.0096	
nsga50k2x	I2	1264994	47	1	0.6473	0.4944	0.0082	
nsga50k2x	I2	1265156	55	1	0.7134	0.4830	0.0108	
nsga50k2x	I2	1265505	53	3	0.6462	0.4947	0.0083	
nsga50k2x	I2	1265362	51	3	0.7691	0.4985	0.0086	
nsga50k2x	I2	1263516	54	1	0.7496	0.4961	0.0080	
nsga50k2x	I2	1266423	61	2	0.5392	0.4738	0.0097	
nsga50k2x	I2	1265186	47	0	0.6123	0.4855	0.0106	
nsga50k2x	I2	1267084	59	2	0.5701	0.4956	0.0084	
nsga50k2x	I2	1263880	67	1	0.7416	0.4856	0.0096	
nsga50k2x	I2	1267132	68	0	0.6452	0.4716	0.0096	
nsga50k2x	I2	1268118	58	4	0.6838	0.4923	0.0081	
nsga50k2x	I2	1265644	54	0	0.5661	0.4854	0.0082	
nsga50k2x	I2	1264805	58	7	0.7007	0.5034	0.0093	
nsga50k2x	I2	1263826	62	1	0.5925	0.4885	0.0086	
nsga50k2x	I2	1268177	55	4	0.6024	0.4930	0.0094	
nsga50k2x	I2	1264813	60	2	0.5656	0.4925	0.0087	
nsga50k2x	I2	1265068	56	0	0.6221	0.4687	0.0095	
nsga50k2x	I2	1262728	62	1	0.5977	0.4669	0.0109	
nsga50k2x	I2	1267144	58	3	0.6073	0.4949	0.0075	
nsga50k2x	I2	1508470	55	0	0.6907	0.4779	0.0086	
nsga50k2x	I2	1323884	51	1	0.6989	0.4935	0.0091	
nsga50k2x	I2	1271455	63	1	0.7100	0.4725	0.0090	
nsga50k2x	I2	1270622	53	0	0.6291	0.4920	0.0085	
nsga50k2x	I2	1270624	57	1	0.6732	0.4835	0.0103	
nsga50k2x	I2	1270222	54	4	0.7179	0.5042	0.0087	
nsga50k2x	I2	1273894	50	3	0.6593	0.4914	0.0080	
nsga50k2x	I2	1271576	46	4	0.7041	0.5013	0.0097	
nsga50k2x	I2	1274127	58	1	0.7275	0.4888	0.0090	
nsga50k2x	I2	1271256	56	1	0.7056	0.4832	0.0106	
nsga50k2x	I2	1270708	56	1	0.7605	0.5030	0.0080	
nsga50k2x	I2	1272421	58	5	0.6926	0.5046	0.0082	
nsga50k2x	I2	1272197	52	3	0.6467	0.5018	0.0076	
nsga50k2x	I2	1268970	57	0	0.6649	0.4901	0.0086	
nsga50k2x	I3	1216641	74	4	0.6413	0.4228	0.0131	
nsga50k2x	I3	1223916	71	3	0.7541	0.4101	0.0143	
nsga50k2x	I3	1222287	72	3	0.5903	0.4120	0.0101	
nsga50k2x	I3	1226697	69	1	0.9543	0.4183	0.0302	
nsga50k2x	I3	1219850	72	1	0.6239	0.4090	0.0106	
nsga50k2x	I3	1220552	54	3	0.6277	0.4440	0.0090	
nsga50k2x	I3	1228608	68	2	0.7172	0.4375	0.0128	
nsga50k2x	I3	1220206	82	0	0.9489	0.3999	0.0246	
nsga50k2x	I3	1219786	77	1	0.6843	0.4049	0.0115	
nsga50k2x	I3	1225220	79	3	0.6161	0.4326	0.0085	
nsga50k2x	I3	1226959	77	4	0.5821	0.4356	0.0088	
nsga50k2x	I3	1225575	82	2	0.6678	0.4239	0.0080	
nsga50k2x	I3	1225697	76	2	0.8084	0.4134	0.0211	
nsga50k2x	I3	1210077	76	0	0.8508	0.3932	0.0258	
nsga50k2x	I3	1222080	84	1	0.6832	0.4010	0.0118	
nsga50k2x	I3	1222795	76	0	0.7075	0.4122	0.0139	
nsga50k2x	I3	1217178	72	0	0.5743	0.4029	0.0106	
nsga50k2x	I3	1217600	67	3	0.6467	0.4277	0.0107	
nsga50k2x	I3	1225601	63	1	0.6859	0.4178	0.0103	
nsga50k2x	I3	1222009	65	3	0.8492	0.4241	0.0209	
nsga50k2x	I3	1227963	69	2	0.6477	0.4408	0.0117	
nsga50k2x	I3	1227794	79	1	0.6906	0.4246	0.0090	
nsga50k2x	I3	1223116	81	0	0.6837	0.3936	0.0125	
nsga50k2x	I3	1227007	62	5	0.7450	0.4387	0.0089	
nsga50k2x	I3	1222107	68	3	0.6259	0.4189	0.0092	
nsga50k2x	I3	1232588	63	4	0.7701	0.4277	0.0150	
nsga50k2x	I3	1224159	67	0	0.6505	0.4193	0.0128	
nsga50k2x	I3	1233019	63	5	0.7368	0.4321	0.0179	
nsga50k2x	I3	1145147	56	5	0.6726	0.4532	0.0086	
nsga50k2x	I3	745821	62	3	0.6950	0.4383	0.0135	
nsga50k2x	I3	749805	75	1	0.6480	0.4140	0.0103	
nsga50k2x	I3	748079	77	0	0.6228	0.4226	0.0089	
nsga50k2x	I3	748496	65	2	0.6212	0.3995	0.0124	
nsga50k2x	I3	756407	62	3	0.7434	0.4339	0.0151	
nsga50k2x	I3	751614	70	4	0.6616	0.4345	0.0116	
nsga50k2x	I3	752142	68	0	0.6970	0.4123	0.0118	
nsga50k2x	I3	747995	69	4	0.6307	0.4251	0.0098	
nsga50k2x	I3	745005	65	3	0.7176	0.4343	0.0124	
nsga50k2x	I3	747281	77	0	0.6839	0.4031	0.0108	
nsga50k2x	I3	750805	63	2	0.7099	0.3979	0.0159	
nsga50k2x	I3	745419	68	2	0.5169	0.4127	0.0090	
nsga50k2x	I3	750721	72	3	0.6313	0.4244	0.0095	
nsga50k2x	I3	757079	64	3	0.6537	0.4158	0.0199	
nsga50k2x	I3	750131	74	1	0.7870	0.4115	0.0178	
nsga50k2x	I3	749381	59	3	0.6738	0.4378	0.0093	
nsga50k2x	I3	750029	65	3	0.6622	0.4355	0.0091	
nsga50k2x	I3	746973	54	5	0.6632	0.4297	0.0129	
nsga50k2x	I3	749123	61	2	0.6172	0.4256	0.0126	
nsga50k2x	I3	750252	74	4	0.7233	0.4369	0.0114	
nsga50k2x	I3	747584	60	1	0.5852	0.4327	0.0092	
nsga50k2x	I4	478522	118	3	0.5443	0.4815	0.0030	
nsga50k2x	I4	478258	114	2	0.5444	0.4796	0.0031	
nsga50k2x	I4	475657	115	9	0.5161	0.4855	0.0027	
nsga50k2x	I4	477796	119	1	0.5357	0.4754	0.0030	
nsga50k2x	I4	475009	118	4	0.5699	0.4750	0.0042	
nsga50k2x	I4	478496	114	3	0.5552	0.4790	0.0034	
nsga50k2x	I4	477652	120	2	0.5065	0.4820	0.0030	
nsga50k2x	I4	477174	120	6	0.6284	0.4822	0.0030	
nsga50k2x	I4	478493	117	4	0.6150	0.4797	0.0035	
nsga50k2x	I4	478626	120	4	0.6101	0.4811	0.0031	
nsga50k2x	I4	478083	116	3	0.5457	0.4737	0.0037	
nsga50k2x	I4	477719	112	4	0.6586	0.4809	0.0033	
nsga50k2x	I4	476684	118	2	0.6696	0.4790	0.0038	
nsga50k2x	I4	476626	120	4	0.6127	0.4768	0.0034	
nsga50k2x	I4	478521	119	1	0.5612	0.4795	0.0031	
nsga50k2x	I4	478157	120	9	0.5614	0.4832	0.0031	
nsga50k2x	I4	478457	118	4	0.6203	0.4813	0.0029	
nsga50k2x	I4	477727	119	2	0.6005	0.4829	0.0029	
nsga50k2x	I4	478848	117	2	0.6521	0.4805	0.0030	
nsga50k2x	I4	477060	119	2	0.6187	0.4812	0.0029	
nsga50k2x	I4	475661	120	3	0.5945	0.4754	0.0032	
nsga50k2x	I4	477818	120	0	0.5365	0.4707	0.0034	
nsga50k2x	I4	476743	117	1	0.4978	0.4733	0.0035	
nsga50k2x	I4	478021	117	5	0.6315	0.4841	0.0029	
nsga50k2x	I4	477681	111	5	0.6439	0.4783	0.0035	
nsga50k2x	I4	476973	117	2	0.5477	0.4711	0.0036	
nsga50k2x	I4	479351	116	4	0.5133	0.4772	0.0031	
nsga50k2x	I4	477667	117	9	0.6137	0.4873	0.0026	
nsga50k2x	I4	474235	118	1	0.5713	0.4765	0.0036	
nsga50k2x	I4	479025	120	2	0.5338	0.4793	0.0029	
nsga50k2x	I4	477392	120	10	0.5531	0.4770	0.0030	
nsga50k2x	I4	477547	113	4	0.5849	0.4801	0.0036	
nsga50k2x	I4	477094	117	6	0.5937	0.4753	0.0040	
nsga50k2x	I4	477635	114	1	0.6127	0.4799	0.0034	
nsga50k2x	I4	476913	115	4	0.6053	0.4785	0.0031	
nsga50k2x	I4	476617	120	0	0.5973	0.4670	0.0043	
nsga50k2x	I4	478793	112	4	0.5901	0.4822	0.0030	
nsga50k2x	I4	478334	113	0	0.6081	0.4831	0.0028	
nsga50k2x	I4	477575	120	1	0.5619	0.4758	0.0033	
nsga50k2x	I4	478801	120	0	0.5702	0.4792	0.0030	
nsga50k2x	I4	476966	115	14	0.6631	0.4871	0.0029	
nsga50k2x	I4	476827	117	5	0.5837	0.4843	0.0027	
nsga50k2x	I4	476901	115	4	0.6028	0.4821	0.0040	
nsga50k2x	I4	477142	116	5	0.5636	0.4816	0.0032	
nsga50k2x	I4	477644	111	1	0.6440	0.4754	0.0036	
nsga50k2x	I4	476859	120	4	0.6470	0.4816	0.0039	
nsga50k2x	I4	479474	120	4	0.5815	0.4859	0.0027	
nsga50k2x	I4	476740	102	5	0.5921	0.4805	0.0035	
nsga50k2x	I4	478146	119	1	0.5069	0.4768	0.0031	
nsga50k2x	I4	477554	119	1	0.5219	0.4751	0.0032	
nsga50k2x	I5	206497	86	1	0.5272	0.4922	0.0038	
nsga50k2x	I5	206078	88	1	0.4663	0.4888	0.0038	
nsga50k2x	I5	207757	88	1	0.6023	0.4939	0.0037	
nsga50k2x	I5	206850	88	7	0.5035	0.5038	0.0029	
nsga50k2x	I5	208146	84	6	0.5228	0.4897	0.0040	
nsga50k2x	I5	207015	88	12	0.5896	0.5055	0.0033	
nsga50k2x	I5	207083	87	2	0.5648	0.4961	0.0036	
nsga50k2x	I5	206057	88	7	0.4247	0.4867	0.0039	
nsga50k2x	I5	207425	88	10	0.4938	0.5054	0.0028	
nsga50k2x	I5	207361	88	13	0.5231	0.5080	0.0031	
nsga50k2x	I5	207213	87	2	0.5128	0.4898	0.0041	
nsga50k2x	I5	206643	88	5	0.5824	0.4961	0.0033	
nsga50k2x	I5	207914	88	6	0.5177	0.4936	0.0035	
nsga50k2x	I5	206696	82	7	0.5382	0.4976	0.0038	
nsga50k2x	I5	207111	85	5	0.5407	0.4970	0.0035	
nsga50k2x	I5	207646	86	2	0.5624	0.4932	0.0034	
nsga50k2x	I5	207258	87	0	0.5719	0.4761	0.0050	
nsga50k2x	I5	207185	88	2	0.5015	0.4912	0.0035	
nsga50k2x	I5	208392	87	5	0.5431	0.5015	0.0029	
nsga50k2x	I5	206022	86	0	0.4871	0.4885	0.0035	
nsga50k2x	I5	207220	88	1	0.4787	0.4875	0.0041	
nsga50k2x	I5	207258	88	2	0.5894	0.4907	0.0038	
nsga50k2x	I5	207336	88	1	0.4653	0.4919	0.0039	
nsga50k2x	I5	206975	88	3	0.5142	0.4942	0.0040	
nsga50k2x	I5	207692	88	0	0.4639	0.4820	0.0049	
nsga50k2x	I5	206303	88	3	0.4826	0.4946	0.0031	
nsga50k2x	I5	206876	88	6	0.5425	0.4962	0.0039	
nsga50k2x	I5	207859	87	3	0.5239	0.4966	0.0031	
nsga50k2x	I5	207537	88	3	0.5308	0.4943	0.0035	
nsga50k2x	I5	207447	87	3	0.5429	0.4860	0.0039	
nsga50k2x	I5	206574	88	2	0.5471	0.4867	0.0040	
nsga50k2x	I5	205968	88	1	0.4890	0.4908	0.0037	
nsga50k2x	I5	207122	88	3	0.5439	0.4924	0.0034	
nsga50k2x	I5	207121	85	1	0.4348	0.4922	0.0032	
nsga50k2x	I5	208273	88	2	0.5344	0.4924	0.0035	
nsga50k2x	I5	207227	88	4	0.6030	0.5049	0.0031	
nsga50k2x	I5	207157	85	4	0.5947	0.4916	0.0041	
nsga50k2x	I5	206560	87	1	0.5207	0.4937	0.0039	
nsga50k2x	I5	206439	88	3	0.4813	0.4885	0.0042	
nsga50k2x	I5	207654	88	0	0.5013	0.4809	0.0052	
nsga50k2x	I5	207253	85	0	0.5792	0.4901	0.0040	
nsga50k2x	I5	206282	87	3	0.5658	0.4913	0.0034	
nsga50k2x	I5	207542	88	3	0.5508	0.4881	0.0041	
nsga50k2x	I5	207049	88	3	0.5346	0.4898	0.0044	
nsga50k2x	I5	207546	88	0	0.5296	0.4855	0.0054	
nsga50k2x	I5	207023	88	0	0.5462	0.4849	0.0043	
nsga50k2x	I5	205964	88	5	0.4837	0.4868	0.0040	
nsga50k2x	I5	206923	88	1	0.5015	0.4879	0.0045	
nsga50k2x	I5	207141	87	0	0.4861	0.4875	0.0037	
nsga50k2x	I5	207743	88	4	0.5248	0.4988	0.0032	

	
nsga50k4x	I0	209999	70	2	0.6508	0.5437	0.0067	
nsga50k4x	I0	193757	66	3	0.6291	0.5481	0.0054	
nsga50k4x	I0	194437	70	3	0.6867	0.5605	0.0066	
nsga50k4x	I0	193556	71	1	0.6946	0.5487	0.0065	
nsga50k4x	I0	193567	73	2	0.5844	0.5275	0.0067	
nsga50k4x	I0	188728	72	1	0.6574	0.5256	0.0067	
nsga50k4x	I0	188453	68	3	0.6815	0.5571	0.0064	
nsga50k4x	I0	188304	75	0	0.6556	0.5220	0.0073	
nsga50k4x	I0	188648	59	1	0.6882	0.5424	0.0067	
nsga50k4x	I0	189399	67	2	0.6683	0.5431	0.0074	
nsga50k4x	I0	188929	79	3	0.6503	0.5255	0.0071	
nsga50k4x	I0	188768	63	11	0.6757	0.5671	0.0051	
nsga50k4x	I0	189432	69	2	0.6830	0.5485	0.0064	
nsga50k4x	I0	188807	67	1	0.6814	0.5464	0.0061	
nsga50k4x	I0	189211	64	1	0.5782	0.5433	0.0057	
nsga50k4x	I0	188357	68	0	0.6357	0.5176	0.0082	
nsga50k4x	I0	189002	64	2	0.7310	0.5603	0.0058	
nsga50k4x	I0	188481	75	4	0.7542	0.5687	0.0056	
nsga50k4x	I0	188976	69	2	0.7517	0.5547	0.0070	
nsga50k4x	I0	189140	71	2	0.6627	0.5573	0.0062	
nsga50k4x	I0	187618	66	4	0.6652	0.5551	0.0063	
nsga50k4x	I0	189134	66	2	0.6749	0.5553	0.0065	
nsga50k4x	I0	189055	65	1	0.6883	0.5429	0.0068	
nsga50k4x	I0	207684	65	1	0.6842	0.5418	0.0072	
nsga50k4x	I0	194531	69	1	0.6270	0.5393	0.0061	
nsga50k4x	I0	194346	59	4	0.5805	0.5472	0.0058	
nsga50k4x	I0	194631	63	1	0.6402	0.5424	0.0068	
nsga50k4x	I0	194848	68	0	0.6142	0.5267	0.0074	
nsga50k4x	I0	191855	74	2	0.6404	0.5435	0.0056	
nsga50k4x	I0	189524	66	2	0.6528	0.5384	0.0068	
nsga50k4x	I0	188153	78	2	0.5904	0.5493	0.0053	
nsga50k4x	I0	187682	65	0	0.6036	0.5285	0.0081	
nsga50k4x	I0	188118	69	0	0.6079	0.5203	0.0079	
nsga50k4x	I0	218692	63	2	0.6706	0.5495	0.0065	
nsga50k4x	I0	223333	65	1	0.7189	0.5321	0.0071	
nsga50k4x	I0	212273	69	0	0.7329	0.5274	0.0073	
nsga50k4x	I0	194176	65	1	0.6537	0.5510	0.0060	
nsga50k4x	I0	195705	81	4	0.6227	0.5473	0.0052	
nsga50k4x	I0	193980	83	2	0.6105	0.5422	0.0058	
nsga50k4x	I0	194527	70	6	0.6688	0.5616	0.0059	
nsga50k4x	I0	192888	65	0	0.5930	0.5408	0.0068	
nsga50k4x	I0	190252	70	3	0.6751	0.5631	0.0058	
nsga50k4x	I0	189794	72	0	0.7542	0.5272	0.0078	
nsga50k4x	I0	190310	72	0	0.7140	0.5095	0.0086	
nsga50k4x	I0	190000	76	7	0.6627	0.5553	0.0049	
nsga50k4x	I0	189524	59	4	0.6297	0.5627	0.0058	
nsga50k4x	I0	189379	73	1	0.6116	0.5331	0.0063	
nsga50k4x	I0	190036	81	1	0.6577	0.5555	0.0057	
nsga50k4x	I0	189908	62	2	0.6192	0.5411	0.0063	
nsga50k4x	I0	189779	64	5	0.6424	0.5496	0.0062	
nsga50k4x	I1	1103325	78	5	0.6957	0.4045	0.0070	
nsga50k4x	I1	1351916	76	3	0.6753	0.3990	0.0058	
nsga50k4x	I1	1148462	91	2	0.6715	0.3951	0.0065	
nsga50k4x	I1	1103492	94	3	0.6378	0.3976	0.0072	
nsga50k4x	I1	1108753	83	5	0.6065	0.4071	0.0053	
nsga50k4x	I1	1104175	91	2	0.6312	0.3893	0.0086	
nsga50k4x	I1	1107766	85	0	0.7346	0.3881	0.0084	
nsga50k4x	I1	1107653	99	4	0.6509	0.4007	0.0052	
nsga50k4x	I1	1107392	112	2	0.6313	0.3799	0.0060	
nsga50k4x	I1	1105973	94	1	0.6981	0.3978	0.0081	
nsga50k4x	I1	1105084	96	3	0.6318	0.4019	0.0048	
nsga50k4x	I1	1104269	95	3	0.7427	0.4020	0.0068	
nsga50k4x	I1	1103656	84	3	0.6156	0.3990	0.0076	
nsga50k4x	I1	1109007	100	2	0.7483	0.3912	0.0064	
nsga50k4x	I1	1103899	98	2	0.7577	0.4005	0.0080	
nsga50k4x	I1	1103943	84	2	0.5928	0.3936	0.0066	
nsga50k4x	I1	1107627	85	1	0.7133	0.4014	0.0079	
nsga50k4x	I1	1105773	86	0	0.6627	0.4052	0.0053	
nsga50k4x	I1	1104234	113	0	0.6345	0.3811	0.0082	
nsga50k4x	I1	1105360	97	1	0.6768	0.3912	0.0075	
nsga50k4x	I1	1106414	88	5	0.6130	0.3987	0.0050	
nsga50k4x	I1	1145230	88	2	0.6289	0.3970	0.0079	
nsga50k4x	I1	1388556	91	4	0.7010	0.3973	0.0070	
nsga50k4x	I1	1123013	97	3	0.6534	0.3985	0.0071	
nsga50k4x	I1	1104452	93	1	0.6784	0.3937	0.0086	
nsga50k4x	I1	1104411	92	0	0.6665	0.3893	0.0063	
nsga50k4x	I1	1106513	85	2	0.6962	0.3998	0.0066	
nsga50k4x	I1	1104420	89	2	0.6962	0.3979	0.0063	
nsga50k4x	I1	1107568	85	5	0.6759	0.4095	0.0056	
nsga50k4x	I1	1103944	96	2	0.7008	0.3928	0.0087	
nsga50k4x	I1	1105679	82	2	0.6644	0.4071	0.0062	
nsga50k4x	I1	1105549	90	1	0.6520	0.3904	0.0066	
nsga50k4x	I1	1104745	82	4	0.6180	0.4039	0.0062	
nsga50k4x	I1	1104864	85	3	0.7246	0.3882	0.0078	
nsga50k4x	I1	1103830	91	3	0.6370	0.3892	0.0062	
nsga50k4x	I1	1102904	93	3	0.7336	0.3974	0.0069	
nsga50k4x	I1	1108566	79	1	0.7075	0.3928	0.0068	
nsga50k4x	I1	1103960	83	2	0.6397	0.3991	0.0069	
nsga50k4x	I1	1105488	82	3	0.5848	0.3975	0.0062	
nsga50k4x	I1	1107001	101	4	0.6987	0.4020	0.0071	
nsga50k4x	I1	1108774	95	1	0.6071	0.3903	0.0053	
nsga50k4x	I1	1104783	83	5	0.5941	0.3962	0.0061	
nsga50k4x	I1	1103174	95	1	0.5995	0.3919	0.0071	
nsga50k4x	I1	1106372	92	1	0.6730	0.3934	0.0076	
nsga50k4x	I1	1104566	89	4	0.6273	0.4099	0.0053	
nsga50k4x	I1	1104748	83	6	0.6340	0.3996	0.0076	
nsga50k4x	I1	1107819	103	2	0.6780	0.4020	0.0063	
nsga50k4x	I1	1106544	96	1	0.6152	0.3934	0.0078	
nsga50k4x	I1	1107818	83	0	0.6959	0.3976	0.0077	
nsga50k4x	I1	1118380	91	5	0.6941	0.3967	0.0076	
nsga50k4x	I2	1316223	59	1	0.7644	0.5607	0.0076	
nsga50k4x	I2	1274010	49	1	0.7417	0.5540	0.0094	
nsga50k4x	I2	1273546	61	0	0.7564	0.5423	0.0085	
nsga50k4x	I2	1309140	56	6	0.7080	0.5709	0.0059	
nsga50k4x	I2	1304838	49	2	0.7464	0.5594	0.0076	
nsga50k4x	I2	1366359	54	3	0.7002	0.5668	0.0080	
nsga50k4x	I2	1279461	54	0	0.7686	0.5503	0.0093	
nsga50k4x	I2	1273788	58	1	0.6968	0.5693	0.0079	
nsga50k4x	I2	1448950	46	1	0.7015	0.5607	0.0080	
nsga50k4x	I2	1378322	52	1	0.7308	0.5714	0.0082	
nsga50k4x	I2	1267975	35	4	0.7379	0.5814	0.0074	
nsga50k4x	I2	1267914	57	0	0.7100	0.5446	0.0093	
nsga50k4x	I2	1268529	53	1	0.7122	0.5604	0.0084	
nsga50k4x	I2	1265916	56	2	0.7186	0.5756	0.0069	
nsga50k4x	I2	1270291	48	2	0.7144	0.5607	0.0091	
nsga50k4x	I2	1267328	56	2	0.6045	0.5651	0.0074	
nsga50k4x	I2	1269584	50	0	0.6746	0.5462	0.0087	
nsga50k4x	I2	1269922	50	3	0.7406	0.5756	0.0074	
nsga50k4x	I2	1270571	53	1	0.7060	0.5652	0.0087	
nsga50k4x	I2	1269632	46	1	0.6954	0.5611	0.0085	
nsga50k4x	I2	1267902	42	2	0.6745	0.5750	0.0091	
nsga50k4x	I2	1271456	43	3	0.6999	0.5564	0.0078	
nsga50k4x	I2	1270421	51	1	0.7485	0.5624	0.0089	
nsga50k4x	I2	1266614	54	1	0.5593	0.5645	0.0080	
nsga50k4x	I2	1266921	50	1	0.7902	0.5832	0.0085	
nsga50k4x	I2	1266826	53	3	0.7708	0.6060	0.0095	
nsga50k4x	I2	1455108	51	2	0.7278	0.5558	0.0072	
nsga50k4x	I2	1427855	65	1	0.7830	0.5556	0.0081	
nsga50k4x	I2	1270888	48	0	0.6701	0.5741	0.0081	
nsga50k4x	I2	1270086	62	1	0.6945	0.5598	0.0085	
nsga50k4x	I2	1269474	55	0	0.6450	0.5602	0.0071	
nsga50k4x	I2	1267329	69	0	0.7163	0.5461	0.0078	
nsga50k4x	I2	1267867	48	3	0.6912	0.5788	0.0074	
nsga50k4x	I2	1265523	48	2	0.6840	0.5475	0.0085	
nsga50k4x	I2	1270026	46	4	0.7130	0.5703	0.0085	
nsga50k4x	I2	1264882	54	2	0.7479	0.5716	0.0076	
nsga50k4x	I2	1268536	52	1	0.6945	0.5605	0.0073	
nsga50k4x	I2	1269129	59	0	0.8059	0.5602	0.0087	
nsga50k4x	I2	1268803	57	1	0.6807	0.5581	0.0070	
nsga50k4x	I2	1267266	50	3	0.6851	0.5555	0.0075	
nsga50k4x	I2	1268479	62	1	0.6771	0.5511	0.0079	
nsga50k4x	I2	1268204	47	3	0.6838	0.5618	0.0082	
nsga50k4x	I2	1266761	46	2	0.6754	0.5652	0.0088	
nsga50k4x	I2	1266979	52	0	0.5551	0.5537	0.0078	
nsga50k4x	I2	1269128	47	1	0.6336	0.5705	0.0074	
nsga50k4x	I2	1268337	58	0	0.7339	0.5589	0.0077	
nsga50k4x	I2	1267694	43	7	0.7021	0.5870	0.0069	
nsga50k4x	I2	1265188	49	1	0.7159	0.5789	0.0086	
nsga50k4x	I2	1267669	56	2	0.8435	0.5691	0.0073	
nsga50k4x	I2	1269503	49	0	0.7000	0.5726	0.0076	
nsga50k4x	I3	1213467	53	3	0.7651	0.4440	0.0183	
nsga50k4x	I3	1229063	60	0	0.6865	0.4189	0.0123	
nsga50k4x	I3	1236821	76	1	0.6932	0.4354	0.0150	
nsga50k4x	I3	1228841	55	4	0.9162	0.4600	0.0459	
nsga50k4x	I3	1227158	53	4	0.7017	0.4404	0.0131	
nsga50k4x	I3	1232669	55	2	0.6797	0.4354	0.0144	
nsga50k4x	I3	1225694	64	2	0.7021	0.4184	0.0128	
nsga50k4x	I3	1229686	60	1	0.7673	0.4346	0.0154	
nsga50k4x	I3	1226452	59	3	0.6870	0.4310	0.0120	
nsga50k4x	I3	1229793	72	0	0.6517	0.4074	0.0122	
nsga50k4x	I3	1228919	68	0	0.6980	0.4187	0.0123	
nsga50k4x	I3	1231034	77	1	0.6644	0.4074	0.0117	
nsga50k4x	I3	1219077	64	3	0.6221	0.4044	0.0125	
nsga50k4x	I3	1226053	59	2	0.5576	0.4275	0.0104	
nsga50k4x	I3	1226828	67	1	0.6646	0.4261	0.0121	
nsga50k4x	I3	1231175	64	3	0.8181	0.4252	0.0171	
nsga50k4x	I3	1232104	57	3	0.6131	0.4222	0.0121	
nsga50k4x	I3	1222442	74	1	0.6951	0.4011	0.0177	
nsga50k4x	I3	1224347	73	3	0.7177	0.4073	0.0134	
nsga50k4x	I3	1229747	67	1	0.5643	0.4156	0.0115	
nsga50k4x	I3	1223286	62	1	0.6387	0.4061	0.0134	
nsga50k4x	I3	1225528	62	3	0.7606	0.4288	0.0234	
nsga50k4x	I3	1223407	70	1	0.8250	0.4324	0.0191	
nsga50k4x	I3	1224384	59	4	0.8083	0.4344	0.0172	
nsga50k4x	I3	1223832	62	0	0.7942	0.4201	0.0307	
nsga50k4x	I3	1219562	63	0	0.6166	0.4165	0.0120	
nsga50k4x	I3	1225069	60	4	0.6204	0.4454	0.0114	
nsga50k4x	I3	1223128	63	4	0.6447	0.4441	0.0091	
nsga50k4x	I3	1185269	56	1	0.6187	0.4161	0.0124	
nsga50k4x	I3	783583	64	3	0.6510	0.4183	0.0134	
nsga50k4x	I3	762847	78	0	0.7074	0.4031	0.0165	
nsga50k4x	I3	762345	54	3	0.6592	0.4281	0.0140	
nsga50k4x	I3	764945	65	0	0.7391	0.4211	0.0240	
nsga50k4x	I3	760042	64	2	0.7182	0.4198	0.0122	
nsga50k4x	I3	762943	53	2	0.6354	0.4254	0.0109	
nsga50k4x	I3	764851	58	3	0.9870	0.4361	0.0427	
nsga50k4x	I3	763558	53	1	0.7379	0.4328	0.0151	
nsga50k4x	I3	759972	62	3	0.6414	0.4508	0.0101	
nsga50k4x	I3	760643	49	4	0.8026	0.4369	0.0261	
nsga50k4x	I3	760001	59	0	0.9345	0.4215	0.0384	
nsga50k4x	I3	760912	59	2	0.6524	0.4433	0.0115	
nsga50k4x	I3	761862	64	2	0.7199	0.4294	0.0118	
nsga50k4x	I3	763000	70	1	0.6929	0.4118	0.0117	
nsga50k4x	I3	761751	56	3	0.6975	0.4283	0.0129	
nsga50k4x	I3	765302	80	2	0.7763	0.4275	0.0129	
nsga50k4x	I3	759826	63	2	0.5936	0.4269	0.0122	
nsga50k4x	I3	762744	62	1	0.7252	0.4150	0.0183	
nsga50k4x	I3	765500	62	0	0.6804	0.4088	0.0140	
nsga50k4x	I3	764982	63	2	0.7124	0.4165	0.0112	
nsga50k4x	I3	765376	66	1	0.5731	0.4084	0.0114	
nsga50k4x	I4	476888	117	3	0.6204	0.5130	0.0025	
nsga50k4x	I4	475678	131	3	0.5611	0.5128	0.0025	
nsga50k4x	I4	474554	140	2	0.6034	0.5080	0.0027	
nsga50k4x	I4	478044	118	1	0.6492	0.5064	0.0030	
nsga50k4x	I4	476909	106	7	0.6455	0.5123	0.0027	
nsga50k4x	I4	476703	121	0	0.5993	0.5017	0.0030	
nsga50k4x	I4	477378	117	3	0.6171	0.5087	0.0028	
nsga50k4x	I4	473806	119	3	0.6124	0.5122	0.0026	
nsga50k4x	I4	476075	111	2	0.6060	0.5048	0.0029	
nsga50k4x	I4	476613	117	5	0.6923	0.5122	0.0031	
nsga50k4x	I4	474239	129	3	0.5936	0.5106	0.0024	
nsga50k4x	I4	476860	126	7	0.6123	0.5173	0.0022	
nsga50k4x	I4	478096	109	8	0.6514	0.5153	0.0027	
nsga50k4x	I4	477517	108	7	0.6376	0.5145	0.0026	
nsga50k4x	I4	476438	129	4	0.6038	0.5111	0.0025	
nsga50k4x	I4	476578	116	4	0.6493	0.5134	0.0027	
nsga50k4x	I4	476089	103	7	0.6155	0.5133	0.0025	
nsga50k4x	I4	475636	122	4	0.6436	0.5107	0.0028	
nsga50k4x	I4	474776	112	4	0.6701	0.5223	0.0024	
nsga50k4x	I4	476074	117	2	0.6295	0.5083	0.0028	
nsga50k4x	I4	475641	116	2	0.6236	0.5064	0.0032	
nsga50k4x	I4	477148	125	1	0.6129	0.5077	0.0029	
nsga50k4x	I4	473532	132	7	0.5583	0.5101	0.0025	
nsga50k4x	I4	476937	124	3	0.5913	0.5087	0.0027	
nsga50k4x	I4	477595	113	0	0.6134	0.5080	0.0031	
nsga50k4x	I4	476557	106	4	0.6406	0.5155	0.0025	
nsga50k4x	I4	477442	116	5	0.5746	0.5088	0.0027	
nsga50k4x	I4	477323	114	4	0.6158	0.5129	0.0026	
nsga50k4x	I4	476636	115	2	0.5978	0.5125	0.0027	
nsga50k4x	I4	476672	111	1	0.6000	0.5089	0.0028	
nsga50k4x	I4	477264	92	3	0.6288	0.5105	0.0029	
nsga50k4x	I4	474845	130	1	0.6346	0.5025	0.0030	
nsga50k4x	I4	475536	132	7	0.6216	0.5136	0.0025	
nsga50k4x	I4	476623	131	1	0.6391	0.5105	0.0028	
nsga50k4x	I4	475379	127	0	0.5743	0.5057	0.0030	
nsga50k4x	I4	478114	116	1	0.6224	0.5102	0.0025	
nsga50k4x	I4	478389	126	1	0.6491	0.5031	0.0029	
nsga50k4x	I4	476401	103	5	0.6093	0.5173	0.0026	
nsga50k4x	I4	476462	108	3	0.6126	0.5118	0.0027	
nsga50k4x	I4	474819	105	4	0.5539	0.5106	0.0029	
nsga50k4x	I4	474820	118	9	0.6403	0.5193	0.0026	
nsga50k4x	I4	475874	119	7	0.6293	0.5093	0.0028	
nsga50k4x	I4	476868	113	1	0.6273	0.5056	0.0029	
nsga50k4x	I4	476959	121	1	0.6163	0.5039	0.0030	
nsga50k4x	I4	478145	127	4	0.6582	0.5036	0.0031	
nsga50k4x	I4	475699	115	4	0.6148	0.5112	0.0026	
nsga50k4x	I4	477730	123	9	0.6542	0.5144	0.0025	
nsga50k4x	I4	477247	112	3	0.6119	0.5069	0.0029	
nsga50k4x	I4	477193	108	4	0.5852	0.5103	0.0031	
nsga50k4x	I4	474451	126	4	0.5999	0.5120	0.0027	
nsga50k4x	I5	207087	104	1	0.6520	0.5223	0.0036	
nsga50k4x	I5	206320	102	0	0.6358	0.5229	0.0038	
nsga50k4x	I5	207156	95	3	0.5160	0.5284	0.0034	
nsga50k4x	I5	207366	109	1	0.6358	0.5171	0.0037	
nsga50k4x	I5	207764	104	2	0.5619	0.5267	0.0031	
nsga50k4x	I5	206674	109	2	0.6399	0.5177	0.0037	
nsga50k4x	I5	206738	95	2	0.5597	0.5303	0.0034	
nsga50k4x	I5	206541	96	2	0.6862	0.5296	0.0036	
nsga50k4x	I5	206509	113	1	0.6615	0.5161	0.0039	
nsga50k4x	I5	207030	105	2	0.6234	0.5234	0.0035	
nsga50k4x	I5	206937	104	2	0.6104	0.5228	0.0034	
nsga50k4x	I5	205948	96	1	0.5874	0.5219	0.0039	
nsga50k4x	I5	207167	98	9	0.6437	0.5310	0.0031	
nsga50k4x	I5	207374	107	4	0.6101	0.5315	0.0029	
nsga50k4x	I5	206221	91	1	0.5501	0.5195	0.0037	
nsga50k4x	I5	207115	101	3	0.6356	0.5299	0.0032	
nsga50k4x	I5	206760	98	2	0.5799	0.5215	0.0032	
nsga50k4x	I5	207741	95	1	0.6488	0.5256	0.0035	
nsga50k4x	I5	207015	101	2	0.5613	0.5223	0.0039	
nsga50k4x	I5	207046	101	2	0.5818	0.5277	0.0033	
nsga50k4x	I5	207564	105	2	0.6125	0.5272	0.0030	
nsga50k4x	I5	207475	87	4	0.6210	0.5244	0.0040	
nsga50k4x	I5	206700	105	3	0.6245	0.5165	0.0044	
nsga50k4x	I5	207455	104	3	0.5804	0.5274	0.0032	
nsga50k4x	I5	206909	94	6	0.5602	0.5341	0.0029	
nsga50k4x	I5	206858	107	0	0.6412	0.5244	0.0035	
nsga50k4x	I5	206567	97	9	0.5670	0.5332	0.0030	
nsga50k4x	I5	207258	109	0	0.5613	0.5205	0.0035	
nsga50k4x	I5	207200	92	8	0.6012	0.5335	0.0033	
nsga50k4x	I5	207028	97	0	0.5514	0.5221	0.0039	
nsga50k4x	I5	206943	103	1	0.6353	0.5222	0.0034	
nsga50k4x	I5	207077	101	6	0.6677	0.5273	0.0035	
nsga50k4x	I5	206555	93	4	0.6001	0.5269	0.0035	
nsga50k4x	I5	207908	106	6	0.6369	0.5279	0.0030	
nsga50k4x	I5	206602	90	1	0.5580	0.5193	0.0039	
nsga50k4x	I5	206632	95	7	0.5665	0.5330	0.0028	
nsga50k4x	I5	207346	104	2	0.6331	0.5216	0.0036	
nsga50k4x	I5	207145	103	5	0.6177	0.5300	0.0031	
nsga50k4x	I5	206956	98	3	0.6430	0.5189	0.0038	
nsga50k4x	I5	206402	106	2	0.6837	0.5206	0.0037	
nsga50k4x	I5	206632	104	3	0.6083	0.5252	0.0033	
nsga50k4x	I5	207558	90	2	0.6004	0.5272	0.0032	
nsga50k4x	I5	207268	104	1	0.5927	0.5173	0.0036	
nsga50k4x	I5	205976	97	3	0.5586	0.5215	0.0035	
nsga50k4x	I5	207040	100	3	0.6555	0.5242	0.0036	
nsga50k4x	I5	206317	103	3	0.5682	0.5241	0.0036	
nsga50k4x	I5	206659	96	4	0.6143	0.5264	0.0033	
nsga50k4x	I5	206787	93	1	0.5927	0.5287	0.0029	
nsga50k4x	I5	206752	111	4	0.6225	0.5229	0.0035	
nsga50k4x	I5	206921	106	9	0.5768	0.5287	0.0031	

	
nsga50k8x	I0	306727	58	1	0.5814	0.4637	0.0079	
nsga50k8x	I0	311241	60	1	0.6265	0.4585	0.0079	
nsga50k8x	I0	310202	66	1	0.6579	0.4607	0.0092	
nsga50k8x	I0	311237	67	1	0.6296	0.4550	0.0084	
nsga50k8x	I0	310267	59	1	0.6552	0.4622	0.0082	
nsga50k8x	I0	311778	73	1	0.6259	0.4598	0.0081	
nsga50k8x	I0	312051	69	1	0.6324	0.4544	0.0124	
nsga50k8x	I0	310858	68	1	0.6574	0.4548	0.0088	
nsga50k8x	I0	277078	74	2	0.6360	0.4604	0.0071	
nsga50k8x	I0	197242	65	3	0.5596	0.4636	0.0073	
nsga50k8x	I0	197414	62	2	0.6770	0.4630	0.0103	
nsga50k8x	I0	197883	68	3	0.5914	0.4629	0.0074	
nsga50k8x	I0	197563	58	4	0.5734	0.4716	0.0065	
nsga50k8x	I0	191798	65	1	0.6381	0.4623	0.0079	
nsga50k8x	I0	189028	77	0	0.5608	0.4553	0.0073	
nsga50k8x	I0	189437	66	2	0.6904	0.4579	0.0096	
nsga50k8x	I0	189695	65	3	0.6320	0.4591	0.0074	
nsga50k8x	I0	190003	62	3	0.7608	0.4683	0.0137	
nsga50k8x	I0	189437	64	3	0.5734	0.4707	0.0075	
nsga50k8x	I0	190002	61	5	0.5837	0.4605	0.0095	
nsga50k8x	I0	230796	61	2	0.6992	0.4754	0.0080	
nsga50k8x	I0	269898	60	1	0.6604	0.4664	0.0096	
nsga50k8x	I0	276314	70	6	0.6904	0.4690	0.0078	
nsga50k8x	I0	247021	66	1	0.6351	0.4648	0.0081	
nsga50k8x	I0	197800	64	1	0.6239	0.4532	0.0090	
nsga50k8x	I0	197180	61	3	0.6666	0.4617	0.0103	
nsga50k8x	I0	197126	62	9	0.6166	0.4774	0.0079	
nsga50k8x	I0	198184	67	3	0.7269	0.4750	0.0085	
nsga50k8x	I0	191070	72	0	0.6501	0.4512	0.0080	
nsga50k8x	I0	189158	53	3	0.5320	0.4702	0.0085	
nsga50k8x	I0	189808	55	1	0.5847	0.4688	0.0065	
nsga50k8x	I0	189442	71	1	0.6357	0.4515	0.0079	
nsga50k8x	I0	189626	65	5	0.7834	0.4618	0.0095	
nsga50k8x	I0	189957	62	2	0.7736	0.4651	0.0127	
nsga50k8x	I0	189759	81	0	0.5925	0.4564	0.0070	
nsga50k8x	I0	189771	59	1	0.6367	0.4605	0.0085	
nsga50k8x	I0	189723	62	1	0.6629	0.4698	0.0112	
nsga50k8x	I0	189396	61	0	0.6219	0.4520	0.0097	
nsga50k8x	I0	189217	61	2	0.6581	0.4593	0.0106	
nsga50k8x	I0	189304	67	1	0.6299	0.4484	0.0093	
nsga50k8x	I0	188852	70	0	0.7511	0.4402	0.0102	
nsga50k8x	I0	190705	55	1	0.6483	0.4586	0.0087	
nsga50k8x	I0	189911	59	1	0.6560	0.4529	0.0114	
nsga50k8x	I0	189542	69	2	0.6242	0.4622	0.0078	
nsga50k8x	I0	189491	57	2	0.7942	0.4642	0.0136	
nsga50k8x	I0	189043	65	2	0.6725	0.4548	0.0084	
nsga50k8x	I0	189070	59	2	0.6549	0.4588	0.0089	
nsga50k8x	I0	189725	54	0	0.7279	0.4505	0.0123	
nsga50k8x	I0	189648	62	1	0.6988	0.4582	0.0095	
nsga50k8x	I0	189945	72	3	0.7013	0.4647	0.0107	
nsga50k8x	I1	1115827	106	0	0.5939	0.4856	0.0046	
nsga50k8x	I1	1114905	81	3	0.6990	0.4933	0.0050	
nsga50k8x	I1	1115514	93	2	0.5799	0.4925	0.0044	
nsga50k8x	I1	1113334	74	2	0.6224	0.4943	0.0046	
nsga50k8x	I1	1114938	80	2	0.6282	0.4949	0.0046	
nsga50k8x	I1	1117390	85	1	0.6856	0.4847	0.0052	
nsga50k8x	I1	1114392	78	3	0.6694	0.4968	0.0047	
nsga50k8x	I1	1116082	93	2	0.6091	0.4925	0.0044	
nsga50k8x	I1	1114152	86	1	0.6198	0.4863	0.0049	
nsga50k8x	I1	1114844	84	0	0.5537	0.4844	0.0049	
nsga50k8x	I1	1113866	92	0	0.6317	0.4920	0.0042	
nsga50k8x	I1	1115329	74	0	0.6723	0.4895	0.0054	
nsga50k8x	I1	1115494	81	2	0.5316	0.4933	0.0045	
nsga50k8x	I1	1117137	89	0	0.6082	0.4844	0.0052	
nsga50k8x	I1	1229453	82	3	0.7203	0.5043	0.0045	
nsga50k8x	I1	1116074	80	3	0.6412	0.4938	0.0048	
nsga50k8x	I1	1115736	89	5	0.6446	0.4985	0.0048	
nsga50k8x	I1	1113743	75	3	0.5299	0.4972	0.0047	
nsga50k8x	I1	1114264	80	1	0.6738	0.4898	0.0054	
nsga50k8x	I1	1114366	86	2	0.5718	0.4850	0.0048	
nsga50k8x	I1	1114744	73	3	0.7694	0.4949	0.0069	
nsga50k8x	I1	1115268	78	0	0.6241	0.4840	0.0051	
nsga50k8x	I1	1113317	76	5	0.6281	0.5032	0.0052	
nsga50k8x	I1	1113464	76	6	0.5578	0.4927	0.0051	
nsga50k8x	I1	1113021	76	3	0.6122	0.4962	0.0046	
nsga50k8x	I1	1114536	80	2	0.6547	0.4978	0.0045	
nsga50k8x	I1	1113727	59	4	0.5059	0.5004	0.0045	
nsga50k8x	I1	1113024	78	4	0.5687	0.5003	0.0040	
nsga50k8x	I1	1110973	78	4	0.6047	0.4996	0.0048	
nsga50k8x	I1	1114804	98	2	0.6827	0.4908	0.0050	
nsga50k8x	I1	1113393	77	2	0.5741	0.4874	0.0048	
nsga50k8x	I1	1113907	63	5	0.5734	0.5078	0.0037	
nsga50k8x	I1	1112202	86	2	0.5901	0.4960	0.0042	
nsga50k8x	I1	1111666	92	7	0.7026	0.4931	0.0044	
nsga50k8x	I1	1114244	72	3	0.6819	0.4956	0.0059	
nsga50k8x	I1	1112700	74	2	0.5815	0.4860	0.0057	
nsga50k8x	I1	1114014	81	2	0.6514	0.4964	0.0047	
nsga50k8x	I1	1116975	73	3	0.6473	0.5001	0.0046	
nsga50k8x	I1	1113601	80	2	0.5912	0.4903	0.0053	
nsga50k8x	I1	1113749	84	6	0.5948	0.4918	0.0046	
nsga50k8x	I1	1114821	67	2	0.6915	0.5031	0.0048	
nsga50k8x	I1	1111563	86	4	0.5643	0.4883	0.0047	
nsga50k8x	I1	1113560	100	0	0.5986	0.4822	0.0049	
nsga50k8x	I1	1113395	87	3	0.6457	0.4902	0.0046	
nsga50k8x	I1	1112444	95	2	0.5994	0.4832	0.0048	
nsga50k8x	I1	1114470	84	4	0.5737	0.4984	0.0044	
nsga50k8x	I1	1115651	88	0	0.6900	0.4716	0.0063	
nsga50k8x	I1	1117507	92	0	0.6798	0.4838	0.0051	
nsga50k8x	I1	1113814	78	3	0.6693	0.4939	0.0048	
nsga50k8x	I1	1130515	93	1	0.6833	0.4791	0.0056	
nsga50k8x	I2	2099263	47	1	0.7069	0.5343	0.0113	
nsga50k8x	I2	1567169	46	1	0.6768	0.5216	0.0123	
nsga50k8x	I2	1304451	44	3	0.7312	0.5543	0.0131	
nsga50k8x	I2	1588120	35	3	0.6004	0.5680	0.0154	
nsga50k8x	I2	1308953	46	0	0.7411	0.5284	0.0145	
nsga50k8x	I2	1301529	47	1	0.7269	0.5421	0.0116	
nsga50k8x	I2	1303616	50	2	0.7375	0.5523	0.0121	
nsga50k8x	I2	1289483	52	1	0.5378	0.5260	0.0130	
nsga50k8x	I2	1286719	42	3	0.6802	0.5539	0.0104	
nsga50k8x	I2	1281850	45	2	0.6985	0.5646	0.0133	
nsga50k8x	I2	1284602	41	4	0.7306	0.5484	0.0180	
nsga50k8x	I2	1284372	42	0	0.7371	0.5265	0.0136	
nsga50k8x	I2	1284379	46	1	0.7610	0.5629	0.0147	
nsga50k8x	I2	1285194	39	1	0.6330	0.5310	0.0147	
nsga50k8x	I2	1282460	50	1	0.6847	0.5169	0.0121	
nsga50k8x	I2	1283987	42	1	0.6270	0.5308	0.0130	
nsga50k8x	I2	1283488	46	1	0.5854	0.5379	0.0138	
nsga50k8x	I2	1285006	54	0	0.8265	0.5488	0.0113	
nsga50k8x	I2	1282662	44	2	0.5745	0.5521	0.0146	
nsga50k8x	I2	1379980	52	1	0.6367	0.5406	0.0128	
nsga50k8x	I2	1302689	52	0	0.6187	0.5276	0.0120	
nsga50k8x	I2	1283627	48	0	0.7001	0.5231	0.0140	
nsga50k8x	I2	1282923	41	3	0.6994	0.5502	0.0136	
nsga50k8x	I2	1282903	53	1	0.6531	0.5266	0.0136	
nsga50k8x	I2	1282202	47	1	0.8490	0.5434	0.0188	
nsga50k8x	I2	1283931	48	2	0.6481	0.5325	0.0138	
nsga50k8x	I2	1283927	50	3	0.6626	0.5783	0.0100	
nsga50k8x	I2	1282857	57	1	0.7325	0.5409	0.0111	
nsga50k8x	I2	1282661	47	3	0.6832	0.5484	0.0129	
nsga50k8x	I2	1281882	45	2	0.6586	0.5341	0.0109	
nsga50k8x	I2	1284133	46	3	0.6590	0.5676	0.0133	
nsga50k8x	I2	1283058	41	1	0.7087	0.5427	0.0109	
nsga50k8x	I2	1283446	48	3	0.7589	0.5611	0.0153	
nsga50k8x	I2	1281200	52	1	0.6697	0.5439	0.0119	
nsga50k8x	I2	1283018	43	1	0.6256	0.5580	0.0121	
nsga50k8x	I2	1282670	45	1	0.6849	0.5303	0.0148	
nsga50k8x	I2	1282173	45	1	0.8137	0.5198	0.0119	
nsga50k8x	I2	1282348	51	2	0.7349	0.5308	0.0147	
nsga50k8x	I2	1284198	51	4	0.6883	0.5268	0.0130	
nsga50k8x	I2	1279797	45	0	0.6050	0.5207	0.0139	
nsga50k8x	I2	1281182	46	2	0.6632	0.5392	0.0130	
nsga50k8x	I2	1280271	49	0	0.7358	0.5354	0.0115	
nsga50k8x	I2	1284605	47	2	0.7796	0.5482	0.0128	
nsga50k8x	I2	1281852	50	1	0.7358	0.5435	0.0139	
nsga50k8x	I2	1284216	53	0	0.7416	0.5357	0.0134	
nsga50k8x	I2	1283862	44	3	0.6388	0.5439	0.0112	
nsga50k8x	I2	1282670	44	3	0.6068	0.5551	0.0103	
nsga50k8x	I2	1283469	47	1	0.7067	0.5584	0.0108	
nsga50k8x	I2	1284064	46	1	0.6541	0.5435	0.0121	
nsga50k8x	I2	1280617	41	0	0.8103	0.5214	0.0196	
nsga50k8x	I3	1247321	53	3	0.6132	0.4707	0.0106	
nsga50k8x	I3	1242047	59	0	0.7317	0.4336	0.0149	
nsga50k8x	I3	1245935	60	3	0.6062	0.4440	0.0116	
nsga50k8x	I3	1243826	52	0	0.8184	0.4403	0.0297	
nsga50k8x	I3	1244544	62	0	0.5190	0.4377	0.0116	
nsga50k8x	I3	1250783	59	2	0.8121	0.4570	0.0194	
nsga50k8x	I3	1242593	46	4	0.6946	0.4678	0.0146	
nsga50k8x	I3	1250857	49	2	0.5995	0.4756	0.0106	
nsga50k8x	I3	1245242	58	1	0.5987	0.4451	0.0122	
nsga50k8x	I3	1247673	52	2	0.6863	0.4502	0.0119	
nsga50k8x	I3	1438812	53	3	0.7555	0.4542	0.0145	
nsga50k8x	I3	1266498	54	2	0.5813	0.4420	0.0132	
nsga50k8x	I3	1248741	50	6	0.6554	0.4704	0.0132	
nsga50k8x	I3	1246999	59	3	0.6795	0.4630	0.0115	
nsga50k8x	I3	1239713	60	1	0.6987	0.4422	0.0113	
nsga50k8x	I3	1248291	51	1	0.6146	0.4458	0.0126	
nsga50k8x	I3	1245029	58	1	0.6112	0.4474	0.0108	
nsga50k8x	I3	1242737	70	0	0.6569	0.4377	0.0123	
nsga50k8x	I3	1244368	61	1	0.5866	0.4577	0.0093	
nsga50k8x	I3	1242454	50	1	0.8626	0.4663	0.0196	
nsga50k8x	I3	1254198	57	2	0.8325	0.4618	0.0192	
nsga50k8x	I3	1259700	46	4	0.6312	0.4691	0.0105	
nsga50k8x	I3	1256808	62	2	0.7508	0.4595	0.0156	
nsga50k8x	I3	1251469	68	4	0.7037	0.4717	0.0107	
nsga50k8x	I3	1257148	56	1	0.6479	0.4522	0.0125	
nsga50k8x	I3	1258170	55	3	0.6188	0.4422	0.0131	
nsga50k8x	I3	1257707	58	4	0.7038	0.4555	0.0113	
nsga50k8x	I3	1252110	62	2	0.6707	0.4355	0.0127	
nsga50k8x	I3	1171612	50	2	0.6645	0.4662	0.0123	
nsga50k8x	I3	1098081	48	2	0.6700	0.4627	0.0179	
nsga50k8x	I3	1102047	70	0	0.8663	0.4492	0.0250	
nsga50k8x	I3	1127494	58	1	0.6279	0.4417	0.0125	
nsga50k8x	I3	1160536	55	1	0.9011	0.4699	0.0280	
nsga50k8x	I3	1095110	63	1	0.7705	0.4402	0.0158	
nsga50k8x	I3	1103637	53	1	0.5880	0.4452	0.0137	
nsga50k8x	I3	1104084	59	5	0.6119	0.4666	0.0091	
nsga50k8x	I3	1102342	59	2	0.6497	0.4575	0.0110	
nsga50k8x	I3	1101061	58	3	0.6238	0.4619	0.0100	
nsga50k8x	I3	1101412	49	4	0.6151	0.4738	0.0091	
nsga50k8x	I3	1100582	56	1	0.6635	0.4567	0.0111	
nsga50k8x	I3	1100304	59	0	0.6202	0.4449	0.0118	
nsga50k8x	I3	1099436	61	2	0.7170	0.4479	0.0112	
nsga50k8x	I3	1097952	61	2	0.6471	0.4452	0.0109	
nsga50k8x	I3	1099042	52	3	0.6529	0.4685	0.0115	
nsga50k8x	I3	1102334	57	3	0.7325	0.4698	0.0137	
nsga50k8x	I3	1105430	62	1	0.7982	0.4434	0.0231	
nsga50k8x	I3	1099611	66	3	0.7336	0.4636	0.0124	
nsga50k8x	I3	1102445	52	4	0.8765	0.4769	0.0297	
nsga50k8x	I3	1100061	55	1	0.6070	0.4381	0.0115	
nsga50k8x	I3	1100752	59	2	0.6164	0.4507	0.0108	
nsga50k8x	I4	482863	109	4	0.6209	0.4845	0.0032	
nsga50k8x	I4	480070	104	1	0.5628	0.4772	0.0035	
nsga50k8x	I4	481753	115	3	0.6204	0.4871	0.0034	
nsga50k8x	I4	481393	90	7	0.6599	0.4855	0.0044	
nsga50k8x	I4	482795	96	0	0.6119	0.4761	0.0040	
nsga50k8x	I4	482446	88	2	0.5765	0.4804	0.0037	
nsga50k8x	I4	482032	120	1	0.5915	0.4817	0.0035	
nsga50k8x	I4	479996	103	3	0.6660	0.4796	0.0045	
nsga50k8x	I4	482034	116	0	0.6275	0.4816	0.0033	
nsga50k8x	I4	481750	107	6	0.6624	0.4889	0.0031	
nsga50k8x	I4	482416	104	2	0.7016	0.4846	0.0037	
nsga50k8x	I4	482049	105	7	0.6736	0.4927	0.0043	
nsga50k8x	I4	480946	109	1	0.5662	0.4783	0.0043	
nsga50k8x	I4	481951	96	5	0.6562	0.4849	0.0049	
nsga50k8x	I4	480976	109	3	0.6454	0.4830	0.0036	
nsga50k8x	I4	482862	109	4	0.6446	0.4836	0.0032	
nsga50k8x	I4	481386	121	0	0.6287	0.4794	0.0038	
nsga50k8x	I4	481467	102	8	0.6746	0.4861	0.0035	
nsga50k8x	I4	481277	112	0	0.6337	0.4795	0.0041	
nsga50k8x	I4	481524	104	6	0.6983	0.4903	0.0044	
nsga50k8x	I4	481091	100	2	0.5722	0.4792	0.0038	
nsga50k8x	I4	481648	103	4	0.6078	0.4826	0.0053	
nsga50k8x	I4	481605	95	1	0.5513	0.4836	0.0033	
nsga50k8x	I4	480772	120	5	0.5720	0.4837	0.0033	
nsga50k8x	I4	579231	96	9	0.5781	0.4926	0.0028	
nsga50k8x	I4	560448	97	0	0.5318	0.4766	0.0039	
nsga50k8x	I4	502121	99	3	0.5528	0.4800	0.0035	
nsga50k8x	I4	490434	101	0	0.5309	0.4841	0.0032	
nsga50k8x	I4	482007	102	3	0.6700	0.4913	0.0034	
nsga50k8x	I4	481298	101	5	0.5620	0.4810	0.0037	
nsga50k8x	I4	482046	92	10	0.6476	0.4940	0.0036	
nsga50k8x	I4	481784	98	3	0.5694	0.4808	0.0039	
nsga50k8x	I4	481563	102	1	0.6603	0.4872	0.0032	
nsga50k8x	I4	481643	110	4	0.6694	0.4850	0.0045	
nsga50k8x	I4	482362	104	1	0.6143	0.4770	0.0044	
nsga50k8x	I4	482639	114	2	0.5890	0.4855	0.0032	
nsga50k8x	I4	482766	103	1	0.6254	0.4828	0.0041	
nsga50k8x	I4	483380	112	0	0.6276	0.4775	0.0039	
nsga50k8x	I4	483895	106	2	0.6563	0.4836	0.0037	
nsga50k8x	I4	481794	107	0	0.6299	0.4774	0.0043	
nsga50k8x	I4	482459	115	3	0.6446	0.4842	0.0034	
nsga50k8x	I4	482690	110	3	0.5861	0.4812	0.0039	
nsga50k8x	I4	483108	107	2	0.6514	0.4836	0.0047	
nsga50k8x	I4	482394	117	2	0.6063	0.4837	0.0035	
nsga50k8x	I4	482128	107	3	0.6430	0.4834	0.0037	
nsga50k8x	I4	482770	104	4	0.6625	0.4871	0.0034	
nsga50k8x	I4	481960	93	6	0.5198	0.4848	0.0035	
nsga50k8x	I4	481774	106	6	0.6339	0.4869	0.0035	
nsga50k8x	I4	482458	106	2	0.5626	0.4825	0.0032	
nsga50k8x	I4	482615	98	4	0.5696	0.4853	0.0035	
nsga50k8x	I5	208218	89	5	0.6049	0.4955	0.0041	
nsga50k8x	I5	209246	94	2	0.6613	0.4913	0.0042	
nsga50k8x	I5	208729	81	4	0.6287	0.5001	0.0040	
nsga50k8x	I5	208440	81	2	0.5827	0.4942	0.0044	
nsga50k8x	I5	208505	100	1	0.6084	0.4916	0.0043	
nsga50k8x	I5	207769	87	5	0.6670	0.4973	0.0039	
nsga50k8x	I5	208699	74	3	0.5637	0.4995	0.0039	
nsga50k8x	I5	208824	96	3	0.6997	0.4906	0.0041	
nsga50k8x	I5	208791	83	0	0.5785	0.4908	0.0040	
nsga50k8x	I5	208711	96	3	0.6394	0.4994	0.0037	
nsga50k8x	I5	209213	80	2	0.6080	0.4945	0.0047	
nsga50k8x	I5	208630	76	5	0.5468	0.5027	0.0036	
nsga50k8x	I5	208568	83	5	0.5073	0.4930	0.0044	
nsga50k8x	I5	208462	89	4	0.6385	0.4924	0.0043	
nsga50k8x	I5	208935	98	2	0.6181	0.4910	0.0041	
nsga50k8x	I5	208538	101	4	0.6717	0.4950	0.0055	
nsga50k8x	I5	208014	102	0	0.5976	0.4822	0.0048	
nsga50k8x	I5	208050	84	1	0.6013	0.4935	0.0037	
nsga50k8x	I5	208133	80	4	0.5767	0.5064	0.0030	
nsga50k8x	I5	209227	82	2	0.6180	0.4903	0.0044	
nsga50k8x	I5	208630	82	0	0.6413	0.4927	0.0047	
nsga50k8x	I5	208421	90	5	0.6071	0.4905	0.0049	
nsga50k8x	I5	208653	97	1	0.6070	0.4878	0.0042	
nsga50k8x	I5	208713	93	2	0.7236	0.4962	0.0045	
nsga50k8x	I5	208516	98	1	0.6242	0.4929	0.0041	
nsga50k8x	I5	208962	93	1	0.7116	0.4927	0.0041	
nsga50k8x	I5	208005	86	3	0.5977	0.5013	0.0040	
nsga50k8x	I5	208771	97	6	0.6642	0.5027	0.0037	
nsga50k8x	I5	208142	99	3	0.6505	0.5008	0.0031	
nsga50k8x	I5	208483	79	1	0.5772	0.4899	0.0046	
nsga50k8x	I5	208413	85	2	0.5443	0.4939	0.0039	
nsga50k8x	I5	208968	95	4	0.7146	0.4953	0.0041	
nsga50k8x	I5	209215	98	1	0.6245	0.4890	0.0042	
nsga50k8x	I5	208936	91	3	0.5912	0.4935	0.0041	
nsga50k8x	I5	208339	103	0	0.6169	0.4901	0.0037	
nsga50k8x	I5	208885	81	9	0.6150	0.5055	0.0035	
nsga50k8x	I5	208346	98	4	0.6085	0.4884	0.0043	
nsga50k8x	I5	208076	82	1	0.7114	0.4895	0.0062	
nsga50k8x	I5	208573	91	4	0.6639	0.5017	0.0036	
nsga50k8x	I5	208910	104	2	0.6098	0.4886	0.0038	
nsga50k8x	I5	208900	92	4	0.6531	0.4960	0.0041	
nsga50k8x	I5	208416	94	3	0.6773	0.4943	0.0039	
nsga50k8x	I5	208911	85	1	0.6110	0.4953	0.0038	
nsga50k8x	I5	208285	89	3	0.6799	0.4961	0.0043	
nsga50k8x	I5	208307	95	2	0.6029	0.4927	0.0039	
nsga50k8x	I5	207995	92	6	0.5700	0.4957	0.0035	
nsga50k8x	I5	208245	93	2	0.5989	0.4953	0.0037	
nsga50k8x	I5	208892	97	1	0.6547	0.4951	0.0039	
nsga50k8x	I5	208739	94	5	0.5676	0.5013	0.0034	
nsga50k8x	I5	208075	86	1	0.5388	0.4929	0.0040	

	
nsga50k16x	I0	225192	56	0	0.6526	0.5025	0.0086	
nsga50k16x	I0	201382	59	0	0.5995	0.5076	0.0075	
nsga50k16x	I0	201907	56	1	0.6058	0.5175	0.0073	
nsga50k16x	I0	201485	59	1	0.5580	0.5147	0.0074	
nsga50k16x	I0	198782	49	1	0.6562	0.5156	0.0081	
nsga50k16x	I0	192675	55	3	0.7945	0.5272	0.0084	
nsga50k16x	I0	192574	61	2	0.6257	0.5195	0.0070	
nsga50k16x	I0	192970	65	0	0.7754	0.5003	0.0111	
nsga50k16x	I0	193251	52	1	0.6089	0.5179	0.0094	
nsga50k16x	I0	192430	52	5	0.7561	0.5259	0.0094	
nsga50k16x	I0	192311	46	2	0.5893	0.5245	0.0098	
nsga50k16x	I0	193131	69	0	0.6505	0.5131	0.0072	
nsga50k16x	I0	192814	59	1	0.7322	0.4995	0.0089	
nsga50k16x	I0	193118	64	0	0.6083	0.4938	0.0083	
nsga50k16x	I0	193407	58	2	0.6417	0.5196	0.0076	
nsga50k16x	I0	192831	62	2	0.7402	0.5356	0.0067	
nsga50k16x	I0	192850	60	1	0.7394	0.5097	0.0079	
nsga50k16x	I0	192315	62	2	0.7031	0.5087	0.0095	
nsga50k16x	I0	193089	52	3	0.6458	0.5309	0.0075	
nsga50k16x	I0	192404	60	2	0.7407	0.5340	0.0074	
nsga50k16x	I0	193041	52	0	0.5744	0.5086	0.0093	
nsga50k16x	I0	192776	56	3	0.7797	0.5077	0.0109	
nsga50k16x	I0	192717	59	2	0.6603	0.5234	0.0082	
nsga50k16x	I0	193209	60	2	0.5511	0.5178	0.0087	
nsga50k16x	I0	192923	41	2	0.6901	0.5379	0.0085	
nsga50k16x	I0	192668	70	2	0.6471	0.5271	0.0068	
nsga50k16x	I0	192736	57	0	0.7543	0.5190	0.0079	
nsga50k16x	I0	192998	54	1	0.6408	0.5216	0.0079	
nsga50k16x	I0	192776	63	2	0.6595	0.5257	0.0073	
nsga50k16x	I0	192705	53	0	0.6269	0.5040	0.0079	
nsga50k16x	I0	193282	62	0	0.5978	0.5128	0.0077	
nsga50k16x	I0	192590	64	0	0.6904	0.5042	0.0083	
nsga50k16x	I0	193258	62	0	0.6385	0.5054	0.0084	
nsga50k16x	I0	193345	56	1	0.7213	0.5173	0.0082	
nsga50k16x	I0	193100	61	2	0.6410	0.5151	0.0083	
nsga50k16x	I0	193237	57	0	0.6520	0.5079	0.0096	
nsga50k16x	I0	193133	62	0	0.6861	0.5009	0.0081	
nsga50k16x	I0	192370	66	4	0.6840	0.5281	0.0067	
nsga50k16x	I0	193149	58	5	0.7081	0.5272	0.0088	
nsga50k16x	I0	193182	49	4	0.8876	0.5176	0.0207	
nsga50k16x	I0	193192	60	2	0.7024	0.5341	0.0077	
nsga50k16x	I0	193081	62	3	0.7326	0.5157	0.0071	
nsga50k16x	I0	193130	57	1	0.7200	0.5121	0.0086	
nsga50k16x	I0	192658	47	6	0.6928	0.5408	0.0070	
nsga50k16x	I0	193091	52	4	0.5801	0.5333	0.0068	
nsga50k16x	I0	192956	64	1	0.6754	0.5101	0.0082	
nsga50k16x	I0	192964	60	0	0.6080	0.5058	0.0077	
nsga50k16x	I0	192736	50	4	0.6443	0.5461	0.0057	
nsga50k16x	I0	192797	49	4	0.6735	0.5338	0.0068	
nsga50k16x	I0	193464	54	2	0.7031	0.5336	0.0073	
nsga50k16x	I1	1136886	77	2	0.6361	0.4889	0.0053	
nsga50k16x	I1	1134679	77	1	0.5758	0.4799	0.0058	
nsga50k16x	I1	1134460	73	2	0.6194	0.4932	0.0051	
nsga50k16x	I1	1136496	68	6	0.6179	0.5024	0.0053	
nsga50k16x	I1	1138356	65	3	0.6403	0.4953	0.0053	
nsga50k16x	I1	1137748	74	1	0.6105	0.4779	0.0059	
nsga50k16x	I1	1137890	80	2	0.7341	0.4883	0.0068	
nsga50k16x	I1	1137679	73	3	0.7034	0.4920	0.0064	
nsga50k16x	I1	1136754	76	1	0.6289	0.4797	0.0059	
nsga50k16x	I1	1136358	77	3	0.6328	0.4916	0.0052	
nsga50k16x	I1	1140021	66	1	0.6481	0.4802	0.0060	
nsga50k16x	I1	1135451	68	3	0.6066	0.4861	0.0061	
nsga50k16x	I1	1138173	68	5	0.6296	0.4974	0.0051	
nsga50k16x	I1	1135701	63	3	0.5998	0.4850	0.0062	
nsga50k16x	I1	1138055	87	0	0.6011	0.4726	0.0058	
nsga50k16x	I1	1137167	73	3	0.6315	0.4823	0.0066	
nsga50k16x	I1	1136261	73	3	0.6587	0.4873	0.0055	
nsga50k16x	I1	1138024	90	0	0.5687	0.4740	0.0060	
nsga50k16x	I1	1139034	80	2	0.6662	0.4877	0.0060	
nsga50k16x	I1	1138710	80	2	0.6982	0.4852	0.0065	
nsga50k16x	I1	1138963	69	0	0.5877	0.4828	0.0060	
nsga50k16x	I1	1138047	78	2	0.6384	0.4819	0.0058	
nsga50k16x	I1	1137477	77	5	0.6642	0.4973	0.0048	
nsga50k16x	I1	1137887	78	1	0.5677	0.4900	0.0052	
nsga50k16x	I1	1136239	71	4	0.6881	0.4828	0.0066	
nsga50k16x	I1	1136485	74	1	0.5910	0.4802	0.0055	
nsga50k16x	I1	1138258	70	3	0.6654	0.4871	0.0059	
nsga50k16x	I1	1140315	80	1	0.6986	0.4860	0.0055	
nsga50k16x	I1	1139072	73	2	0.6597	0.4854	0.0066	
nsga50k16x	I1	1137022	93	0	0.5983	0.4784	0.0053	
nsga50k16x	I1	1138806	69	4	0.5856	0.4921	0.0049	
nsga50k16x	I1	1137842	74	2	0.6382	0.4847	0.0058	
nsga50k16x	I1	1138647	75	3	0.5843	0.4886	0.0052	
nsga50k16x	I1	1359943	81	2	0.6050	0.4934	0.0052	
nsga50k16x	I1	1158249	69	2	0.5776	0.4903	0.0053	
nsga50k16x	I1	1145333	88	2	0.5997	0.4921	0.0056	
nsga50k16x	I1	1146313	73	2	0.6806	0.4944	0.0055	
nsga50k16x	I1	1146554	68	4	0.5824	0.4897	0.0060	
nsga50k16x	I1	1144888	75	2	0.6562	0.4883	0.0056	
nsga50k16x	I1	1148269	74	4	0.6505	0.4902	0.0056	
nsga50k16x	I1	1146429	86	1	0.6630	0.4883	0.0051	
nsga50k16x	I1	1145662	74	3	0.6188	0.4978	0.0050	
nsga50k16x	I1	1145492	77	4	0.6689	0.4914	0.0052	
nsga50k16x	I1	1145479	70	2	0.6219	0.4913	0.0061	
nsga50k16x	I1	1146349	66	3	0.6202	0.4859	0.0061	
nsga50k16x	I1	1146664	73	1	0.5967	0.4795	0.0060	
nsga50k16x	I1	1144250	72	1	0.6558	0.4935	0.0051	
nsga50k16x	I1	1144319	72	3	0.5701	0.4937	0.0058	
nsga50k16x	I1	1146654	69	1	0.5808	0.4784	0.0060	
nsga50k16x	I1	1150103	73	2	0.6839	0.4909	0.0057	
nsga50k16x	I2	1384102	32	2	0.6317	0.5040	0.0121	
nsga50k16x	I2	1318617	37	2	0.6311	0.5067	0.0107	
nsga50k16x	I2	1319919	35	1	0.7359	0.4980	0.0132	
nsga50k16x	I2	1319907	45	0	0.7152	0.4853	0.0138	
nsga50k16x	I2	1320559	44	2	0.6116	0.4978	0.0119	
nsga50k16x	I2	1321574	45	1	0.6899	0.4945	0.0128	
nsga50k16x	I2	1322053	43	1	0.7230	0.4817	0.0133	
nsga50k16x	I2	1313460	43	4	0.6295	0.5071	0.0118	
nsga50k16x	I2	1308398	31	1	0.4509	0.5065	0.0118	
nsga50k16x	I2	1309389	38	0	0.5874	0.4809	0.0118	
nsga50k16x	I2	1309718	41	0	0.6878	0.4977	0.0118	
nsga50k16x	I2	1311306	41	0	0.6810	0.5018	0.0115	
nsga50k16x	I2	1309065	52	0	0.6710	0.4731	0.0135	
nsga50k16x	I2	1309353	38	2	0.6134	0.4981	0.0109	
nsga50k16x	I2	1311412	44	1	0.6551	0.4918	0.0118	
nsga50k16x	I2	1308679	53	0	0.5855	0.4812	0.0103	
nsga50k16x	I2	1311145	47	2	0.7063	0.5073	0.0119	
nsga50k16x	I2	1309323	40	5	0.7426	0.5085	0.0126	
nsga50k16x	I2	1310684	47	1	0.7232	0.4922	0.0124	
nsga50k16x	I2	1310690	40	3	0.5928	0.5224	0.0140	
nsga50k16x	I2	1310917	40	2	0.5858	0.5050	0.0124	
nsga50k16x	I2	1309596	41	2	0.7013	0.4996	0.0121	
nsga50k16x	I2	1310263	34	3	0.6931	0.5275	0.0132	
nsga50k16x	I2	1310409	43	0	0.6304	0.4909	0.0110	
nsga50k16x	I2	1310251	40	2	0.6450	0.5076	0.0113	
nsga50k16x	I2	1312780	38	1	0.6071	0.4841	0.0143	
nsga50k16x	I2	1310386	47	0	0.6836	0.4925	0.0101	
nsga50k16x	I2	1311904	52	0	0.6872	0.4806	0.0132	
nsga50k16x	I2	1310981	46	1	0.5878	0.4920	0.0107	
nsga50k16x	I2	1310884	44	2	0.5641	0.5088	0.0104	
nsga50k16x	I2	1312290	46	1	0.6076	0.4967	0.0127	
nsga50k16x	I2	1311094	43	1	0.7693	0.5012	0.0133	
nsga50k16x	I2	1310567	43	0	0.6872	0.4939	0.0140	
nsga50k16x	I2	1311363	41	1	0.7036	0.5156	0.0104	
nsga50k16x	I2	1310609	46	0	0.7384	0.4650	0.0162	
nsga50k16x	I2	1310947	48	4	0.7265	0.5130	0.0117	
nsga50k16x	I2	1548236	43	1	0.6067	0.4977	0.0106	
nsga50k16x	I2	1320259	41	1	0.6559	0.4995	0.0123	
nsga50k16x	I2	1320150	38	2	0.7061	0.5190	0.0124	
nsga50k16x	I2	1321110	35	1	0.6615	0.4985	0.0115	
nsga50k16x	I2	1320387	38	1	0.6733	0.5012	0.0109	
nsga50k16x	I2	1321551	41	0	0.6655	0.4797	0.0126	
nsga50k16x	I2	1319809	42	1	0.6914	0.4959	0.0127	
nsga50k16x	I2	1320662	41	3	0.8058	0.5054	0.0164	
nsga50k16x	I2	1320206	41	4	0.6424	0.5166	0.0103	
nsga50k16x	I2	1322060	39	2	0.7359	0.4900	0.0130	
nsga50k16x	I2	1321177	39	0	0.6166	0.4870	0.0133	
nsga50k16x	I2	1321607	51	0	0.6335	0.4747	0.0128	
nsga50k16x	I2	1321480	36	3	0.6062	0.5094	0.0096	
nsga50k16x	I2	1320375	41	1	0.6833	0.5123	0.0114	
nsga50k16x	I3	1263004	50	1	0.6611	0.4912	0.0162	
nsga50k16x	I3	1324179	52	1	0.8393	0.5281	0.0145	
nsga50k16x	I3	1275125	59	0	0.6662	0.5125	0.0113	
nsga50k16x	I3	1273880	43	0	0.6779	0.5110	0.0144	
nsga50k16x	I3	1280097	45	2	0.6982	0.5135	0.0157	
nsga50k16x	I3	1277418	52	2	0.7579	0.5226	0.0145	
nsga50k16x	I3	1279663	45	3	0.6927	0.5233	0.0155	
nsga50k16x	I3	1280557	39	4	0.8258	0.5276	0.0151	
nsga50k16x	I3	1274884	54	3	0.7986	0.5321	0.0144	
nsga50k16x	I3	1276248	51	0	0.7119	0.4805	0.0141	
nsga50k16x	I3	1277072	52	1	0.6977	0.4973	0.0137	
nsga50k16x	I3	1277893	53	2	0.6933	0.5211	0.0112	
nsga50k16x	I3	1275122	33	1	0.7466	0.5073	0.0162	
nsga50k16x	I3	1277246	43	1	0.6712	0.5094	0.0156	
nsga50k16x	I3	1281779	60	1	0.9524	0.4844	0.0221	
nsga50k16x	I3	1277293	41	4	0.7969	0.5250	0.0140	
nsga50k16x	I3	1280341	54	1	0.7119	0.4913	0.0153	
nsga50k16x	I3	1278102	46	1	0.6670	0.5087	0.0144	
nsga50k16x	I3	1275725	49	0	0.6350	0.5074	0.0137	
nsga50k16x	I3	1276946	52	0	0.7808	0.5078	0.0168	
nsga50k16x	I3	1285012	47	0	0.6373	0.5088	0.0127	
nsga50k16x	I3	1279781	50	3	0.7571	0.5394	0.0150	
nsga50k16x	I3	1283433	48	7	0.7748	0.5765	0.0117	
nsga50k16x	I3	1282990	56	1	0.6201	0.5058	0.0139	
nsga50k16x	I3	1286688	43	2	0.7732	0.5044	0.0153	
nsga50k16x	I3	1284551	47	1	0.7372	0.5173	0.0146	
nsga50k16x	I3	1288720	44	1	0.5963	0.5213	0.0124	
nsga50k16x	I3	1283045	52	1	0.8564	0.5147	0.0174	
nsga50k16x	I3	1139773	49	3	0.6339	0.5388	0.0137	
nsga50k16x	I3	1120420	51	1	0.6381	0.4971	0.0140	
nsga50k16x	I3	1122817	50	0	0.7250	0.4767	0.0153	
nsga50k16x	I3	1119904	55	1	0.5864	0.4999	0.0144	
nsga50k16x	I3	1121369	51	1	0.7537	0.5053	0.0137	
nsga50k16x	I3	1121703	40	0	0.7106	0.4968	0.0163	
nsga50k16x	I3	1120185	46	3	0.5955	0.5014	0.0139	
nsga50k16x	I3	1121768	40	3	0.6808	0.5304	0.0147	
nsga50k16x	I3	1119993	58	4	0.8832	0.5252	0.0209	
nsga50k16x	I3	1120596	47	0	0.6798	0.4938	0.0158	
nsga50k16x	I3	1120747	50	1	0.7739	0.5221	0.0136	
nsga50k16x	I3	1121787	55	1	0.6949	0.5207	0.0156	
nsga50k16x	I3	1118148	54	0	0.7866	0.4919	0.0157	
nsga50k16x	I3	1124415	43	2	0.7082	0.5188	0.0145	
nsga50k16x	I3	1124665	46	3	0.7241	0.5390	0.0137	
nsga50k16x	I3	1122155	49	0	0.6561	0.4804	0.0142	
nsga50k16x	I3	1124773	58	1	0.7589	0.5000	0.0130	
nsga50k16x	I3	1124502	46	1	0.9894	0.4993	0.0455	
nsga50k16x	I3	1120553	46	3	0.7112	0.5201	0.0140	
nsga50k16x	I3	1121762	52	1	0.7316	0.4816	0.0143	
nsga50k16x	I3	1122926	35	3	0.6518	0.5417	0.0143	
nsga50k16x	I3	1125405	46	3	0.6555	0.5334	0.0149	
nsga50k16x	I4	486011	85	6	0.6243	0.4974	0.0037	
nsga50k16x	I4	532513	88	1	0.5866	0.4928	0.0041	
nsga50k16x	I4	485752	92	3	0.5894	0.5063	0.0032	
nsga50k16x	I4	486891	103	3	0.7104	0.5045	0.0036	
nsga50k16x	I4	486702	97	1	0.6047	0.4976	0.0037	
nsga50k16x	I4	487625	112	4	0.6085	0.5015	0.0033	
nsga50k16x	I4	487386	105	5	0.6590	0.5022	0.0038	
nsga50k16x	I4	485109	98	1	0.5862	0.4999	0.0037	
nsga50k16x	I4	487204	103	1	0.6003	0.5048	0.0032	
nsga50k16x	I4	487913	90	0	0.6372	0.4969	0.0040	
nsga50k16x	I4	486466	108	3	0.6518	0.5037	0.0036	
nsga50k16x	I4	487399	106	0	0.6561	0.4993	0.0035	
nsga50k16x	I4	487714	114	1	0.5862	0.4994	0.0033	
nsga50k16x	I4	488178	92	3	0.5682	0.5043	0.0036	
nsga50k16x	I4	486400	97	2	0.6137	0.5020	0.0036	
nsga50k16x	I4	487173	83	6	0.6700	0.5073	0.0036	
nsga50k16x	I4	487152	98	5	0.5978	0.5058	0.0035	
nsga50k16x	I4	488047	91	5	0.6506	0.5041	0.0036	
nsga50k16x	I4	486421	103	3	0.6361	0.5001	0.0040	
nsga50k16x	I4	486972	89	2	0.6262	0.4972	0.0045	
nsga50k16x	I4	486540	89	2	0.5918	0.5016	0.0038	
nsga50k16x	I4	487543	97	2	0.6618	0.4908	0.0041	
nsga50k16x	I4	486830	92	5	0.5951	0.5080	0.0033	
nsga50k16x	I4	486960	88	3	0.6465	0.5062	0.0039	
nsga50k16x	I4	487198	91	1	0.6424	0.4980	0.0040	
nsga50k16x	I4	487600	98	10	0.5404	0.5117	0.0034	
nsga50k16x	I4	485783	93	2	0.5833	0.5004	0.0036	
nsga50k16x	I4	486429	88	10	0.6772	0.5131	0.0029	
nsga50k16x	I4	486023	91	2	0.5749	0.5019	0.0035	
nsga50k16x	I4	487545	105	1	0.5866	0.4961	0.0037	
nsga50k16x	I4	488462	94	3	0.6035	0.5056	0.0037	
nsga50k16x	I4	486395	92	4	0.6212	0.5021	0.0037	
nsga50k16x	I4	488779	84	4	0.6233	0.5054	0.0035	
nsga50k16x	I4	487740	104	0	0.5974	0.4984	0.0036	
nsga50k16x	I4	487867	91	2	0.5983	0.5010	0.0043	
nsga50k16x	I4	486727	88	6	0.6073	0.5085	0.0032	
nsga50k16x	I4	488450	100	3	0.6892	0.5046	0.0041	
nsga50k16x	I4	486775	89	8	0.5615	0.5105	0.0035	
nsga50k16x	I4	486812	100	2	0.6393	0.5023	0.0037	
nsga50k16x	I4	486829	95	1	0.6779	0.5012	0.0040	
nsga50k16x	I4	486443	103	1	0.6280	0.4984	0.0036	
nsga50k16x	I4	488149	103	2	0.6791	0.4993	0.0036	
nsga50k16x	I4	487641	89	4	0.5604	0.5056	0.0035	
nsga50k16x	I4	487421	92	0	0.6384	0.4990	0.0036	
nsga50k16x	I4	486920	95	4	0.6490	0.5044	0.0032	
nsga50k16x	I4	487649	95	1	0.5746	0.4937	0.0040	
nsga50k16x	I4	487076	95	3	0.6039	0.5074	0.0036	
nsga50k16x	I4	488033	93	2	0.5713	0.5004	0.0037	
nsga50k16x	I4	487030	94	2	0.5823	0.5029	0.0036	
nsga50k16x	I4	486608	89	5	0.6001	0.5084	0.0033	
nsga50k16x	I5	214158	90	2	0.5856	0.5070	0.0047	
nsga50k16x	I5	213508	77	4	0.6232	0.5162	0.0050	
nsga50k16x	I5	213842	94	2	0.6605	0.5090	0.0050	
nsga50k16x	I5	214870	83	2	0.6690	0.5141	0.0047	
nsga50k16x	I5	213729	85	1	0.6382	0.5127	0.0042	
nsga50k16x	I5	214365	95	4	0.6566	0.5119	0.0054	
nsga50k16x	I5	213932	82	1	0.5541	0.5060	0.0054	
nsga50k16x	I5	214744	69	2	0.5958	0.5114	0.0051	
nsga50k16x	I5	213580	79	1	0.5591	0.5058	0.0048	
nsga50k16x	I5	214241	92	1	0.5932	0.5113	0.0042	
nsga50k16x	I5	213726	85	4	0.6513	0.5129	0.0046	
nsga50k16x	I5	214843	87	3	0.6935	0.5172	0.0045	
nsga50k16x	I5	213983	78	3	0.7159	0.5148	0.0051	
nsga50k16x	I5	214584	91	0	0.6507	0.4993	0.0060	
nsga50k16x	I5	214593	82	3	0.5694	0.5199	0.0040	
nsga50k16x	I5	214464	85	0	0.5798	0.5120	0.0041	
nsga50k16x	I5	214109	80	6	0.6715	0.5258	0.0041	
nsga50k16x	I5	213832	84	1	0.5993	0.5027	0.0054	
nsga50k16x	I5	214500	78	8	0.5507	0.5197	0.0043	
nsga50k16x	I5	213689	93	1	0.6208	0.5041	0.0046	
nsga50k16x	I5	215056	75	1	0.5581	0.5121	0.0054	
nsga50k16x	I5	213939	79	5	0.6928	0.5136	0.0047	
nsga50k16x	I5	214661	89	8	0.5553	0.5223	0.0037	
nsga50k16x	I5	213976	83	1	0.6404	0.5100	0.0045	
nsga50k16x	I5	214181	96	0	0.6338	0.4988	0.0049	
nsga50k16x	I5	214389	86	2	0.6136	0.5021	0.0050	
nsga50k16x	I5	213550	78	2	0.6073	0.5134	0.0047	
nsga50k16x	I5	213977	85	1	0.6980	0.5152	0.0048	
nsga50k16x	I5	214538	85	1	0.5490	0.5123	0.0046	
nsga50k16x	I5	214451	88	9	0.5701	0.5180	0.0037	
nsga50k16x	I5	213817	82	3	0.5917	0.5139	0.0040	
nsga50k16x	I5	215011	82	0	0.5893	0.5146	0.0043	
nsga50k16x	I5	213255	93	2	0.5720	0.5145	0.0042	
nsga50k16x	I5	214765	65	6	0.7095	0.5257	0.0053	
nsga50k16x	I5	213792	84	1	0.5788	0.5140	0.0045	
nsga50k16x	I5	214405	70	4	0.6094	0.5184	0.0042	
nsga50k16x	I5	214154	91	0	0.5939	0.5060	0.0046	
nsga50k16x	I5	214508	79	1	0.5891	0.5091	0.0056	
nsga50k16x	I5	213774	91	2	0.5413	0.5039	0.0052	
nsga50k16x	I5	214391	81	3	0.6074	0.5163	0.0044	
nsga50k16x	I5	214185	78	1	0.5455	0.5131	0.0048	
nsga50k16x	I5	213717	85	3	0.5708	0.5164	0.0044	
nsga50k16x	I5	214758	83	7	0.6690	0.5295	0.0037	
nsga50k16x	I5	214151	80	2	0.5633	0.5051	0.0053	
nsga50k16x	I5	214257	93	1	0.5931	0.5145	0.0043	
nsga50k16x	I5	213728	86	0	0.6008	0.5064	0.0045	
nsga50k16x	I5	214210	80	2	0.6394	0.5140	0.0043	
nsga50k16x	I5	213826	89	1	0.6493	0.5067	0.0045	
nsga50k16x	I5	214879	92	3	0.6562	0.5164	0.0044	
nsga50k16x	I5	213511	87	0	0.5568	0.5059	0.0050	

