inst	noh	mks	cst
I0	26.1805	137.6	81320.1382
I0	26.4471	137.4	81377.2885
I0	6.1062	155.8	78335.7814
I0	7.6605	153.7	78240.8236
I0	9.2265	152.2	78449.1647
I0	13.3021	148.6	79106.6108
I0	14.38	147.4	79074.9179
I0	28.6615	136.2	82070.2619
I0	16.6584	145.3	79392.0597
I0	11.9467	149.3	78595.851
I0	37.2065	132.1	85102.8044
I0	32.7607	133.6	83272.6597
I0	35.5872	132.5	84376.9238
I0	27.1622	137	81618.3073
I0	30.4816	135	82591.7282
I0	27.5186	136.4	81546.9373
I0	26.7415	137.2	81482.0027
I0	15.463	146.7	79380.1096
I0	21.663	141	80307.2265
I0	25.7185	137.7	81138.375
I0	20.0878	142.6	80149.9705
I0	24.5725	138.9	80965.0895
I0	25.4605	138	81061.5298
I0	24.4024	139.2	81064.2113
I0	9.3764	151.9	78326.1358
I0	10.8544	150.7	78624.4907
I0	14.0918	147.9	79206.0391
I0	8.1171	153.5	78413.4887
I0	17.4756	144.1	79376.2698
I0	17.419	144.8	79602.4356
I0	10.4669	151.1	78609.3083
I0	29.8664	135.3	82398.905
I0	19.2544	142.9	79822.6336
I0	3.8663	157.5	77871.6436
I0	6.1943	155.2	78109.942
I0	5.4118	156	78046.1724
I0	9.9672	151.4	78462.9862
I0	20.9618	141.9	80313.0957
I0	2.6029	159.8	78246.5545
I0	33.7237	133.4	83732.7795
I0	13.8359	148.1	79100.7559
I0	9.1959	152.7	78657.9665
I0	30.7863	134.7	82611.2193
I0	31.6164	134.3	82900.7611
I0	15.5814	146.5	79373.8173
I0	18.9762	143.5	79890.4883
I0	15.9407	146.1	79394.0825
I0	5.1117	156.3	78022.0566
I0	7.6166	154.2	78426.8151
I0	16.4867	145.9	79588.7008
I0	16.1804	146	79446.9117
I0	4.66	156.5	77833.2295
I0	5.7388	155.9	78154.7363
I0	7.3673	154.3	78359.5776
I0	15.1832	146.8	79275.6045
I0	10.5343	151	78579.5493
I0	14.9596	147	79317.3244
I0	34.7245	133	84117.3171
I0	11.8592	150.1	78964.8229
I0	38.3263	131.5	85486.6752
I0	19.4076	142.8	79841.5108
I0	38.5592	131.3	85513.8988
I0	0.7242	160.8	77632.0894
I0	2.884	159.2	78125.929
I0	22.8558	139.6	80323.5968
I0	1.8242	160.4	78050.0331
I0	31.7438	134.2	82938.5742
I0	19.7771	142.7	80019.7359
I0	30.4597	134.9	82601.1363
I0	39.2918	130.7	85695.3152
I0	36.6363	132.2	84824.6291
I0	21.2432	141.5	80339.2952
I0	30.3804	135.2	82621.2135
I0	3.1626	159	78149.64
I0	28.7535	135.5	81823.4068
I0	16.6123	145.5	79538.7071
I0	42.4585	130.5	87437.4875
I0	13.9358	148	79081.6297
I0	22.5966	140.7	80679.893
I0	6.7505	154.4	78046.736
I0	12.1547	149.1	78593.8294
I0	21.4265	141.2	80283.7801
I0	21.061	141.8	80347.6401
I0	20.4284	142.2	80159.8359
I0	6.1174	155.3	78093.7722
I0	6.4533	154.7	78042.3395
I0	24.4149	139	80967.5447
I0	11.2195	150.3	78706.5969
I0	22.1795	140.8	80538.1804
I0	18.2246	143.7	79590.8403
I0	13.3384	148.5	79027.0507
I0	23.4761	139.3	80562.4799
I0	20.1017	142.5	80153.6908
I0	20.6635	142.1	80221.921
I0	4.6267	157.4	78238.1929
I0	2.1793	160.2	78192.3603
I0	8.6383	153.2	78547.2404
I0	20.2911	142.4	80159.9518
I0	16.9697	145	79489.4242
I0	38.0797	131.7	85456.0203
I0	3.4301	158.3	77967.0824
I0	31.8595	134.1	82916.943
I0	32.3504	133.8	83058.1122
I0	31.4626	134.5	82885.512
I0	8.8105	152.8	78472.8383
I0	11.1134	150.5	78672.6365
I0	44.0603	130.2	88250.4188
I0	28.5368	136.3	82117.4363
I0	34.5046	133.3	84147.2075
I0	31.0021	134.6	82702.7989
I0	12.3464	148.7	78547.1677
I0	24.7203	138.5	80867.7917
I0	13.754	148.4	79207.7542
I0	15.0486	147.1	79316.2116
I0	22.6533	139.8	80315.388
I1	28.8133	433.7	224843.0669
I1	51.5681	412.5	227973.825
I1	71.2477	399.9	233443.2935
I1	36.3095	428.1	226461.3963
I1	61.4825	407.3	231325.5762
I1	54.5475	410.7	228873.3082
I1	60.3785	408.2	231051.2207
I1	25.2532	437.6	224638.706
I1	58.0055	409	230082.0964
I1	14.8253	448.9	224044.9045
I1	11.0707	450.9	222847.975
I1	18.1088	445.2	224174.7987
I1	13.3681	449.9	223691.2349
I1	62.2234	406.1	231096.079
I1	23.9675	438.4	224313.2281
I1	33.6709	429.3	225560.6851
I1	31.051	430.7	224770.2525
I1	66.7935	403.3	232486.9446
I1	83.3945	392.8	236986.9178
I1	41.8171	421.8	226870.0366
I1	48.8524	416.8	228404.8331
I1	75.1892	396.4	233924.3898
I1	73.0262	398.4	233679.6952
I1	88.4364	389.5	238326.3897
I1	49.6938	416.4	228868.6802
I1	102.4527	383.7	243893.6549
I1	74.6245	396.7	233720.5733
I1	60.4572	407.6	230811.8978
I1	110.2042	381.7	247505.1102
I1	86.3468	390.6	237696.9269
I1	15.5222	446.5	223349.6898
I1	17.7101	445.3	224055.003
I1	125.5542	376.5	254136.5642
I1	79.851	394.3	235690.5684
I1	58.2663	408.8	230115.0817
I1	123.5581	378.2	253784.92
I1	95.264	386.6	240939.631
I1	62.9615	404.9	230967.2042
I1	48.2793	417	228137.3043
I1	36.4761	427.2	226232.6811
I1	115.0843	380.2	249610.945
I1	83.5728	392.5	236932.1431
I1	103.6835	382.1	243793.5595
I1	103.1245	382.7	243698.777
I1	27.8182	436.2	225483.6279
I1	14.1421	449.8	224120.5438
I1	14.6452	449.6	224288.2814
I1	81.3111	394	236344.116
I1	70.0794	400.9	233214.6996
I1	83.6719	392.4	236951.2974
I1	44.6149	419.5	227315.7203
I1	40.6364	423.1	226718.7256
I1	76.7233	396.2	234713.657
I1	40.6591	422.7	226600.2407
I1	18.1272	443.4	223292.6815
I1	43.4997	421.2	227508.6022
I1	40.5015	423.3	226734.3657
I1	83.7321	391.2	236470.2011
I1	91.3906	387.7	239174.434
I1	77.5907	395.1	234791.0392
I1	119.3282	378.6	251505.2366
I1	45.3998	418.4	227257.2575
I1	123.7721	377.8	253743.2168
I1	113.6414	380.7	248996.9986
I1	123.4421	378.2	253807.6345
I1	63.3032	404.7	231155.3763
I1	81.9017	393.4	236417.2032
I1	40.4839	424.3	227178.8825
I1	82.0247	392.9	236183.7981
I1	51.5492	414.3	228933.6704
I1	66.8441	402.6	232078.9184
I1	32.7248	430.1	225424.498
I1	50.1202	415.1	228362.2318
I1	49.6135	416.6	228876.8176
I1	102.8499	383.2	243859.0115
I1	59.484	408.3	230543.3707
I1	47.7373	417.3	228129.5373
I1	30.0899	433.3	225390.8798
I1	27.5834	437.2	225805.3885
I1	118.6465	378.7	251099.3821
I1	61.1112	407.5	231177.2067
I1	30.7767	432.7	225526.3857
I1	64.4795	404.5	231614.0329
I1	110.4167	381.6	247545.7555
I1	44.2642	420.5	227592.3913
I1	60.4289	408	230992.2742
I1	103.4304	382.4	243789.6808
I1	93.3395	386.9	240010.4417
I1	102.1998	383.9	243753.5112
I1	97.1068	384.5	241139.2995
I1	16.8538	445.8	223754.3725
I1	96.2039	385.9	241210.0497
I1	51.4245	414.7	228963.9127
I1	44.9594	419.3	227469.9694
I1	121.9371	378.5	253010.4797
I1	105.3888	382	244733.8222
I1	96.0295	386.5	241439.306
I1	74.0753	398.3	234251.0903
I1	27.8833	434.7	224774.315
I1	47.6585	417.6	228218.8449
I1	32.847	430	225503.7946
I1	50.0277	416.3	228958.0805
I1	34.6909	429	225951.8365
I1	131.0198	375.2	256824.9213
I1	36.5908	426.1	225844.6976
I1	123.5921	378	253703.9592
I1	27.563	437.4	225915.7541
I1	116.398	380	250405.9406
I1	43.8617	420.8	227500.8825
I1	118.398	379.5	251331.1731
I1	35.1554	428.2	226020.1946
I1	39.2257	424.7	226695.7999
I1	81.8852	393.6	236536.0056
I1	86.044	390.8	237631.7266
I1	100.8514	384.1	243115.9951
I1	61.3192	407.4	231264.6764
I1	116.7477	379.8	250521.1438
I1	110.8767	380.9	247514.8451
I1	67.5356	401.4	231952.6159
I1	90.0923	388.8	239023.8858
I1	20.7936	442.5	224434.6119
I1	78.4898	394.7	235088.6951
I1	22.0799	439.5	223719.1753
I1	40.1322	424.5	227148.6621
I1	72.4045	399.3	233785.8932
I1	72.6784	399.2	233899.7749
I1	61.777	406.9	231256.8386
I1	39.0283	425.3	226964.6913
I1	88.1123	390.2	238509.9126
I1	13.2204	450.1	223737.1028
I1	32.057	430.2	225184.3833
I1	65.0748	404.2	231850.7657
I1	65.7804	403.4	231904.9569
I1	38.3589	425.9	226676.1533
I1	70.3907	400.7	233249.373
I1	56.3861	409.1	229105.7004
I2	32.7931	374.2	198690.8557
I2	47.7874	363.5	202192.0164
I2	64.3936	350.9	205791.5807
I2	38.919	370.3	200366.3871
I2	66.3791	350.3	206654.1501
I2	50.0785	360.6	202091.1445
I2	41.9015	368.1	200940.6993
I2	14.6021	394.3	197766.9946
I2	68.37	346.2	205947.745
I2	43.0923	367.2	201210.0616
I2	76.4836	345.2	210206.7593
I2	46.0689	364.1	201558.1212
I2	40.9652	368.9	200790.0046
I2	78.4349	344.1	210756.7683
I2	52.4429	359.9	203236.7329
I2	31.3785	377.5	199343.0068
I2	54.1679	357.4	202896.516
I2	18.3633	388.5	197158.735
I2	81.8925	341	211265.077
I2	31.8244	377	199406.9787
I2	20.5792	385.4	196948.0851
I2	38.3621	371	200369.7669
I2	50.6104	360.5	202385.488
I2	100.7016	338.3	221041.8597
I2	28.2949	379.2	198408.1534
I2	27.2179	380.6	198444.8814
I2	29.2538	378.3	198533.2308
I2	99.2718	338.9	220507.8302
I2	43.3392	365.6	200566.1118
I2	60.1578	354.3	204998.9259
I2	45.0474	365.4	201441.7014
I2	52.3506	360.4	203375.4634
I2	67.7796	349.1	206885.8
I2	33.7493	373.2	198770.4063
I2	30.16	377.9	198865.6215
I2	62.1434	353.1	205538.1924
I2	48.7867	362.1	202061.0977
I2	66.7805	349.9	206720.0232
I2	72.8315	346	208364.4515
I2	38.6232	370.8	200354.2717
I2	38.2007	371.4	200480.8564
I2	13.8226	398.1	199126.1645
I2	25.6856	381.2	197835.8596
I2	16.8161	391	197433.6669
I2	24.1893	382.9	197831.3631
I2	57.7004	354.9	203805.6236
I2	57.1529	355.2	203637.1945
I2	42.8952	367.7	201313.1619
I2	53.0144	359	203060.7455
I2	46.1833	364.1	201522.5125
I2	26.4397	380.8	198082.5904
I2	59.9365	354.8	205103.312
I2	40.8514	369.6	201088.3909
I2	47.9625	363.3	202221.0615
I2	40.3299	369.7	200777.414
I2	35.8838	371.8	199230.9559
I2	92.519	339.6	216831.226
I2	55.7812	356.3	203374.3405
I2	88.9892	340.7	215318.4646
I2	62.1613	352.8	205460.3178
I2	32.1802	374.8	198584.4879
I2	52.5596	359.3	202930.9159
I2	39.1795	370.1	200351.0647
I2	31.297	377.8	199456.7911
I2	21.5352	385.1	197365.7245
I2	102.8073	337.6	221993.4749
I2	24.3396	381.7	197338.1159
I2	12.6491	398.4	198541.7054
I2	77.7181	344.8	210694.7441
I2	18.1304	389.9	197668.3605
I2	28.1482	379.8	198628.389
I2	23.5039	383	197504.8985
I2	48.0127	362.6	201817.1416
I2	31.7772	377.4	199593.7062
I2	26.2859	381.1	198169.0819
I2	77.4256	345	210632.7879
I2	37.6425	371.5	200155.9056
I2	42.0361	367.8	200985.7288
I2	57.1286	355.3	203646.3251
I2	16.2505	391.3	197233.1539
I2	27.5641	380.1	198383.822
I2	39.8994	369.8	200708.9688
I2	18.6633	387.2	196687.9799
I2	34.9073	372.7	199197.0348
I2	28.9005	378.7	198575.4119
I2	14.5425	396.4	198699.8732
I2	79.9851	341.8	210639.0044
I2	76.2253	345.6	210115.8383
I2	63.2248	351.9	205628.0529
I2	15.1518	391.9	196919.8702
I2	95.8231	339.2	218657.4301
I3	75.7269	510.7	289335.3472
I3	72.0147	514.3	288396.6862
I3	72.3638	512.9	288192.0439
I3	103.5126	484.6	293139.7319
I3	165.0907	449.4	312420.7383
I3	151.6214	452.1	305753.8547
I3	138.8258	457.4	300886.9496
I3	64.0117	521.2	287341.0808
I3	60.1925	524.9	286747.8339
I3	9.1229	580.3	283869.3559
I3	129.3806	461.8	297209.1764
I3	34.8935	550.7	284628.6411
I3	77.5852	505	287237.8585
I3	12.5593	572.7	282168.1448
I3	71.1135	514.8	288342.042
I3	52.5017	530.7	285214.1055
I3	75.7582	509.9	288664.8466
I3	14.223	571.9	282747.4267
I3	60.1421	525.8	287455.6473
I3	26.1054	559.4	283632.5503
I3	17.4382	567.2	282387.1602
I3	90.4441	494.9	290356.3111
I3	28.9045	555.2	283212.3413
I3	34.6742	551.1	284646.0977
I3	32.3889	551.7	283547.609
I3	121.5447	468.1	295668.7237
I3	155.9027	451.7	307951.5238
I3	14.4948	571.8	282864.1877
I3	49.8744	536.2	286259.7617
I3	87.4858	498.4	290210.5958
I3	74.1373	512.8	288996.0721
I3	126.7136	465.2	297461.5579
I3	92.7538	493.9	290950.9955
I3	135.3784	459.3	299489.2749
I3	61.2648	522.3	286078.0405
I3	75.4265	511.6	289075.3255
I3	48.0654	537.1	285699.2594
I3	38.7655	542.4	282721.5292
I3	56.1267	529.4	286592.2356
I3	137.4727	458.5	300412.4627
I3	85.4709	499.6	289172.9783
I3	36.466	546.2	283221.7076
I3	28.2852	556.4	283416.0776
I3	27.7119	556.9	283354.0316
I3	123.3084	466.1	295786.02
I3	82.5235	504	290016.3564
I3	75.0237	512.2	289382.093
I3	5.8916	582.2	282887.1786
I3	22.2598	560.4	281823.0722
I3	12.333	574.3	282879.0403
I3	19.1538	565.1	282347.0432
I3	51.6024	534.6	286636.2882
I3	66.4772	517.3	286695.9444
I3	105.9644	481.9	292918.1598
I3	71.781	514.4	288416.3369
I3	116.2764	471.8	294110.4427
I3	109.1744	479.3	293472.5832
I3	20.2741	563.6	282345.5004
I3	124.1541	465.8	296105.5558
I3	132.264	460.5	298281.766
I3	29.2618	552.6	282295.617
I3	20.504	561.2	281272.8427
I3	16.3532	567.9	282047.8195
I3	46.5496	537.3	284796.9193
I3	84.8819	500	289393.1364
I3	81.6618	504.4	289578.9515
I3	101.4421	485.5	292118.0236
I3	112.1792	479.1	295211.7105
I3	119.4942	468.3	294493.4312
I3	88.553	496.4	289617.512
I3	94.7651	491.6	291229.9032
I3	85.7489	499.3	289523.5942
I3	113.1732	475.6	294200.6226
I3	58.0479	526.8	286551.0599
I3	14.5819	569.6	281861.9777
I3	7.6643	580.4	283013.3739
I3	11.1519	576.9	283359.1605
I3	86.4802	498.9	289687.7214
I3	96.6842	491.2	291987.988
I3	25.1218	559.9	283308.3711
I3	85.0529	499.5	289406.8096
I3	112.446	475.7	294007.7262
I3	146.6981	456.4	304842.513
I3	149.2582	452.4	304395.7066
I3	156.5673	450.4	307924.1867
I3	146.7801	454	303842.6026
I3	70.4006	516.4	288556.8927
I3	68.4753	517.2	288253.3145
I3	108.9477	480.2	293940.0336
I3	97.3655	488.7	291029.2456
I3	57.3607	528.5	286772.8522
I3	55.6484	529.5	286243.2897
I3	52.0452	532.8	285868.0284
I3	66.1343	519.5	287906.4087
I3	121.1878	468.2	295413.3293
I3	107.6138	480.3	293240.0156
I3	31.8703	552.4	283562.748
I3	76.177	509.5	288538.2356
I3	86.9733	498.5	289854.8311
I3	105.0743	482.2	292612.3186
I3	143.4943	456.6	303049.2836
I3	36.2845	550	285053.7253
I3	94.1063	492.3	291187.7428
I3	82.6113	500.6	288174.7583
I3	10.1704	579.1	283856.1313
I3	43.5877	540.4	284537.3055
I3	82.5624	500.7	288368.5285
I3	51.1639	535.6	286674.8312
I3	45.0579	538.6	284664.5569
I3	96.8914	490.7	291776.4423
I3	19.463	564.9	282427.4617
I4	72.3514	223.7	149674.6495
I4	12.6091	263.6	133819.7384
I4	13.4937	262.8	133951.8775
I4	30.1463	247.2	136202.0682
I4	31.9412	246.2	136776.9467
I4	41.9498	238.7	139008.1887
I4	76.7828	222.2	151627.9081
I4	26.5577	250.2	135573.1055
I4	77.5379	220.9	151469.0602
I4	27.9397	248.9	135766.4375
I4	50.526	232.6	141103.4952
I4	19.5349	256.3	134429.2997
I4	76.7142	222.6	151789.7863
I4	76.0341	222.9	151531.6292
I4	47.4021	234.8	140313.4254
I4	8.6399	267.5	133402.7831
I4	24.3087	252.3	135258.8408
I4	26.3742	250.8	135759.5816
I4	26.0227	251.1	135717.4399
I4	17.2145	258.5	134100.5157
I4	34.1927	244.2	137114.4943
I4	40.7938	239	138495.0499
I4	9.1223	266.7	133293.2265
I4	24.4891	251.3	134948.2234
I4	3.956	272.8	133237.1502
I4	73.9385	223.3	150443.7799
I4	70.418	224.1	148787.5338
I4	73.6077	223.5	150314.6903
I4	11.4837	264.8	133743.202
I4	61.5576	227.3	144979.1501
I4	7.8258	268	133208.3555
I4	42.0238	238.4	138880.8728
I4	23.5435	253.2	135305.7673
I4	14.109	262.5	134156.0799
I4	12.6351	263.2	133671.7412
I4	21.1277	254.9	134699.7066
I4	26.0564	251.1	135715.3162
I4	15.2987	260.4	133937.4907
I4	10.3784	266	133696.5849
I4	11.0725	265.4	133833.8416
I4	18.8619	257.5	134593.332
I4	23.3539	253.4	135239.8221
I4	23.552	253.1	135157.9261
I4	67.6319	224.8	147379.9091
I4	49.229	233.5	140746.5659
I4	8.0043	267.9	133236.6563
I4	31.5121	246.3	136584.1279
I4	32.8926	245.1	136833.19
I4	34.2081	243.9	137012.3268
I4	44.2589	236.6	139323.1466
I4	39.8294	240.1	138398.3508
I4	39.5827	240.2	138329.5182
I4	4.0621	272.5	133183.3383
I4	5.0471	271.3	133156.7926
I4	38.2328	241.2	138063.8893
I4	37.03	242.1	137799.0329
I4	32.9664	244.9	136753.6756
I4	34.7154	243.4	137019.3696
I4	35.3736	242.9	137198.3982
I4	37.6651	241.6	137862.3765
I4	33.7756	244.6	137096.5707
I4	7.1676	269	133293.058
I4	27.4637	249.5	135783.0389
I4	20.9326	255.4	134760.0484
I4	14.4971	262	134159.6794
I4	6.1151	269.3	132840.4589
I4	14.5078	261.8	134035.4736
I4	48.6937	233.7	140529.9561
I4	14.9509	261.3	134075.2651
I4	20.7017	255.7	134717.3517
I4	12.3032	264.2	133947.4191
I4	37.7669	241.4	137854.219
I4	42.2772	238	138862.0264
I4	41.5067	238.9	138848.3598
I4	13.8697	262.6	134075.6776
I4	11.1713	265	133645.8888
I4	9.8283	266.3	133543.5207
I4	22.9998	253.5	135061.872
I4	27.8393	249.1	135833.2128
I4	11.5415	264.7	133753.5858
I4	30.026	247.5	136287.4751
I4	29.8187	247.9	136350.5686
I4	7.3747	268.8	133324.0272
I4	18.7275	257.8	134550.2435
I4	43.2425	237.5	139169.1179
I4	45.3284	236.1	139721.3417
I4	44.8113	236.2	139453.7595
I4	38.7634	241	138275.261
I4	38.605	241.1	138213.8637
I4	43.6734	237.2	139270.6211
I4	47.1862	235.1	140301.0796
I4	55.2797	230	142569.3745
I4	50.8052	232.3	141060.9272
I4	51.679	230.9	140912.7245
I4	47.1297	235.2	140321.5215
I4	16.1339	259.8	134026.1428
I4	47.5249	234.2	140063.5287
I4	41.8027	238.8	138982.8813
I4	40.0599	239.9	138511.6556
I4	50.0934	232.8	140939.1042
I4	59.5409	228.2	144199.5418
I4	62.8229	227	145605.5901
I4	56.7233	228.9	142913.2232
I4	63.8653	226.1	145763.6556
I4	66.5478	225.5	147053.8402
I4	58.0908	228.6	143563.6603
I4	55.5953	229.5	142545.0858
I4	59.2849	228.3	144157.4584
I4	57.241	228.8	143172.0258
I4	63.1456	226.9	145753.1002
I4	56.487	229.1	142895.856
I4	63.4453	226.6	145762.3988
I4	62.506	227.2	145457.5277
I4	28.1304	248.6	135741.6695
I4	28.6698	248.1	135791.4056
I4	18.9275	257.4	134575.2799
I4	9.6686	266.4	133498.6671
I4	27.1242	249.7	135723.8507
I4	30.7296	246.8	136320.6509
I4	35.9373	242.7	137430.827
I4	42.9665	237.8	139107.3111
I4	36.2548	242.5	137508.7261
I4	34.6092	243.8	137186.1891
I4	19.9699	255.9	134466.4963
I4	65.2154	225.7	146402.463
I4	42.8722	237.9	139202.4004
I4	43.9079	237	139332.6729
I4	43.3321	237.4	139214.984
I4	12.6238	263.5	133846.355
I4	17.0377	258.9	134200.3591
I4	16.9189	259.2	134297.3527
I4	18.0681	258.2	134444.3841
I4	7.7231	268.4	133300.6495
I4	60.7381	227.5	144651.2853
I4	69.5951	224.5	148422.4847
I4	23.8647	252.4	135094.2391
I4	21.7377	254.4	134775.2456
I4	45.3781	235.4	139480.0054
I4	66.6029	225.3	147036.8965
I4	62.4665	227.2	145503.5543
I4	58.3086	228.5	143630.1756
I4	54.2914	230.3	142169.5389
I4	26.4001	250.7	135750.8976
I4	66.9226	225.2	147177.5565
I4	58.0773	228.6	143621.7074
I4	50.8774	231.8	140884.1089
I4	62.6307	227.1	145550.4815
I4	22.2646	253.8	134758.0459
I4	16.8356	259.3	134228.0394
I4	11.441	264.9	133763.8616
I4	31.4034	246.6	136684.1694
I4	59.868	228.1	144330.8886
I4	31.9859	245.2	136327.3567
I4	37.0721	241.9	137691.5668
I4	4.6631	271.4	132990.1492
I4	40.2883	239.6	138480.3807
I4	7.0439	269.1	133244.7744
I4	38.9319	240.4	138021.8566
I4	12.0554	264.5	133954.6932
I4	26.4174	250.4	135619.0598
I4	12.4705	263.7	133819.1533
I4	36.6943	242.4	137723.1076
I4	5.5141	270.8	133190.8158
I4	53.3491	230.6	141721.8108
I4	51.4052	231.3	140945.4247
I4	10.4826	265.6	133592.5329
I4	5.9213	270.5	133309.2018
I4	48.1111	234.1	140365.8498
I4	19.3291	256.7	134440.1906
I4	30.4062	247	136274.632
I4	3.799	274.3	133895.7472
I4	30.6007	246.9	136353.9236
I4	34.0704	244.5	137200.1675
I4	11.1338	265.1	133702.031
I4	15.5092	260.2	133897.0944
I4	35.3681	243.1	137268.8777
I4	43.0432	237.6	139086.5895
I5	25.1915	139.8	81824.045
I5	43.1652	131.9	88606.235
I5	15.4279	147.8	79967.7679
I5	23.1249	141.6	81430.7983
I5	13.6176	149.5	79669.4749
I5	8.1822	154.7	78984.3069
I5	12.9232	150	79538.1013
I5	11.5553	151.5	79420.0614
I5	33.5058	135.1	84377.0213
I5	9.8299	153.2	79282.7276
I5	16.2203	146.9	79974.1502
I5	12.169	150.9	79545.1847
I5	18.3773	145.4	80543.3104
I5	17.0908	146.5	80292.9887
I5	27.1166	138.6	82311.3564
I5	31.3473	136.4	83711.8383
I5	24.9106	140.1	81771.1444
I5	30.2521	136.9	83300.4507
I5	26.3764	139.4	82281.7112
I5	7.4512	155.2	78823.9785
I5	10.787	152	79209.3113
I5	21.388	142.9	81056.2689
I5	13.8929	149.3	79753.4821
I5	6.3422	156.4	78764.4991
I5	13.5237	149.6	79658.2669
I5	7.0933	155.6	78837.8975
I5	21.0313	143.1	80983.5404
I5	6.5801	156.1	78764.0571
I5	4.6999	158.3	78697.1125
I5	15.5593	147.5	79864.0523
I5	47.0763	130.7	90355.9348
I5	45.6373	130.8	89537.8526
I5	45.2506	131	89393.5683
I5	33.0028	135.5	84289.634
I5	44.3022	131.4	89019.2646
I5	43.3827	131.7	88648.6305
I5	44.0963	131.5	88945.0851
I5	2.4934	160.4	78449.81
I5	26.6819	139	82262.6161
I5	22.8882	141.8	81409.2591
I5	19.7156	144.3	80756.0633
I5	11.6813	151	79272.0405
I5	5.2306	157.8	78789.513
I5	14.6498	148.4	79757.8373
I5	19.277	144.5	80599.5387
I5	19.721	144	80615.2725
I5	10.0426	152.8	79171.108
I5	3.5855	158.7	78288.5424
I5	2.7247	160	78396.8877
I5	35.9083	134.2	85347.156
I5	6.8948	155.7	78766.4694
I5	3.4862	159.3	78502.6919
I5	4.9085	157.9	78661.5946
I5	9.0079	153.6	78976.2012
I5	5.4084	157	78494.6513
I5	6.0834	156.5	78688.274
I5	14.9996	148.1	79801.8742
I5	8.0809	154.9	79062.239
I5	5.3801	157.4	78679.43
I5	10.6347	152.3	79276.7619
I5	11.0211	151.9	79365.7316
I5	12.8614	150.3	79587.0336
I5	35.7104	134.3	85261.8694
I5	14.0062	149.2	79792.8347
I5	13.4534	149.6	79666.0367
I5	15.8987	147.4	80053.6408
I5	13.2314	149.9	79646.4007
I5	30.9367	136.6	83562.2708
I5	37.0409	133.6	85715.1076
I5	4.6352	158.5	78787.416
I5	19.6314	144.4	80749.2378
I5	9.6907	153.4	79242.5382
I5	14.1867	149.1	79827.3933
I5	6.8087	155.8	78744.3311
I5	33.0933	135.4	84261.8505
I5	7.9764	155.1	79077.7517
I5	10.2822	152.4	79116.3831
I5	13.7769	149.4	79726.0476
I5	12.3761	150.8	79543.7074
I5	14.2064	149.1	79781.8396
I5	14.8989	148.3	79891.476
I5	29.0038	137.3	82821.2172
I5	24.8016	140.6	81949.2468
I5	18.2057	145.5	80472.9849
I5	17.8275	146	80449.5276
I5	23.1244	141.7	81518.8194
I5	23.6968	141.4	81668.3381
I5	30.6756	136.7	83478.7692
I5	16.7805	146.6	80201.9638
I5	8.644	153.9	78874.2141
I5	24.0429	140.8	81576.7707
I5	17.9133	145.6	80295.7363
I5	24.6009	140.7	81882.0924
I5	13.3821	149.7	79620.817
I5	2.3381	160.8	78563.2459
I5	40.8087	132.1	87278.4774
I5	12.4441	150.7	79581.9492
I5	4.3046	158.6	78610.9785
I5	31.4956	136.2	83726.5852
I5	10.2013	152.6	79220.5685
I5	26.6758	139.2	82373.8413
I5	33.8515	134.9	84487.3193
I5	28.6013	137.7	82747.9622
I5	26.3294	139.4	82308.851
I5	8.4517	154.4	79003.9187
I5	41.899	132	87861.3805
I5	31.7502	136.1	83810.2365
I5	11.365	151.6	79387.6885
I5	22.3202	142.3	81304.9966
I5	21.8822	142.6	81206.7288
I5	40.4296	132.4	87168.1344
I5	17.6623	146.2	80431.0428
I5	39.7512	132.7	86922.9137
I5	3.3048	159.4	78418.0211
I5	38.29	133.2	86250.6835
I5	5.2214	157.8	78802.6531
I5	17.6907	146.1	80423.9093
I5	16.188	147.2	80109.6647
I5	15.9069	147.4	80037.1061
I5	14.0017	149.2	79804.9169
I5	26.4021	139.3	82220.9347
I5	16.4226	146.8	80039.2315
I5	31.2847	136.5	83746.2409
I5	32.6148	135.7	84130.5437
I5	29.8574	137.2	83230.9042
I5	20.6085	143.3	80821.8352
I5	3.1648	159.7	78479.7044
I5	24.8201	140.6	81947.6176
I5	34.0116	134.8	84548.8502
I5	23.3326	141.5	81544.3032
I5	24.8668	140.4	81886.5557
I5	8.6231	154.2	79031.8956
I5	4.8009	158.2	78750.4468
I5	28.3854	138	82727.7898
I5	26.0119	139.7	82177.7303
I5	17.8338	145.9	80468.6635
I5	14.9775	148.2	79889.636
I5	23.8395	141.1	81616.6346
I5	17.1026	146.3	80208.3991
I5	18.5122	144.9	80377.087
I5	37.7643	133.3	86027.3909
I5	30.0368	137.1	83313.9966
I5	9.825	153.3	79273.0604
I5	14.2665	148.5	79644.5555
I5	28.0203	138.2	82684.9346
I5	26.2354	139.5	82224.9777
I5	1.4677	162.1	78668.3184
I5	12.9048	150.1	79559.0338
I5	23.9879	141	81671.2949
I5	37.6522	133.5	86048.0535
I5	35.9527	133.9	85243.2111
I5	40.6246	132.3	87244.7604
I5	35.0196	134.4	84936.3113
I5	38.9068	133	86565.6505
I5	12.5484	150.5	79566.3384
I5	22.4495	142	81253.6022
I5	15.1379	148	79853.5998
I5	20.0066	143.7	80649.9876
I5	32.198	135.8	83906.1014
