=============================================================
Instance #0
=============================================================

Cycle #0 (9819 ms; 2 best solutions)
0; 160.6; 77110.5935;  [1 1 1 1 1 1 1 1 1 1 1 1 1 1 1 1 1 1 1 1 1 1 1 1 1 1 1 1 1 1 1 1 1 1 1 1 1 1 1 1]
2.7024; 160.3; 78540.8315;  [1 1 1 1 1 1 1 1 2 1 1 1 2 1 1 1 2 1 1 1 2 2 2 1 1 1 1 1 1 1 1 1 1 1 1 1 2 2 2 2]
5.2887; 161.5; 80583.3866;  [1 1 1 1 1 1 1 1 3 1 1 1 3 1 1 1 3 1 1 1 3 3 3 1 1 1 1 1 1 1 1 1 1 1 1 1 3 3 3 3]
7.7409; 162.2; 82351.2751;  [1 1 1 1 1 1 1 1 4 1 1 1 4 1 1 1 4 1 1 1 4 4 4 1 1 1 1 1 1 1 1 1 1 1 1 1 4 4 4 4]
10.3405; 165.5; 85442.0554;  [1 1 1 1 1 1 1 1 5 1 1 1 5 1 1 1 5 1 1 1 5 5 5 1 1 1 1 1 1 1 1 1 1 1 1 1 5 5 5 5]
13.0577; 169.7; 89051.8555;  [1 1 1 1 1 1 1 1 6 1 1 1 6 1 1 1 6 1 1 1 6 6 6 1 1 1 1 1 1 1 1 1 1 1 1 1 6 6 6 6]
16.0492; 175.3; 93532.8899;  [1 1 1 1 1 1 1 1 7 1 1 1 7 1 1 1 7 1 1 1 7 7 7 1 1 1 1 1 1 1 1 1 1 1 1 1 7 7 7 7]
19.4342; 182.5; 99007.3886;  [1 1 1 1 1 1 1 1 8 1 1 1 8 1 1 1 8 1 1 1 8 8 8 1 1 1 1 1 1 1 1 1 1 1 1 1 8 8 8 8]
21.2852; 180.6; 99241.0764;  [1 1 1 1 1 1 1 1 9 1 1 1 9 1 1 1 9 1 1 1 9 9 9 1 1 1 1 1 1 1 1 1 1 1 1 1 9 9 9 9]

Final Pareto Frontier:
0; 160.6; 77110.5935;  [1 1 1 1 1 1 1 1 1 1 1 1 1 1 1 1 1 1 1 1 1 1 1 1 1 1 1 1 1 1 1 1 1 1 1 1 1 1 1 1]
2.7024; 160.3; 78540.8315;  [1 1 1 1 1 1 1 1 2 1 1 1 2 1 1 1 2 1 1 1 2 2 2 1 1 1 1 1 1 1 1 1 1 1 1 1 2 2 2 2]

=============================================================
Instance #1
=============================================================

Cycle #0 (299 ms; 5 best solutions)
0; 457.3; 219526.3122;  [1 1 1 1 1 1 1 1 1 1 1 1 1 1 1 1 1 1 1 1 1 1 1 1 1 1 1 1 1 1 1 1 1 1 1 1 1 1 1 1 1 1 1 1 1 1 1 1 1 1 1 1 1 1 1 1 1 1 1 1 1 1 1 1 1 1 1 1 1 1 1 1 1 1 1 1 1 1 1 1 1 1 1 1]
20.4541; 443.8; 224811.6218;  [2 2 2 2 1 2 2 1 1 2 2 1 1 2 2 1 1 2 2 1 1 2 2 1 1 2 2 1 1 2 2 1 1 2 2 1 1 2 2 1 1 2 2 1 1 2 2 1 1 2 2 1 1 2 2 1 1 2 2 1 1 2 2 1 1 2 2 1 1 2 2 1 1 2 2 1 1 2 2 1 1 2 2 1]
39.2113; 435.6; 231683.3332;  [3 3 3 3 1 3 3 1 1 3 3 1 1 3 3 1 1 3 3 1 1 3 3 1 1 3 3 1 1 3 3 1 1 3 3 1 1 3 3 1 1 3 3 1 1 3 3 1 1 3 3 1 1 3 3 1 1 3 3 1 1 3 3 1 1 3 3 1 1 3 3 1 1 3 3 1 1 3 3 1 1 3 3 1]
56.4203; 427.3; 237643.0235;  [4 4 4 4 1 4 4 1 1 4 4 1 1 4 4 1 1 4 4 1 1 4 4 1 1 4 4 1 1 4 4 1 1 4 4 1 1 4 4 1 1 4 4 1 1 4 4 1 1 4 4 1 1 4 4 1 1 4 4 1 1 4 4 1 1 4 4 1 1 4 4 1 1 4 4 1 1 4 4 1 1 4 4 1]
73.1108; 427.2; 247187.9025;  [5 5 5 5 1 5 5 1 1 5 5 1 1 5 5 1 1 5 5 1 1 5 5 1 1 5 5 1 1 5 5 1 1 5 5 1 1 5 5 1 1 5 5 1 1 5 5 1 1 5 5 1 1 5 5 1 1 5 5 1 1 5 5 1 1 5 5 1 1 5 5 1 1 5 5 1 1 5 5 1 1 5 5 1]
89.3058; 430; 258284.012;  [6 6 6 6 1 6 6 1 1 6 6 1 1 6 6 1 1 6 6 1 1 6 6 1 1 6 6 1 1 6 6 1 1 6 6 1 1 6 6 1 1 6 6 1 1 6 6 1 1 6 6 1 1 6 6 1 1 6 6 1 1 6 6 1 1 6 6 1 1 6 6 1 1 6 6 1 1 6 6 1 1 6 6 1]
105.5662; 437.3; 271602.6624;  [7 7 7 7 1 7 7 1 1 7 7 1 1 7 7 1 1 7 7 1 1 7 7 1 1 7 7 1 1 7 7 1 1 7 7 1 1 7 7 1 1 7 7 1 1 7 7 1 1 7 7 1 1 7 7 1 1 7 7 1 1 7 7 1 1 7 7 1 1 7 7 1 1 7 7 1 1 7 7 1 1 7 7 1]
122.3029; 449.4; 287423.1299;  [8 8 8 8 1 8 8 1 1 8 8 1 1 8 8 1 1 8 8 1 1 8 8 1 1 8 8 1 1 8 8 1 1 8 8 1 1 8 8 1 1 8 8 1 1 8 8 1 1 8 8 1 1 8 8 1 1 8 8 1 1 8 8 1 1 8 8 1 1 8 8 1 1 8 8 1 1 8 8 1 1 8 8 1]
133.9506; 437.7; 288889.528;  [9 9 9 9 1 9 9 1 1 9 9 1 1 9 9 1 1 9 9 1 1 9 9 1 1 9 9 1 1 9 9 1 1 9 9 1 1 9 9 1 1 9 9 1 1 9 9 1 1 9 9 1 1 9 9 1 1 9 9 1 1 9 9 1 1 9 9 1 1 9 9 1 1 9 9 1 1 9 9 1 1 9 9 1]

Final Pareto Frontier:
0; 457.3; 219526.3122;  [1 1 1 1 1 1 1 1 1 1 1 1 1 1 1 1 1 1 1 1 1 1 1 1 1 1 1 1 1 1 1 1 1 1 1 1 1 1 1 1 1 1 1 1 1 1 1 1 1 1 1 1 1 1 1 1 1 1 1 1 1 1 1 1 1 1 1 1 1 1 1 1 1 1 1 1 1 1 1 1 1 1 1 1]
20.4541; 443.8; 224811.6218;  [2 2 2 2 1 2 2 1 1 2 2 1 1 2 2 1 1 2 2 1 1 2 2 1 1 2 2 1 1 2 2 1 1 2 2 1 1 2 2 1 1 2 2 1 1 2 2 1 1 2 2 1 1 2 2 1 1 2 2 1 1 2 2 1 1 2 2 1 1 2 2 1 1 2 2 1 1 2 2 1 1 2 2 1]
39.2113; 435.6; 231683.3332;  [3 3 3 3 1 3 3 1 1 3 3 1 1 3 3 1 1 3 3 1 1 3 3 1 1 3 3 1 1 3 3 1 1 3 3 1 1 3 3 1 1 3 3 1 1 3 3 1 1 3 3 1 1 3 3 1 1 3 3 1 1 3 3 1 1 3 3 1 1 3 3 1 1 3 3 1 1 3 3 1 1 3 3 1]
56.4203; 427.3; 237643.0235;  [4 4 4 4 1 4 4 1 1 4 4 1 1 4 4 1 1 4 4 1 1 4 4 1 1 4 4 1 1 4 4 1 1 4 4 1 1 4 4 1 1 4 4 1 1 4 4 1 1 4 4 1 1 4 4 1 1 4 4 1 1 4 4 1 1 4 4 1 1 4 4 1 1 4 4 1 1 4 4 1 1 4 4 1]
73.1108; 427.2; 247187.9025;  [5 5 5 5 1 5 5 1 1 5 5 1 1 5 5 1 1 5 5 1 1 5 5 1 1 5 5 1 1 5 5 1 1 5 5 1 1 5 5 1 1 5 5 1 1 5 5 1 1 5 5 1 1 5 5 1 1 5 5 1 1 5 5 1 1 5 5 1 1 5 5 1 1 5 5 1 1 5 5 1 1 5 5 1]

=============================================================
Instance #2
=============================================================

Cycle #0 (349 ms; 1 best solutions)
0; 398.8; 191449.8635;  [1 1 1 1 1 1 1 1 1 1 1 1 1 1 1 1 1 1 1 1 1 1 1 1 1 1 1 1 1 1 1 1 1 1 1 1 1 1 1 1 1 1 1 1 1 1 1 1 1 1 1 1 1 1 1 1 1 1 1 1 1 1 1 1 1 1 1 1 1 1 1 1 1 1 1 1 1 1 1 1 1 1 1 1 1 1 1 1 1 1 1 1 1 1 1 1 1 1 1 1 1 1 1 1 1 1 1 1]
5.2777; 399.8; 194954.489;  [1 1 1 1 1 1 1 1 1 1 1 1 1 1 1 1 1 1 1 1 1 1 1 1 1 1 1 1 1 1 1 1 1 1 1 1 1 1 1 1 1 1 1 1 1 1 1 1 1 1 1 1 1 1 1 1 1 2 1 1 1 1 1 1 1 1 1 1 2 1 1 1 2 1 1 1 2 1 1 1 2 2 2 1 2 2 2 1 2 2 2 1 2 2 2 1 2 2 2 1 2 2 2 2 2 2 2 1]
10.1169; 404.6; 200045.2428;  [1 1 1 1 1 1 1 1 1 1 1 1 1 1 1 1 1 1 1 1 1 1 1 1 1 1 1 1 1 1 1 1 1 1 1 1 1 1 1 1 1 1 1 1 1 1 1 1 1 1 1 1 1 1 1 1 1 3 1 1 1 1 1 1 1 1 1 1 3 1 1 1 3 1 1 1 3 1 1 1 3 3 3 1 3 3 3 1 3 3 3 1 3 3 3 1 3 3 3 1 3 3 3 3 3 3 3 1]
14.5582; 408.4; 204453.188;  [1 1 1 1 1 1 1 1 1 1 1 1 1 1 1 1 1 1 1 1 1 1 1 1 1 1 1 1 1 1 1 1 1 1 1 1 1 1 1 1 1 1 1 1 1 1 1 1 1 1 1 1 1 1 1 1 1 4 1 1 1 1 1 1 1 1 1 1 4 1 1 1 4 1 1 1 4 1 1 1 4 4 4 1 4 4 4 1 4 4 4 1 4 4 4 1 4 4 4 1 4 4 4 4 4 4 4 1]
18.8728; 419.6; 212320.8829;  [1 1 1 1 1 1 1 1 1 1 1 1 1 1 1 1 1 1 1 1 1 1 1 1 1 1 1 1 1 1 1 1 1 1 1 1 1 1 1 1 1 1 1 1 1 1 1 1 1 1 1 1 1 1 1 1 1 5 1 1 1 1 1 1 1 1 1 1 5 1 1 1 5 1 1 1 5 1 1 1 5 5 5 1 5 5 5 1 5 5 5 1 5 5 5 1 5 5 5 1 5 5 5 5 5 5 5 1]
23.0737; 433.6; 221564.7994;  [1 1 1 1 1 1 1 1 1 1 1 1 1 1 1 1 1 1 1 1 1 1 1 1 1 1 1 1 1 1 1 1 1 1 1 1 1 1 1 1 1 1 1 1 1 1 1 1 1 1 1 1 1 1 1 1 1 6 1 1 1 1 1 1 1 1 1 1 6 1 1 1 6 1 1 1 6 1 1 1 6 6 6 1 6 6 6 1 6 6 6 1 6 6 6 1 6 6 6 1 6 6 6 6 6 6 6 1]
27.3187; 452.5; 233189.3339;  [1 1 1 1 1 1 1 1 1 1 1 1 1 1 1 1 1 1 1 1 1 1 1 1 1 1 1 1 1 1 1 1 1 1 1 1 1 1 1 1 1 1 1 1 1 1 1 1 1 1 1 1 1 1 1 1 1 7 1 1 1 1 1 1 1 1 1 1 7 1 1 1 7 1 1 1 7 1 1 1 7 7 7 1 7 7 7 1 7 7 7 1 7 7 7 1 7 7 7 1 7 7 7 7 7 7 7 1]
31.7323; 477; 247591.0468;  [1 1 1 1 1 1 1 1 1 1 1 1 1 1 1 1 1 1 1 1 1 1 1 1 1 1 1 1 1 1 1 1 1 1 1 1 1 1 1 1 1 1 1 1 1 1 1 1 1 1 1 1 1 1 1 1 1 8 1 1 1 1 1 1 1 1 1 1 8 1 1 1 8 1 1 1 8 1 1 1 8 8 8 1 8 8 8 1 8 8 8 1 8 8 8 1 8 8 8 1 8 8 8 8 8 8 8 1]
34.7544; 474; 247972.3945;  [1 1 1 1 1 1 1 1 1 1 1 1 1 1 1 1 1 1 1 1 1 1 1 1 1 1 1 1 1 1 1 1 1 1 1 1 1 1 1 1 1 1 1 1 1 1 1 1 1 1 1 1 1 1 1 1 1 9 1 1 1 1 1 1 1 1 1 1 9 1 1 1 9 1 1 1 9 1 1 1 9 9 9 1 9 9 9 1 9 9 9 1 9 9 9 1 9 9 9 1 9 9 9 9 9 9 9 1]

Final Pareto Frontier:
0; 398.8; 191449.8635;  [1 1 1 1 1 1 1 1 1 1 1 1 1 1 1 1 1 1 1 1 1 1 1 1 1 1 1 1 1 1 1 1 1 1 1 1 1 1 1 1 1 1 1 1 1 1 1 1 1 1 1 1 1 1 1 1 1 1 1 1 1 1 1 1 1 1 1 1 1 1 1 1 1 1 1 1 1 1 1 1 1 1 1 1 1 1 1 1 1 1 1 1 1 1 1 1 1 1 1 1 1 1 1 1 1 1 1 1]

=============================================================
Instance #3
=============================================================

Cycle #0 (355 ms; 1 best solutions)
0; 576.5; 276759.8001;  [1 1 1 1 1 1 1 1 1 1 1 1 1 1 1 1 1 1 1 1 1 1 1 1 1 1 1 1 1 1 1 1 1 1 1 1 1 1 1 1 1 1 1 1 1 1 1 1 1 1 1 1 1 1 1 1 1 1 1 1 1 1 1 1 1 1 1 1 1 1 1 1]
11.0779; 585.5; 287429.2299;  [1 1 1 1 1 1 1 1 1 1 1 1 1 1 1 1 1 1 1 1 2 1 1 1 2 1 1 1 1 1 1 1 2 1 1 1 1 1 1 1 2 1 1 1 2 1 1 1 1 1 1 1 2 1 1 1 2 1 1 1 2 2 2 1 2 2 2 1 2 2 2 2]
22.4332; 605; 303344.2968;  [1 1 1 1 1 1 1 1 1 1 1 1 1 1 1 1 1 1 1 1 3 1 1 1 3 1 1 1 1 1 1 1 3 1 1 1 1 1 1 1 3 1 1 1 3 1 1 1 1 1 1 1 3 1 1 1 3 1 1 1 3 3 3 1 3 3 3 1 3 3 3 3]
33.7301; 620.2; 317170.9437;  [1 1 1 1 1 1 1 1 1 1 1 1 1 1 1 1 1 1 1 1 4 1 1 1 4 1 1 1 1 1 1 1 4 1 1 1 1 1 1 1 4 1 1 1 4 1 1 1 1 1 1 1 4 1 1 1 4 1 1 1 4 4 4 1 4 4 4 1 4 4 4 4]
47.1393; 656.5; 342303.5687;  [1 1 1 1 1 1 1 1 1 1 1 1 1 1 1 1 1 1 1 1 5 1 1 1 5 1 1 1 1 1 1 1 5 1 1 1 1 1 1 1 5 1 1 1 5 1 1 1 1 1 1 1 5 1 1 1 5 1 1 1 5 5 5 1 5 5 5 1 5 5 5 5]
62.3122; 699.5; 371953.2329;  [1 1 1 1 1 1 1 1 1 1 1 1 1 1 1 1 1 1 1 1 6 1 1 1 6 1 1 1 1 1 1 1 6 1 1 1 1 1 1 1 6 1 1 1 6 1 1 1 1 1 1 1 6 1 1 1 6 1 1 1 6 6 6 1 6 6 6 1 6 6 6 6]
80.4708; 755.2; 409515.7546;  [1 1 1 1 1 1 1 1 1 1 1 1 1 1 1 1 1 1 1 1 7 1 1 1 7 1 1 1 1 1 1 1 7 1 1 1 1 1 1 1 7 1 1 1 7 1 1 1 1 1 1 1 7 1 1 1 7 1 1 1 7 7 7 1 7 7 7 1 7 7 7 7]
102.565; 825.3; 456283.6546;  [1 1 1 1 1 1 1 1 1 1 1 1 1 1 1 1 1 1 1 1 8 1 1 1 8 1 1 1 1 1 1 1 8 1 1 1 1 1 1 1 8 1 1 1 8 1 1 1 1 1 1 1 8 1 1 1 8 1 1 1 8 8 8 1 8 8 8 1 8 8 8 8]
112.3331; 815.5; 457515.208;  [1 1 1 1 1 1 1 1 1 1 1 1 1 1 1 1 1 1 1 1 9 1 1 1 9 1 1 1 1 1 1 1 9 1 1 1 1 1 1 1 9 1 1 1 9 1 1 1 1 1 1 1 9 1 1 1 9 1 1 1 9 9 9 1 9 9 9 1 9 9 9 9]

Final Pareto Frontier:
0; 576.5; 276759.8001;  [1 1 1 1 1 1 1 1 1 1 1 1 1 1 1 1 1 1 1 1 1 1 1 1 1 1 1 1 1 1 1 1 1 1 1 1 1 1 1 1 1 1 1 1 1 1 1 1 1 1 1 1 1 1 1 1 1 1 1 1 1 1 1 1 1 1 1 1 1 1 1 1]

=============================================================
Instance #4
=============================================================

Cycle #0 (111 ms; 4 best solutions)
0; 274.4; 131715.8069;  [1 1 1 1 1 1 1 1 1 1 1 1 1 1 1 1 1 1 1 1 1 1 1 1 1 1 1 1 1 1 1 1 1 1 1 1 1 1 1 1 1 1 1 1 1 1 1 1 1 1 1 1 1 1 1 1 1 1 1 1]
9.7938; 268.1; 134348.7119;  [2 2 2 2 1 2 2 1 1 2 2 1 1 2 2 1 1 2 2 1 1 2 2 1 1 2 2 1 1 2 2 1 1 2 2 1 1 2 2 1 1 2 2 1 1 2 2 1 1 2 2 1 1 2 2 1 1 2 2 1]
18.5226; 264.7; 137757.5038;  [3 3 3 3 1 3 3 1 1 3 3 1 1 3 3 1 1 3 3 1 1 3 3 1 1 3 3 1 1 3 3 1 1 3 3 1 1 3 3 1 1 3 3 1 1 3 3 1 1 3 3 1 1 3 3 1 1 3 3 1]
26.35; 261.4; 140682.4811;  [4 4 4 4 1 4 4 1 1 4 4 1 1 4 4 1 1 4 4 1 1 4 4 1 1 4 4 1 1 4 4 1 1 4 4 1 1 4 4 1 1 4 4 1 1 4 4 1 1 4 4 1 1 4 4 1 1 4 4 1]
33.4432; 262.6; 145342.3368;  [5 5 5 5 1 5 5 1 1 5 5 1 1 5 5 1 1 5 5 1 1 5 5 1 1 5 5 1 1 5 5 1 1 5 5 1 1 5 5 1 1 5 5 1 1 5 5 1 1 5 5 1 1 5 5 1 1 5 5 1]
39.9053; 265.6; 150679.6783;  [6 6 6 6 1 6 6 1 1 6 6 1 1 6 6 1 1 6 6 1 1 6 6 1 1 6 6 1 1 6 6 1 1 6 6 1 1 6 6 1 1 6 6 1 1 6 6 1 1 6 6 1 1 6 6 1 1 6 6 1]
45.8421; 271.3; 156998.4046;  [7 7 7 7 1 7 7 1 1 7 7 1 1 7 7 1 1 7 7 1 1 7 7 1 1 7 7 1 1 7 7 1 1 7 7 1 1 7 7 1 1 7 7 1 1 7 7 1 1 7 7 1 1 7 7 1 1 7 7 1]
51.3392; 279.7; 164388.2494;  [8 8 8 8 1 8 8 1 1 8 8 1 1 8 8 1 1 8 8 1 1 8 8 1 1 8 8 1 1 8 8 1 1 8 8 1 1 8 8 1 1 8 8 1 1 8 8 1 1 8 8 1 1 8 8 1 1 8 8 1]
56.2286; 274.8; 165004.5881;  [9 9 9 9 1 9 9 1 1 9 9 1 1 9 9 1 1 9 9 1 1 9 9 1 1 9 9 1 1 9 9 1 1 9 9 1 1 9 9 1 1 9 9 1 1 9 9 1 1 9 9 1 1 9 9 1 1 9 9 1]

Final Pareto Frontier:
0; 274.4; 131715.8069;  [1 1 1 1 1 1 1 1 1 1 1 1 1 1 1 1 1 1 1 1 1 1 1 1 1 1 1 1 1 1 1 1 1 1 1 1 1 1 1 1 1 1 1 1 1 1 1 1 1 1 1 1 1 1 1 1 1 1 1 1]
9.7938; 268.1; 134348.7119;  [2 2 2 2 1 2 2 1 1 2 2 1 1 2 2 1 1 2 2 1 1 2 2 1 1 2 2 1 1 2 2 1 1 2 2 1 1 2 2 1 1 2 2 1 1 2 2 1 1 2 2 1 1 2 2 1 1 2 2 1]
18.5226; 264.7; 137757.5038;  [3 3 3 3 1 3 3 1 1 3 3 1 1 3 3 1 1 3 3 1 1 3 3 1 1 3 3 1 1 3 3 1 1 3 3 1 1 3 3 1 1 3 3 1 1 3 3 1 1 3 3 1 1 3 3 1 1 3 3 1]
26.35; 261.4; 140682.4811;  [4 4 4 4 1 4 4 1 1 4 4 1 1 4 4 1 1 4 4 1 1 4 4 1 1 4 4 1 1 4 4 1 1 4 4 1 1 4 4 1 1 4 4 1 1 4 4 1 1 4 4 1 1 4 4 1 1 4 4 1]

=============================================================
Instance #5
=============================================================

Cycle #0 (46 ms; 4 best solutions)
0; 162; 77784.5324;  [1 1 1 1 1 1 1 1 1 1 1 1 1 1 1 1 1 1 1 1 1 1 1 1 1 1 1 1 1 1 1 1 1 1 1 1 1 1 1 1 1 1 1 1]
6.5028; 157.8; 79495.9505;  [2 2 2 2 1 2 2 1 1 2 2 1 1 2 2 1 1 2 2 1 1 2 2 1 1 2 2 1 1 2 2 1 1 2 2 1 1 2 2 1 1 2 2 1]
12.3904; 155.3; 81716.4597;  [3 3 3 3 1 3 3 1 1 3 3 1 1 3 3 1 1 3 3 1 1 3 3 1 1 3 3 1 1 3 3 1 1 3 3 1 1 3 3 1 1 3 3 1]
17.7376; 152.9; 83632.399;  [4 4 4 4 1 4 4 1 1 4 4 1 1 4 4 1 1 4 4 1 1 4 4 1 1 4 4 1 1 4 4 1 1 4 4 1 1 4 4 1 1 4 4 1]
22.7739; 153.2; 86694.0258;  [5 5 5 5 1 5 5 1 1 5 5 1 1 5 5 1 1 5 5 1 1 5 5 1 1 5 5 1 1 5 5 1 1 5 5 1 1 5 5 1 1 5 5 1]
27.5344; 154.6; 90228.9557;  [6 6 6 6 1 6 6 1 1 6 6 1 1 6 6 1 1 6 6 1 1 6 6 1 1 6 6 1 1 6 6 1 1 6 6 1 1 6 6 1 1 6 6 1]
32.1485; 157.6; 94445.6603;  [7 7 7 7 1 7 7 1 1 7 7 1 1 7 7 1 1 7 7 1 1 7 7 1 1 7 7 1 1 7 7 1 1 7 7 1 1 7 7 1 1 7 7 1]
36.7134; 162.2; 99419.7707;  [8 8 8 8 1 8 8 1 1 8 8 1 1 8 8 1 1 8 8 1 1 8 8 1 1 8 8 1 1 8 8 1 1 8 8 1 1 8 8 1 1 8 8 1]
40.2099; 158.7; 99860.3313;  [9 9 9 9 1 9 9 1 1 9 9 1 1 9 9 1 1 9 9 1 1 9 9 1 1 9 9 1 1 9 9 1 1 9 9 1 1 9 9 1 1 9 9 1]

Final Pareto Frontier:
0; 162; 77784.5324;  [1 1 1 1 1 1 1 1 1 1 1 1 1 1 1 1 1 1 1 1 1 1 1 1 1 1 1 1 1 1 1 1 1 1 1 1 1 1 1 1 1 1 1 1]
6.5028; 157.8; 79495.9505;  [2 2 2 2 1 2 2 1 1 2 2 1 1 2 2 1 1 2 2 1 1 2 2 1 1 2 2 1 1 2 2 1 1 2 2 1 1 2 2 1 1 2 2 1]
12.3904; 155.3; 81716.4597;  [3 3 3 3 1 3 3 1 1 3 3 1 1 3 3 1 1 3 3 1 1 3 3 1 1 3 3 1 1 3 3 1 1 3 3 1 1 3 3 1 1 3 3 1]
17.7376; 152.9; 83632.399;  [4 4 4 4 1 4 4 1 1 4 4 1 1 4 4 1 1 4 4 1 1 4 4 1 1 4 4 1 1 4 4 1 1 4 4 1 1 4 4 1 1 4 4 1]

