config	inst	time	count	best	spr	hv	gd	invgd	eps	gspr	
nsga150k2x	ACAD	650500	80	0.0097	0.3739	0.4592	0.0023	0.0009	320.2243	0.3503	
nsga150k2x	ACAD	627004	80	0.0219	0.4095	0.4578	0.0036	0.0010	365.9394	0.3371	
nsga150k2x	ACAD	617980	80	0.0389	0.4555	0.4607	0.0042	0.0011	494.4131	0.3752	
nsga150k2x	ACAD	619652	80	0.0243	0.4464	0.4597	0.0021	0.0014	401.5202	0.4765	
nsga150k2x	ACAD	617435	80	0.0170	0.5060	0.4581	0.0034	0.0010	371.7860	0.4514	
nsga150k2x	ACAD	619548	80	0.0243	0.5506	0.4623	0.0039	0.0009	308.4764	0.4648	
nsga150k2x	ACAD	618409	80	0.0122	0.4034	0.4562	0.0030	0.0011	455.0182	0.3801	
nsga150k2x	ACAD	619757	80	0.0243	0.4442	0.4626	0.0024	0.0009	169.2972	0.3602	
nsga150k2x	ACAD	617767	80	0.0097	0.5013	0.4561	0.0052	0.0014	479.2749	0.4849	
nsga150k2x	ACAD	617032	80	0.0146	0.4076	0.4575	0.0032	0.0009	243.6847	0.3179	
nsga150k2x	ACAD	620988	80	0.0243	0.4296	0.4616	0.0023	0.0017	446.6930	0.4844	
nsga150k2x	ACAD	616400	80	0.0122	0.4266	0.4546	0.0036	0.0012	457.1890	0.4089	
nsga150k2x	ACAD	618142	80	0.0170	0.4335	0.4578	0.0033	0.0010	267.9440	0.3230	
nsga150k2x	ACAD	617840	80	0.0049	0.5249	0.4539	0.0067	0.0012	556.8324	0.4036	
nsga150k2x	ACAD	618230	80	0.0414	0.3988	0.4615	0.0027	0.0009	324.1295	0.3822	
nsga150k2x	ACAD	618219	80	0.0292	0.3931	0.4616	0.0023	0.0014	344.1955	0.4437	
nsga150k2x	ACAD	619944	80	0.0316	0.4303	0.4615	0.0023	0.0012	359.0138	0.4806	
nsga150k2x	ACAD	619075	80	0.0268	0.4586	0.4629	0.0024	0.0011	154.1572	0.5029	
nsga150k2x	ACAD	618435	80	0.0024	0.4590	0.4563	0.0035	0.0011	337.3858	0.4550	
nsga150k2x	ACAD	616867	80	0.0195	0.4362	0.4600	0.0036	0.0010	270.0645	0.4123	
nsga150k2x	ACAD	617466	80	0.0097	0.4094	0.4578	0.0029	0.0010	525.2445	0.3325	
nsga150k2x	ACAD	617155	79	0.0122	0.4591	0.4605	0.0026	0.0010	163.5764	0.4084	
nsga150k2x	ACAD	619987	80	0.0170	0.4617	0.4575	0.0046	0.0011	487.8690	0.4651	
nsga150k2x	ACAD	615274	80	0.0268	0.4128	0.4638	0.0023	0.0008	150.9623	0.3652	
nsga150k2x	ACAD	618901	80	0.0170	0.4576	0.4588	0.0032	0.0013	491.3110	0.4893	
nsga150k2x	ACAD	617951	80	0.0195	0.4627	0.4600	0.0046	0.0010	437.6079	0.3335	
nsga150k2x	ACAD	616720	80	0.0389	0.4066	0.4644	0.0023	0.0007	234.3361	0.3248	
nsga150k2x	ACAD	615871	80	0.0097	0.4403	0.4561	0.0039	0.0011	414.2294	0.3511	
nsga150k2x	ACAD	618513	80	0.0146	0.4368	0.4599	0.0030	0.0010	215.4692	0.3638	
nsga150k2x	ACAD	618325	80	0.0243	0.5142	0.4607	0.0030	0.0008	375.6859	0.5076	
nsga150k2x	ACAD	618054	80	0.0243	0.4668	0.4603	0.0033	0.0010	511.7317	0.3859	
nsga150k2x	ACAD	616703	80	0.0195	0.4694	0.4608	0.0037	0.0010	417.3046	0.4268	
nsga150k2x	ACAD	616704	80	0.0243	0.4339	0.4617	0.0021	0.0012	253.9069	0.4622	
nsga150k2x	ACAD	619656	80	0.0170	0.5623	0.4605	0.0056	0.0011	301.6293	0.5391	
nsga150k2x	ACAD	617500	80	0.0389	0.4217	0.4635	0.0022	0.0010	293.9236	0.4188	
nsga150k2x	ACAD	616618	80	0.0268	0.4614	0.4609	0.0025	0.0009	330.9119	0.3678	
nsga150k2x	ACAD	616024	80	0.0122	0.4271	0.4555	0.0039	0.0011	594.2017	0.3633	
nsga150k2x	ACAD	614552	80	0.0268	0.6034	0.4625	0.0047	0.0009	426.8552	0.3731	
nsga150k2x	ACAD	615687	80	0.0073	0.5229	0.4563	0.0027	0.0014	470.6282	0.4907	
nsga150k2x	ACAD	618402	79	0.0195	0.4567	0.4582	0.0028	0.0013	471.2940	0.4387	
nsga150k2x	ACAD	619032	80	0.0268	0.5130	0.4599	0.0040	0.0010	229.0823	0.4262	
nsga150k2x	ACAD	618968	80	0.0243	0.5456	0.4627	0.0052	0.0010	400.4115	0.4660	
nsga150k2x	ACAD	620203	80	0.0170	0.4314	0.4615	0.0026	0.0009	2.7000	0.3792	
nsga150k2x	ACAD	617268	80	0.0292	0.5089	0.4621	0.0025	0.0009	434.8234	0.4613	
nsga150k2x	ACAD	618879	80	0.0219	0.4718	0.4596	0.0032	0.0010	185.1743	0.4600	
nsga150k2x	ACAD	618109	80	0.0122	0.3930	0.4607	0.0028	0.0009	197.8243	0.3785	
nsga150k2x	ACAD	616917	80	0.0219	0.4739	0.4585	0.0046	0.0010	255.5927	0.3293	
nsga150k2x	ACAD	617454	80	0.0097	0.4203	0.4594	0.0025	0.0009	308.7490	0.3935	
nsga150k2x	ACAD	617470	80	0.0170	0.5077	0.4582	0.0040	0.0010	352.1152	0.3944	
nsga150k2x	ACAD	617651	80	0.0073	0.4355	0.4553	0.0030	0.0011	523.3798	0.3466	
nsga150k2x	OMET	3502684	168	0.0149	0.5650	0.5080	0.0017	0.0016	753.7462	0.5465	
nsga150k2x	OMET	3494039	168	0.0186	0.6767	0.4990	0.0025	0.0018	1436.6950	0.6333	
nsga150k2x	OMET	3488137	163	0.0112	0.5869	0.5046	0.0022	0.0015	1341.7896	0.5545	
nsga150k2x	OMET	3500689	148	0.0112	0.6489	0.5081	0.0020	0.0015	1146.2916	0.7131	
nsga150k2x	OMET	3503619	146	0.0149	0.6626	0.4993	0.0024	0.0021	1825.6928	0.6806	
nsga150k2x	OMET	3493227	160	0.0409	0.6242	0.5060	0.0019	0.0018	1725.8656	0.6617	
nsga150k2x	OMET	3499735	138	0.0335	0.6863	0.5140	0.0020	0.0015	12.3000	0.6882	
nsga150k2x	OMET	3494030	167	0.0037	0.5437	0.5036	0.0022	0.0016	1299.3727	0.5536	
nsga150k2x	OMET	3483744	161	0.0297	0.5961	0.5064	0.0022	0.0014	1289.0371	0.6046	
nsga150k2x	OMET	3495313	155	0.0409	0.5966	0.5143	0.0018	0.0012	587.7607	0.5836	
nsga150k2x	OMET	3490112	167	0.0037	0.5313	0.5038	0.0021	0.0015	607.9088	0.5157	
nsga150k2x	OMET	3487779	165	0.0149	0.6186	0.5064	0.0020	0.0015	722.7512	0.5508	
nsga150k2x	OMET	3607917	163	0.0186	0.6065	0.5085	0.0019	0.0015	532.6581	0.5932	
nsga150k2x	OMET	3642741	148	0.0186	0.5711	0.5088	0.0019	0.0014	999.8023	0.6003	
nsga150k2x	OMET	3630220	138	0.0372	0.5832	0.5138	0.0018	0.0012	506.8406	0.5537	
nsga150k2x	OMET	3650715	163	0.0112	0.6770	0.5070	0.0021	0.0014	1181.6543	0.6281	
nsga150k2x	OMET	3645041	168	0.0186	0.5844	0.5078	0.0020	0.0016	794.0146	0.5968	
nsga150k2x	OMET	3635288	168	0.0223	0.6389	0.5055	0.0019	0.0015	1380.9786	0.6448	
nsga150k2x	OMET	3629860	146	0.0223	0.5686	0.5036	0.0025	0.0017	1278.2958	0.5399	
nsga150k2x	OMET	3636461	163	0.0112	0.6526	0.5026	0.0024	0.0017	1664.8770	0.6391	
nsga150k2x	OMET	3631097	156	0.0112	0.7038	0.5053	0.0026	0.0015	587.7206	0.6267	
nsga150k2x	OMET	2418287	155	0.0149	0.6427	0.5079	0.0020	0.0016	828.2217	0.7353	
nsga150k2x	OMET	2337163	144	0.0409	0.6201	0.5132	0.0017	0.0017	1205.0737	0.6206	
nsga150k2x	OMET	2323514	163	0.0112	0.6342	0.5098	0.0019	0.0013	890.2700	0.6405	
nsga150k2x	OMET	2326231	138	0.0149	0.6148	0.5103	0.0021	0.0015	345.8806	0.5996	
nsga150k2x	OMET	2327111	161	0.0074	0.6409	0.5021	0.0021	0.0016	1670.4725	0.6114	
nsga150k2x	OMET	2330065	164	0.0260	0.6887	0.5063	0.0021	0.0016	971.1726	0.7120	
nsga150k2x	OMET	2327272	162	0.0372	0.6250	0.5121	0.0018	0.0013	376.8680	0.6229	
nsga150k2x	OMET	2327125	149	0.0297	0.6055	0.5092	0.0019	0.0021	992.2403	0.6825	
nsga150k2x	OMET	2331447	168	0.0335	0.6520	0.5088	0.0019	0.0013	441.9450	0.6858	
nsga150k2x	OMET	2338247	167	0.0483	0.6897	0.5109	0.0019	0.0020	802.7526	0.6860	
nsga150k2x	OMET	2337911	160	0.0223	0.6654	0.5082	0.0021	0.0016	718.9414	0.6840	
nsga150k2x	OMET	2326365	166	0.0186	0.6093	0.5042	0.0022	0.0016	1275.6134	0.6064	
nsga150k2x	OMET	2331943	162	0.0149	0.5729	0.5082	0.0021	0.0014	1077.3989	0.5981	
nsga150k2x	OMET	2338457	159	0.0149	0.6589	0.5052	0.0022	0.0016	1103.1650	0.6680	
nsga150k2x	OMET	2324590	156	0.0223	0.6236	0.5061	0.0021	0.0014	1140.7799	0.5233	
nsga150k2x	OMET	2326938	164	0.0260	0.6215	0.5060	0.0020	0.0015	902.7793	0.6067	
nsga150k2x	OMET	2330610	153	0.0186	0.6756	0.5073	0.0021	0.0021	1121.0961	0.7524	
nsga150k2x	OMET	2331092	168	0.0112	0.6109	0.5069	0.0020	0.0013	599.6820	0.6088	
nsga150k2x	OMET	2329479	162	0.0186	0.6280	0.5070	0.0019	0.0016	1180.8789	0.6688	
nsga150k2x	OMET	2334181	168	0.0149	0.5845	0.5082	0.0019	0.0016	468.9826	0.6031	
nsga150k2x	OMET	2335409	156	0.0112	0.6337	0.5077	0.0020	0.0014	1225.7044	0.6157	
nsga150k2x	OMET	2329881	159	0.0037	0.6391	0.5075	0.0018	0.0014	1117.6152	0.6905	
nsga150k2x	OMET	2336441	165	0.0223	0.6123	0.5078	0.0020	0.0015	1369.9489	0.6335	
nsga150k2x	OMET	2319312	164	0.0112	0.5987	0.5022	0.0021	0.0016	1441.1273	0.5439	
nsga150k2x	OMET	2328629	165	0.0186	0.5720	0.5103	0.0019	0.0014	729.0274	0.5735	
nsga150k2x	OMET	2334593	168	0.0149	0.6306	0.5058	0.0020	0.0015	1058.3314	0.5988	
nsga150k2x	OMET	2323551	155	0.0260	0.6438	0.5044	0.0023	0.0015	1375.0063	0.6108	
nsga150k2x	OMET	2331567	167	0.0149	0.5984	0.5070	0.0020	0.0017	744.4857	0.6155	
nsga150k2x	OMET	2326047	164	0.0223	0.6178	0.5084	0.0019	0.0013	885.2301	0.5602	
nsga150k2x	PARM	4264363	109	0.0128	0.6293	0.4943	0.0040	0.0030	422.7817	0.6543	
nsga150k2x	PARM	4236152	91	0.0256	0.7218	0.4933	0.0051	0.0038	1222.1519	0.6963	
nsga150k2x	PARM	4230046	102	0.0256	0.7205	0.4919	0.0055	0.0032	438.0230	0.7511	
nsga150k2x	PARM	4241271	103	0.0128	0.6791	0.4941	0.0044	0.0033	912.6155	0.6393	
nsga150k2x	PARM	4236035	101	0.0064	0.6921	0.4941	0.0045	0.0031	1145.7624	0.7168	
nsga150k2x	PARM	4232312	98	0.0128	0.7322	0.4933	0.0053	0.0035	857.8349	0.6740	
nsga150k2x	PARM	4225361	98	0.0256	0.6643	0.4976	0.0041	0.0032	1002.6434	0.6950	
nsga150k2x	PARM	4266111	104	0.0192	0.6327	0.4932	0.0046	0.0032	504.4392	0.6184	
nsga150k2x	PARM	4269992	94	0.0128	0.6274	0.4960	0.0041	0.0038	1062.6580	0.6840	
nsga150k2x	PARM	4280458	101	0.0128	0.6553	0.4870	0.0054	0.0034	1228.6606	0.6564	
nsga150k2x	PARM	4274155	110	0.0321	0.7134	0.4954	0.0046	0.0034	1051.2076	0.6912	
nsga150k2x	PARM	4269280	103	0.0256	0.7038	0.4968	0.0041	0.0031	1025.4528	0.7505	
nsga150k2x	PARM	4268393	106	0.0192	0.7031	0.4918	0.0053	0.0035	896.7980	0.6526	
nsga150k2x	PARM	4280495	99	0.0192	0.6654	0.4935	0.0048	0.0032	1230.6882	0.7011	
nsga150k2x	PARM	4268552	98	0.0128	0.7280	0.4942	0.0062	0.0032	897.7496	0.7364	
nsga150k2x	PARM	4279969	94	0.0128	0.6400	0.4951	0.0040	0.0029	1041.7618	0.6220	
nsga150k2x	PARM	4270763	103	0.0321	0.7689	0.5038	0.0041	0.0034	579.0931	0.7091	
nsga150k2x	PARM	4152353	112	0.0321	0.7285	0.4952	0.0047	0.0030	913.9283	0.7663	
nsga150k2x	PARM	4106196	109	0.0321	0.6912	0.4960	0.0040	0.0029	102.3191	0.6861	
nsga150k2x	PARM	4097724	104	0.0064	0.7197	0.4888	0.0059	0.0037	890.2306	0.6500	
nsga150k2x	PARM	4100455	118	0.0256	0.6714	0.4987	0.0040	0.0027	596.1674	0.7028	
nsga150k2x	PARM	4098748	103	0.0064	0.6917	0.4929	0.0046	0.0034	601.3820	0.7001	
nsga150k2x	PARM	4094702	96	0.0449	0.6795	0.4999	0.0054	0.0027	576.6076	0.7099	
nsga150k2x	PARM	4090469	108	0.0192	0.6300	0.4966	0.0040	0.0033	835.7033	0.6557	
nsga150k2x	PARM	4103495	114	0.0064	0.6342	0.4844	0.0047	0.0034	1374.9022	0.6988	
nsga150k2x	PARM	2927440	90	0.0128	0.6575	0.4995	0.0041	0.0030	658.3924	0.6311	
nsga150k2x	PARM	2736683	96	0.0192	0.6988	0.4975	0.0044	0.0029	380.3886	0.6214	
nsga150k2x	PARM	2738136	107	0.0192	0.7263	0.4932	0.0044	0.0029	1167.9730	0.6764	
nsga150k2x	PARM	2737110	97	0.0513	0.6315	0.5030	0.0050	0.0031	13.1000	0.5972	
nsga150k2x	PARM	2729898	91	0.0385	0.6059	0.5001	0.0048	0.0031	567.9853	0.6353	
nsga150k2x	PARM	2729560	99	0.0000	0.7028	0.4929	0.0046	0.0035	909.3686	0.6782	
nsga150k2x	PARM	2740118	98	0.0513	0.6582	0.4989	0.0040	0.0028	576.2066	0.6197	
nsga150k2x	PARM	2738721	88	0.0385	0.6336	0.4973	0.0045	0.0039	1151.7517	0.6953	
nsga150k2x	PARM	2729330	98	0.0256	0.6502	0.4947	0.0043	0.0034	446.1192	0.7236	
nsga150k2x	PARM	2731596	106	0.0000	0.6230	0.4888	0.0045	0.0034	507.1242	0.6630	
nsga150k2x	PARM	2737142	117	0.0000	0.7437	0.4891	0.0056	0.0033	1106.0037	0.8293	
nsga150k2x	PARM	2732169	94	0.0385	0.6439	0.5015	0.0041	0.0030	401.1203	0.6512	
nsga150k2x	PARM	2736503	99	0.0128	0.6437	0.4929	0.0048	0.0036	1016.1954	0.6763	
nsga150k2x	PARM	2734607	103	0.0128	0.6638	0.4856	0.0047	0.0045	1441.6359	0.7215	
nsga150k2x	PARM	2735679	114	0.0128	0.6664	0.4805	0.0048	0.0037	1663.2033	0.6741	
nsga150k2x	PARM	2729600	100	0.0192	0.6281	0.4937	0.0048	0.0034	402.6507	0.5791	
nsga150k2x	PARM	2733612	99	0.0064	0.5985	0.4915	0.0045	0.0031	892.9506	0.6429	
nsga150k2x	PARM	2738090	101	0.0000	0.6616	0.4902	0.0044	0.0031	1050.4088	0.6061	
nsga150k2x	PARM	2735528	93	0.0321	0.6737	0.4999	0.0040	0.0028	39.3757	0.6201	
nsga150k2x	PARM	2736008	103	0.0192	0.6392	0.4992	0.0043	0.0028	687.7069	0.6166	
nsga150k2x	PARM	2735115	104	0.0192	0.7090	0.4963	0.0050	0.0031	699.7267	0.7247	
nsga150k2x	PARM	2733676	100	0.0256	0.5600	0.4933	0.0039	0.0034	931.2365	0.6059	
nsga150k2x	PARM	2738758	108	0.0128	0.6637	0.4950	0.0040	0.0029	552.6878	0.7209	
nsga150k2x	PARM	2737396	96	0.0192	0.6037	0.4942	0.0042	0.0029	257.1535	0.6069	
nsga150k2x	PARM	2619386	115	0.0192	0.6945	0.4911	0.0043	0.0033	906.4506	0.6340	
nsga150k2x	PSOA	2014760	143	0.0124	0.5862	0.4046	0.0039	0.0018	1797.6753	0.5042	
nsga150k2x	PSOA	2018386	144	0.0062	0.6495	0.4013	0.0060	0.0018	2046.6595	0.5037	
nsga150k2x	PSOA	2010212	144	0.0217	0.5469	0.4038	0.0038	0.0017	1718.1477	0.4754	
nsga150k2x	PSOA	2015989	144	0.0248	0.5992	0.4034	0.0033	0.0018	1896.5308	0.5011	
nsga150k2x	PSOA	2010396	143	0.0279	0.7791	0.4055	0.0098	0.0018	2049.7887	0.7023	
nsga150k2x	PSOA	2044504	144	0.0000	0.5743	0.3993	0.0038	0.0019	1819.9677	0.4315	
nsga150k2x	PSOA	2241054	143	0.0031	0.6273	0.4008	0.0043	0.0020	2005.3344	0.5335	
nsga150k2x	PSOA	2035317	144	0.0062	0.6416	0.3931	0.0068	0.0019	2635.9008	0.5476	
nsga150k2x	PSOA	2017359	144	0.0248	0.5798	0.4039	0.0029	0.0018	1953.1874	0.4817	
nsga150k2x	PSOA	2015170	144	0.0279	0.6185	0.4084	0.0038	0.0015	1887.7724	0.5067	
nsga150k2x	PSOA	2016078	144	0.0062	0.5740	0.3985	0.0038	0.0019	1702.4537	0.4386	
nsga150k2x	PSOA	2018419	143	0.0217	0.5952	0.4007	0.0040	0.0019	2145.1885	0.5365	
nsga150k2x	PSOA	2017808	144	0.0402	0.5690	0.4122	0.0034	0.0017	1008.5534	0.5330	
nsga150k2x	PSOA	2011509	143	0.0248	0.6102	0.4192	0.0040	0.0019	16.2000	0.5089	
nsga150k2x	PSOA	2018828	144	0.0217	0.5879	0.3990	0.0030	0.0019	2409.5650	0.5186	
nsga150k2x	PSOA	2031589	144	0.0248	0.5761	0.4067	0.0028	0.0017	1777.2669	0.4800	
nsga150k2x	PSOA	2013152	144	0.0186	0.5615	0.3938	0.0034	0.0021	2559.3890	0.4668	
nsga150k2x	PSOA	2016663	144	0.0155	0.5457	0.4088	0.0034	0.0018	708.7810	0.5136	
nsga150k2x	PSOA	2023156	144	0.0155	0.5648	0.4008	0.0032	0.0020	2036.8138	0.5098	
nsga150k2x	PSOA	2016395	144	0.0124	0.6596	0.3980	0.0039	0.0018	2011.6549	0.5481	
nsga150k2x	PSOA	2004007	144	0.0093	0.6171	0.3991	0.0050	0.0021	1894.9931	0.5072	
nsga150k2x	PSOA	2016888	143	0.0279	0.6406	0.4037	0.0039	0.0019	1623.6719	0.6051	
nsga150k2x	PSOA	2013643	142	0.0093	0.6800	0.4041	0.0041	0.0019	1030.3141	0.6279	
nsga150k2x	PSOA	2007301	143	0.0248	0.5832	0.3996	0.0031	0.0019	1975.3107	0.5254	
nsga150k2x	PSOA	2021555	144	0.0372	0.5990	0.4095	0.0028	0.0017	1375.5572	0.5348	
nsga150k2x	PSOA	2008372	144	0.0310	0.7113	0.4090	0.0047	0.0017	1136.8578	0.7076	
nsga150k2x	PSOA	2011756	144	0.0186	0.6061	0.4072	0.0033	0.0015	1700.4699	0.5299	
nsga150k2x	PSOA	2020781	144	0.0186	0.5405	0.4003	0.0037	0.0017	2302.8242	0.4385	
nsga150k2x	PSOA	2017291	144	0.0341	0.5863	0.4036	0.0031	0.0018	1801.0906	0.4871	
nsga150k2x	PSOA	2016076	143	0.0124	0.6336	0.4050	0.0036	0.0018	1872.1757	0.5682	
nsga150k2x	PSOA	2010740	141	0.0310	0.6557	0.4048	0.0049	0.0016	1695.6185	0.5695	
nsga150k2x	PSOA	2022031	144	0.0217	0.6322	0.4019	0.0038	0.0017	1662.2201	0.5613	
nsga150k2x	PSOA	2012069	144	0.0279	0.5577	0.4090	0.0034	0.0017	1188.6859	0.4645	
nsga150k2x	PSOA	2022940	144	0.0124	0.5994	0.4028	0.0035	0.0019	1594.8187	0.5553	
nsga150k2x	PSOA	2008411	144	0.0186	0.7712	0.3982	0.0105	0.0017	2405.7075	0.6298	
nsga150k2x	PSOA	2014211	144	0.0248	0.6125	0.4040	0.0030	0.0018	2269.5505	0.5521	
nsga150k2x	PSOA	2013904	144	0.0186	0.6247	0.4017	0.0035	0.0018	1759.8259	0.5272	
nsga150k2x	PSOA	2020527	144	0.0248	0.6640	0.4069	0.0040	0.0017	1383.4938	0.5804	
nsga150k2x	PSOA	2009721	144	0.0155	0.6250	0.4061	0.0039	0.0018	1167.7525	0.6029	
nsga150k2x	PSOA	2019080	139	0.0186	0.6680	0.4010	0.0056	0.0019	1829.2955	0.5255	
nsga150k2x	PSOA	2012435	143	0.0217	0.9136	0.3983	0.0168	0.0019	2514.9953	1.0472	
nsga150k2x	PSOA	2008998	144	0.0279	0.6126	0.3918	0.0043	0.0020	2771.7429	0.4928	
nsga150k2x	PSOA	2008158	143	0.0341	0.5777	0.4077	0.0033	0.0018	1663.3015	0.4976	
nsga150k2x	PSOA	2008013	144	0.0124	0.6317	0.4000	0.0055	0.0019	2214.9562	0.5215	
nsga150k2x	PSOA	2014722	140	0.0093	0.5883	0.4039	0.0045	0.0018	1023.2572	0.5336	
nsga150k2x	PSOA	2012434	143	0.0186	0.6044	0.4061	0.0041	0.0016	1153.9841	0.4829	
nsga150k2x	PSOA	2004527	144	0.0186	0.6820	0.4018	0.0045	0.0016	2225.3062	0.6806	
nsga150k2x	PSOA	2028284	144	0.0155	0.7092	0.4056	0.0050	0.0021	1637.8215	0.6567	
nsga150k2x	PSOA	2014365	144	0.0310	0.8539	0.4034	0.0119	0.0016	2021.6268	0.8810	
nsga150k2x	PSOA	2019922	142	0.0186	0.6699	0.4058	0.0040	0.0018	1492.7050	0.4858	
nsga150k2x	WAMS	1508801	120	0.0130	0.4194	0.4913	0.0021	0.0011	703.1492	0.3240	
nsga150k2x	WAMS	1463516	120	0.0130	0.4286	0.4906	0.0021	0.0011	554.8762	0.3549	
nsga150k2x	WAMS	1469780	120	0.0078	0.4090	0.4945	0.0019	0.0009	323.4159	0.3421	
nsga150k2x	WAMS	1473404	120	0.0156	0.4239	0.4952	0.0022	0.0013	344.2744	0.4178	
nsga150k2x	WAMS	1469388	120	0.0156	0.4451	0.4974	0.0015	0.0014	294.4073	0.4511	
nsga150k2x	WAMS	1476975	120	0.0286	0.4621	0.4963	0.0020	0.0011	218.4149	0.3470	
nsga150k2x	WAMS	1472150	120	0.0234	0.4305	0.4965	0.0018	0.0010	152.7203	0.4327	
nsga150k2x	WAMS	1468868	120	0.0156	0.4603	0.4967	0.0015	0.0010	448.1010	0.4118	
nsga150k2x	WAMS	1472463	119	0.0417	0.4522	0.4998	0.0012	0.0009	462.8350	0.4562	
nsga150k2x	WAMS	1471123	120	0.0182	0.5140	0.4961	0.0020	0.0010	512.2943	0.4778	
nsga150k2x	WAMS	1470999	120	0.0156	0.4737	0.4966	0.0018	0.0017	517.2713	0.5055	
nsga150k2x	WAMS	1470527	120	0.0182	0.4081	0.4931	0.0021	0.0013	531.2033	0.4262	
nsga150k2x	WAMS	1468649	120	0.0182	0.4401	0.4969	0.0021	0.0008	194.1198	0.3511	
nsga150k2x	WAMS	1462285	120	0.0234	0.4772	0.4968	0.0029	0.0009	214.3803	0.3131	
nsga150k2x	WAMS	1460935	120	0.0130	0.3839	0.4924	0.0019	0.0010	750.9132	0.3399	
nsga150k2x	WAMS	1466871	120	0.0286	0.4492	0.4993	0.0013	0.0008	211.1005	0.4266	
nsga150k2x	WAMS	1467100	120	0.0234	0.4301	0.4976	0.0018	0.0008	486.8301	0.2941	
nsga150k2x	WAMS	1467532	120	0.0339	0.4491	0.4988	0.0015	0.0009	412.7506	0.3886	
nsga150k2x	WAMS	1467100	120	0.0312	0.4336	0.4976	0.0016	0.0009	422.3850	0.4068	
nsga150k2x	WAMS	1471981	119	0.0234	0.4828	0.4994	0.0014	0.0008	242.1950	0.4038	
nsga150k2x	WAMS	1462394	120	0.0104	0.5018	0.4922	0.0022	0.0011	783.1033	0.3520	
nsga150k2x	WAMS	1473991	120	0.0156	0.3889	0.4970	0.0017	0.0008	277.3913	0.3181	
nsga150k2x	WAMS	1477259	120	0.0130	0.4464	0.4945	0.0018	0.0009	515.9708	0.3509	
nsga150k2x	WAMS	1478887	120	0.0234	0.4115	0.4947	0.0021	0.0010	237.6087	0.3151	
nsga150k2x	WAMS	1483110	120	0.0156	0.4731	0.4911	0.0025	0.0012	590.6740	0.4071	
nsga150k2x	WAMS	1474499	120	0.0104	0.4666	0.4959	0.0015	0.0008	191.9978	0.3709	
nsga150k2x	WAMS	1474998	120	0.0052	0.4199	0.4953	0.0018	0.0009	460.4455	0.3728	
nsga150k2x	WAMS	1484994	120	0.0286	0.4061	0.4958	0.0018	0.0011	5.4000	0.3772	
nsga150k2x	WAMS	1480082	120	0.0156	0.4922	0.4968	0.0016	0.0011	490.2856	0.3375	
nsga150k2x	WAMS	1475143	120	0.0339	0.5029	0.4977	0.0024	0.0009	476.7300	0.3840	
nsga150k2x	WAMS	1475338	120	0.0469	0.4759	0.5010	0.0015	0.0007	320.5131	0.3821	
nsga150k2x	WAMS	1480617	120	0.0208	0.4414	0.4978	0.0016	0.0009	111.1796	0.4263	
nsga150k2x	WAMS	1477904	120	0.0208	0.4316	0.4955	0.0016	0.0010	492.8959	0.4388	
nsga150k2x	WAMS	1475320	120	0.0208	0.3814	0.4972	0.0014	0.0008	516.7394	0.3512	
nsga150k2x	WAMS	1479292	120	0.0208	0.5212	0.4984	0.0018	0.0008	314.6858	0.3988	
nsga150k2x	WAMS	1477563	120	0.0104	0.4760	0.4961	0.0016	0.0009	465.6738	0.3884	
nsga150k2x	WAMS	1477157	120	0.0312	0.4812	0.4979	0.0016	0.0009	287.9496	0.3990	
nsga150k2x	WAMS	1478769	120	0.0260	0.4245	0.4987	0.0014	0.0008	280.9715	0.3544	
nsga150k2x	WAMS	1479859	120	0.0234	0.4482	0.4920	0.0023	0.0011	410.2066	0.3622	
nsga150k2x	WAMS	1475048	120	0.0052	0.4155	0.4932	0.0019	0.0009	431.0619	0.3281	
nsga150k2x	WAMS	1474881	120	0.0104	0.4305	0.4965	0.0017	0.0009	184.9118	0.3126	
nsga150k2x	WAMS	1470646	120	0.0156	0.4196	0.4951	0.0015	0.0009	536.8116	0.3073	
nsga150k2x	WAMS	1475046	120	0.0078	0.4570	0.4941	0.0018	0.0010	631.9912	0.3609	
nsga150k2x	WAMS	1480827	120	0.0052	0.4210	0.4905	0.0024	0.0012	463.3807	0.3938	
nsga150k2x	WAMS	1479441	120	0.0104	0.4510	0.4908	0.0022	0.0017	696.5633	0.4559	
nsga150k2x	WAMS	1475976	120	0.0156	0.4661	0.4938	0.0021	0.0010	319.3167	0.3737	
nsga150k2x	WAMS	1474970	120	0.0312	0.3945	0.4962	0.0015	0.0011	670.2811	0.4105	
nsga150k2x	WAMS	1476110	120	0.0104	0.3785	0.4970	0.0018	0.0010	285.6539	0.3163	
nsga150k2x	WAMS	1483442	120	0.0208	0.4878	0.4946	0.0021	0.0011	479.1669	0.4193	
nsga150k2x	WAMS	1478870	120	0.0521	0.3952	0.5000	0.0013	0.0009	143.1517	0.4138	
nsga150k2x	WMET	642038	88	0.0274	0.4091	0.5183	0.0013	0.0015	106.4467	0.4810	
nsga150k2x	WMET	641152	88	0.0603	0.4487	0.5204	0.0012	0.0009	126.6622	0.4164	
nsga150k2x	WMET	634670	88	0.0274	0.3795	0.5110	0.0021	0.0009	335.2907	0.3044	
nsga150k2x	WMET	640476	88	0.0247	0.4778	0.5165	0.0016	0.0009	157.8120	0.3987	
nsga150k2x	WMET	640865	88	0.0192	0.4460	0.5151	0.0019	0.0011	167.3831	0.4592	
nsga150k2x	WMET	643274	88	0.0219	0.4706	0.5125	0.0020	0.0021	329.4305	0.5362	
nsga150k2x	WMET	643356	88	0.0164	0.5036	0.5132	0.0020	0.0011	287.4793	0.3547	
nsga150k2x	WMET	639130	88	0.0164	0.3765	0.5127	0.0022	0.0009	277.3698	0.2918	
nsga150k2x	WMET	640709	88	0.0274	0.4169	0.5165	0.0017	0.0010	151.5263	0.4514	
nsga150k2x	WMET	640390	88	0.0027	0.4147	0.5121	0.0019	0.0010	350.1777	0.3751	
nsga150k2x	WMET	641725	88	0.0110	0.4258	0.5120	0.0022	0.0016	285.4970	0.4270	
nsga150k2x	WMET	643994	88	0.0164	0.4862	0.5127	0.0021	0.0018	258.4558	0.5357	
nsga150k2x	WMET	640935	88	0.0384	0.4633	0.5175	0.0014	0.0021	154.5226	0.5303	
nsga150k2x	WMET	637982	88	0.0247	0.3785	0.5167	0.0016	0.0007	192.3743	0.3707	
nsga150k2x	WMET	638697	88	0.0247	0.4247	0.5169	0.0017	0.0011	121.4061	0.4524	
nsga150k2x	WMET	642299	88	0.0082	0.4890	0.5141	0.0018	0.0015	233.8544	0.5119	
nsga150k2x	WMET	642282	88	0.0082	0.3995	0.5113	0.0020	0.0012	241.6226	0.4171	
nsga150k2x	WMET	641564	88	0.0027	0.3736	0.5115	0.0025	0.0011	228.9131	0.4323	
nsga150k2x	WMET	642764	88	0.0164	0.4169	0.5125	0.0024	0.0014	235.7292	0.4798	
nsga150k2x	WMET	639238	88	0.0438	0.4358	0.5195	0.0013	0.0007	157.7860	0.3991	
nsga150k2x	WMET	640791	88	0.0192	0.4261	0.5100	0.0024	0.0011	330.9620	0.3202	
nsga150k2x	WMET	639386	88	0.0247	0.3882	0.5165	0.0017	0.0014	209.7515	0.4440	
nsga150k2x	WMET	642409	88	0.0356	0.4319	0.5165	0.0019	0.0012	57.5540	0.4493	
nsga150k2x	WMET	641760	88	0.0027	0.4168	0.5088	0.0025	0.0015	368.7693	0.4397	
nsga150k2x	WMET	640183	88	0.0301	0.4073	0.5166	0.0018	0.0008	18.1327	0.3999	
nsga150k2x	WMET	641697	88	0.0164	0.4659	0.5168	0.0017	0.0009	2.8000	0.3831	
nsga150k2x	WMET	641645	88	0.0055	0.4459	0.5097	0.0025	0.0020	387.8321	0.5097	
nsga150k2x	WMET	644863	88	0.0247	0.4659	0.5117	0.0021	0.0024	206.6254	0.5333	
nsga150k2x	WMET	640292	88	0.0219	0.4523	0.5139	0.0018	0.0013	219.2929	0.4763	
nsga150k2x	WMET	643828	88	0.0137	0.4756	0.5117	0.0021	0.0025	116.6911	0.5391	
nsga150k2x	WMET	642335	88	0.0110	0.4223	0.5086	0.0025	0.0016	368.7614	0.5014	
nsga150k2x	WMET	643236	88	0.0274	0.4370	0.5157	0.0021	0.0014	21.6295	0.5261	
nsga150k2x	WMET	640271	88	0.0219	0.4088	0.5151	0.0018	0.0009	287.8410	0.3807	
nsga150k2x	WMET	640604	88	0.0301	0.4326	0.5155	0.0021	0.0013	309.9727	0.4703	
nsga150k2x	WMET	641299	88	0.0164	0.4383	0.5153	0.0017	0.0016	208.0769	0.5031	
nsga150k2x	WMET	641409	88	0.0192	0.4011	0.5148	0.0020	0.0011	107.1239	0.4160	
nsga150k2x	WMET	642508	88	0.0110	0.4492	0.5144	0.0019	0.0010	172.7701	0.4569	
nsga150k2x	WMET	641973	88	0.0301	0.4156	0.5150	0.0021	0.0011	97.6006	0.4313	
nsga150k2x	WMET	640629	88	0.0164	0.4241	0.5141	0.0020	0.0017	223.3506	0.5107	
nsga150k2x	WMET	643533	88	0.0274	0.4198	0.5150	0.0019	0.0018	133.2214	0.4894	
nsga150k2x	WMET	642294	88	0.0055	0.3942	0.5081	0.0027	0.0011	309.7738	0.4196	
nsga150k2x	WMET	643080	88	0.0274	0.4925	0.5122	0.0030	0.0011	170.9910	0.4294	
nsga150k2x	WMET	643544	88	0.0082	0.3946	0.5101	0.0026	0.0013	170.6428	0.4142	
nsga150k2x	WMET	640878	88	0.0027	0.3953	0.5138	0.0019	0.0012	235.4528	0.4034	
nsga150k2x	WMET	642140	88	0.0164	0.4253	0.5156	0.0018	0.0010	84.8010	0.4642	
nsga150k2x	WMET	642634	88	0.0164	0.4691	0.5137	0.0021	0.0017	125.2201	0.5125	
nsga150k2x	WMET	643734	88	0.0219	0.4388	0.5130	0.0024	0.0010	113.1466	0.4373	
nsga150k2x	WMET	642114	88	0.0110	0.4574	0.5149	0.0017	0.0022	9.4774	0.5203	
nsga150k2x	WMET	637368	88	0.0219	0.3752	0.5134	0.0022	0.0010	292.7059	0.4128	
nsga150k2x	WMET	639653	88	0.0247	0.3990	0.5155	0.0019	0.0009	245.5221	0.4151	
nsga150k4x	ACAD	656355	137	0.0051	0.6016	0.5073	0.0035	0.0027	693.8420	0.6240	
nsga150k4x	ACAD	630392	128	0.0152	0.5893	0.5136	0.0030	0.0026	468.8337	0.6234	
nsga150k4x	ACAD	627454	124	0.0253	0.6679	0.5169	0.0036	0.0022	333.9319	0.6643	
nsga150k4x	ACAD	629686	124	0.0101	0.6687	0.5120	0.0034	0.0027	457.2069	0.7072	
nsga150k4x	ACAD	625908	111	0.0253	0.6311	0.5198	0.0030	0.0020	259.6587	0.5764	
nsga150k4x	ACAD	627467	119	0.0354	0.6588	0.5214	0.0029	0.0019	244.0067	0.5856	
nsga150k4x	ACAD	630943	113	0.0152	0.6851	0.5110	0.0051	0.0027	553.5789	0.6721	
nsga150k4x	ACAD	629424	125	0.0253	0.6293	0.5172	0.0036	0.0024	16.8390	0.6683	
nsga150k4x	ACAD	628364	118	0.0354	0.5797	0.5169	0.0035	0.0023	406.0643	0.5740	
nsga150k4x	ACAD	628665	120	0.0253	0.5598	0.5159	0.0030	0.0021	364.0082	0.5530	
nsga150k4x	ACAD	629344	110	0.0202	0.6874	0.5179	0.0029	0.0021	428.9434	0.7193	
nsga150k4x	ACAD	627008	119	0.0101	0.5722	0.5114	0.0034	0.0021	510.4185	0.5449	
nsga150k4x	ACAD	630706	117	0.0101	0.6509	0.5131	0.0028	0.0022	506.3033	0.6382	
nsga150k4x	ACAD	626535	115	0.0152	0.5843	0.5226	0.0029	0.0019	145.6056	0.5974	
nsga150k4x	ACAD	626524	118	0.0303	0.6262	0.5193	0.0028	0.0022	242.2352	0.6540	
nsga150k4x	ACAD	628736	113	0.0202	0.6963	0.5118	0.0039	0.0023	477.0603	0.7122	
nsga150k4x	ACAD	627746	108	0.0354	0.6234	0.5176	0.0032	0.0021	460.9880	0.6212	
nsga150k4x	ACAD	626885	117	0.0101	0.6438	0.5126	0.0038	0.0026	178.6806	0.6185	
nsga150k4x	ACAD	627270	120	0.0000	0.6387	0.5097	0.0037	0.0025	338.0111	0.6329	
nsga150k4x	ACAD	629346	122	0.0202	0.6793	0.5078	0.0042	0.0027	624.4488	0.6697	
nsga150k4x	ACAD	627949	120	0.0152	0.6102	0.5103	0.0035	0.0023	512.5950	0.6102	
nsga150k4x	ACAD	629496	127	0.0152	0.6646	0.5099	0.0038	0.0023	463.8378	0.6684	
nsga150k4x	ACAD	626701	110	0.0303	0.6783	0.5198	0.0029	0.0024	266.4476	0.6717	
nsga150k4x	ACAD	627667	102	0.0101	0.6075	0.5209	0.0032	0.0028	150.2048	0.6237	
nsga150k4x	ACAD	628548	108	0.0253	0.5717	0.5171	0.0033	0.0024	95.5432	0.5782	
nsga150k4x	ACAD	628598	123	0.0152	0.6167	0.5199	0.0027	0.0024	122.0984	0.6696	
nsga150k4x	ACAD	626404	118	0.0152	0.6294	0.5172	0.0033	0.0028	279.2406	0.6008	
nsga150k4x	ACAD	625532	101	0.0202	0.7743	0.5137	0.0072	0.0022	330.6102	0.7898	
nsga150k4x	ACAD	628080	105	0.0051	0.6366	0.5081	0.0043	0.0029	429.2067	0.6283	
nsga150k4x	ACAD	628827	135	0.0202	0.6313	0.5133	0.0033	0.0023	378.7350	0.6448	
nsga150k4x	ACAD	629026	115	0.0303	0.6022	0.5114	0.0033	0.0022	432.6637	0.6202	
nsga150k4x	ACAD	627309	103	0.0152	0.5978	0.5165	0.0029	0.0020	445.7916	0.6009	
nsga150k4x	ACAD	629923	130	0.0303	0.6731	0.5106	0.0034	0.0025	685.5499	0.6360	
nsga150k4x	ACAD	626259	113	0.0303	0.6322	0.5221	0.0029	0.0020	102.5995	0.5960	
nsga150k4x	ACAD	627311	119	0.0354	0.6366	0.5191	0.0032	0.0032	275.4283	0.6480	
nsga150k4x	ACAD	626187	100	0.0202	0.6045	0.5158	0.0033	0.0021	334.4218	0.6279	
nsga150k4x	ACAD	627223	117	0.0253	0.6347	0.5140	0.0031	0.0022	510.9097	0.5723	
nsga150k4x	ACAD	627682	125	0.0051	0.7135	0.5149	0.0031	0.0021	347.3974	0.6951	
nsga150k4x	ACAD	627043	111	0.0051	0.6524	0.5144	0.0033	0.0024	301.4355	0.5791	
nsga150k4x	ACAD	629460	109	0.0152	0.6082	0.5163	0.0035	0.0021	264.8902	0.5774	
nsga150k4x	ACAD	627369	115	0.0051	0.6103	0.5143	0.0032	0.0023	378.3974	0.5915	
nsga150k4x	ACAD	629720	120	0.0303	0.5932	0.5105	0.0031	0.0032	691.5726	0.6694	
nsga150k4x	ACAD	629091	118	0.0051	0.6788	0.5088	0.0040	0.0024	565.3251	0.7390	
nsga150k4x	ACAD	627308	123	0.0051	0.6286	0.5172	0.0034	0.0022	79.9818	0.6428	
nsga150k4x	ACAD	628356	114	0.0303	0.6974	0.5209	0.0033	0.0028	194.2798	0.6911	
nsga150k4x	ACAD	626703	115	0.0253	0.6228	0.5185	0.0029	0.0020	358.1990	0.6328	
nsga150k4x	ACAD	630221	105	0.0707	0.6714	0.5204	0.0042	0.0024	379.2839	0.6776	
nsga150k4x	ACAD	628370	118	0.0202	0.6672	0.5210	0.0025	0.0020	235.4033	0.6640	
nsga150k4x	ACAD	629019	117	0.0202	0.6665	0.5227	0.0032	0.0022	4.0000	0.6512	
nsga150k4x	ACAD	626133	129	0.0152	0.6729	0.5178	0.0028	0.0022	401.5481	0.6366	
nsga150k4x	OMET	3623558	154	0.0152	0.6249	0.5115	0.0023	0.0025	127.6939	0.6848	
nsga150k4x	OMET	3606755	131	0.0505	0.5691	0.5096	0.0025	0.0018	981.5508	0.5650	
nsga150k4x	OMET	3607364	131	0.0202	0.6156	0.5095	0.0025	0.0019	16.1000	0.5834	
nsga150k4x	OMET	3615309	138	0.0202	0.6423	0.5032	0.0024	0.0025	1938.9133	0.6964	
nsga150k4x	OMET	3611777	149	0.0152	0.6060	0.5061	0.0024	0.0018	1011.8465	0.5874	
nsga150k4x	OMET	3627930	150	0.0152	0.6843	0.5043	0.0025	0.0021	1485.2525	0.7098	
nsga150k4x	OMET	3620428	129	0.0404	0.5645	0.5134	0.0023	0.0019	869.6340	0.6317	
nsga150k4x	OMET	3616826	142	0.0152	0.5656	0.5056	0.0026	0.0019	1286.3170	0.5538	
nsga150k4x	OMET	3606718	127	0.0303	0.6844	0.5099	0.0024	0.0018	1258.1740	0.6906	
nsga150k4x	OMET	3619640	133	0.0202	0.6268	0.5062	0.0027	0.0019	1476.4932	0.6124	
nsga150k4x	OMET	3624982	126	0.0152	0.6306	0.5091	0.0025	0.0020	1732.8527	0.6577	
nsga150k4x	OMET	3632278	155	0.0000	0.6144	0.4982	0.0026	0.0023	2113.0647	0.6565	
nsga150k4x	OMET	3652445	125	0.0101	0.6457	0.5115	0.0024	0.0018	891.4021	0.6797	
nsga150k4x	OMET	3650121	118	0.0253	0.6131	0.5071	0.0025	0.0020	1455.5336	0.6174	
nsga150k4x	OMET	3645818	135	0.0202	0.6727	0.5150	0.0025	0.0020	852.9573	0.6509	
nsga150k4x	OMET	3670260	142	0.0303	0.6289	0.5056	0.0027	0.0021	1543.5498	0.6546	
nsga150k4x	OMET	3674120	133	0.0152	0.5994	0.5082	0.0024	0.0025	764.6118	0.7008	
nsga150k4x	OMET	3667066	135	0.0404	0.5903	0.5107	0.0022	0.0018	1081.5528	0.5847	
nsga150k4x	OMET	3660066	152	0.0051	0.6060	0.5051	0.0026	0.0019	527.0888	0.5618	
nsga150k4x	OMET	3680047	152	0.0152	0.6428	0.5057	0.0024	0.0031	1312.1098	0.6934	
nsga150k4x	OMET	3662218	139	0.0152	0.6101	0.5050	0.0025	0.0019	1101.1519	0.6115	
nsga150k4x	OMET	2958950	139	0.0253	0.6375	0.5093	0.0025	0.0020	1079.8956	0.6176	
nsga150k4x	OMET	2809879	139	0.0202	0.6031	0.5105	0.0022	0.0027	1078.5456	0.6542	
nsga150k4x	OMET	2790528	153	0.0152	0.6222	0.5037	0.0023	0.0019	1336.6202	0.6567	
nsga150k4x	OMET	2789634	146	0.0152	0.5636	0.5033	0.0025	0.0020	1713.0605	0.5265	
nsga150k4x	OMET	2790481	128	0.0354	0.6611	0.5099	0.0025	0.0019	1451.6330	0.6493	
nsga150k4x	OMET	2789246	142	0.0253	0.6331	0.5062	0.0025	0.0020	1150.8825	0.6116	
nsga150k4x	OMET	2802998	137	0.0303	0.6742	0.5082	0.0024	0.0020	1227.9481	0.6822	
nsga150k4x	OMET	2796328	146	0.0202	0.6156	0.5063	0.0024	0.0020	1143.4274	0.6005	
nsga150k4x	OMET	2788484	143	0.0253	0.5884	0.5071	0.0024	0.0018	1258.0601	0.5558	
nsga150k4x	OMET	2794202	139	0.0303	0.6879	0.5158	0.0020	0.0021	587.6955	0.7408	
nsga150k4x	OMET	2792168	127	0.0152	0.6606	0.5106	0.0026	0.0026	729.6717	0.7294	
nsga150k4x	OMET	2788248	127	0.0152	0.7093	0.5131	0.0023	0.0019	766.4005	0.6193	
nsga150k4x	OMET	2795883	145	0.0000	0.6173	0.5068	0.0022	0.0020	1168.4614	0.6437	
nsga150k4x	OMET	2786607	135	0.0202	0.5596	0.5080	0.0023	0.0018	1413.5526	0.5962	
nsga150k4x	OMET	2795698	131	0.0202	0.5926	0.5105	0.0020	0.0026	1218.0136	0.6482	
nsga150k4x	OMET	2803470	136	0.0101	0.5950	0.5112	0.0022	0.0042	836.5260	0.6710	
nsga150k4x	OMET	2785306	147	0.0152	0.6054	0.5005	0.0025	0.0024	2293.4057	0.6030	
nsga150k4x	OMET	2787489	144	0.0202	0.6839	0.5079	0.0026	0.0019	1190.1858	0.6335	
nsga150k4x	OMET	2796823	151	0.0051	0.6868	0.5017	0.0028	0.0023	575.9050	0.7051	
nsga150k4x	OMET	2788586	155	0.0051	0.6164	0.4990	0.0028	0.0022	1782.3402	0.6085	
nsga150k4x	OMET	2794791	135	0.0253	0.6054	0.5091	0.0024	0.0018	1402.6274	0.5843	
nsga150k4x	OMET	2790367	129	0.0152	0.5960	0.5119	0.0024	0.0018	619.0666	0.6250	
nsga150k4x	OMET	2795476	128	0.0354	0.6439	0.5120	0.0024	0.0020	1057.1741	0.5950	
nsga150k4x	OMET	2788860	144	0.0202	0.6297	0.5089	0.0024	0.0019	1401.8036	0.6759	
nsga150k4x	OMET	2793200	125	0.0101	0.6477	0.5069	0.0024	0.0019	1304.8740	0.7068	
nsga150k4x	OMET	2788256	142	0.0152	0.6941	0.5020	0.0025	0.0023	1980.5400	0.7071	
nsga150k4x	OMET	2782147	148	0.0101	0.6403	0.5010	0.0026	0.0023	1765.3480	0.5851	
nsga150k4x	OMET	2922789	137	0.0354	0.5920	0.5145	0.0021	0.0024	184.6404	0.6864	
nsga150k4x	OMET	2841466	140	0.0303	0.5779	0.5067	0.0024	0.0021	1612.5064	0.6210	
nsga150k4x	PARM	4275829	87	0.0174	0.6932	0.4828	0.0057	0.0043	2623.7092	0.6804	
nsga150k4x	PARM	4216440	95	0.0261	0.6795	0.4859	0.0054	0.0042	1956.7214	0.6325	
nsga150k4x	PARM	4199605	84	0.0087	0.6237	0.4858	0.0051	0.0042	1822.1785	0.6186	
nsga150k4x	PARM	4210673	97	0.0174	0.7371	0.4829	0.0055	0.0044	1753.4063	0.7195	
nsga150k4x	PARM	4207806	85	0.0174	0.7263	0.4789	0.0057	0.0046	2679.7751	0.6975	
nsga150k4x	PARM	4213960	94	0.0174	0.6492	0.4869	0.0051	0.0039	1877.1789	0.6880	
nsga150k4x	PARM	4206398	84	0.0435	0.6667	0.4919	0.0053	0.0037	1637.0102	0.6191	
nsga150k4x	PARM	4260419	88	0.0087	0.5796	0.4939	0.0050	0.0038	1438.5333	0.5322	
nsga150k4x	PARM	4305829	81	0.0087	0.6883	0.4876	0.0056	0.0041	1362.4496	0.6673	
nsga150k4x	PARM	4316819	96	0.0087	0.6720	0.4822	0.0057	0.0042	2200.6991	0.6223	
nsga150k4x	PARM	4310454	100	0.0000	0.7541	0.4783	0.0058	0.0047	2103.1364	0.7990	
nsga150k4x	PARM	4312302	74	0.0174	0.6833	0.4965	0.0049	0.0038	1254.9732	0.6722	
nsga150k4x	PARM	4304083	80	0.0348	0.6447	0.4999	0.0044	0.0035	1479.3115	0.6767	
nsga150k4x	PARM	4314104	83	0.0000	0.6225	0.4853	0.0051	0.0040	1993.2337	0.6413	
nsga150k4x	PARM	4309053	92	0.0261	0.7228	0.4944	0.0052	0.0044	20.8000	0.6451	
nsga150k4x	PARM	4300265	87	0.0348	0.5916	0.4912	0.0049	0.0037	1595.2913	0.5242	
nsga150k4x	PARM	4303621	92	0.0435	0.6876	0.4870	0.0057	0.0045	1809.6395	0.7667	
nsga150k4x	PARM	4214662	82	0.0261	0.6767	0.4897	0.0050	0.0040	2140.7750	0.6927	
nsga150k4x	PARM	4095008	88	0.0000	0.5810	0.4854	0.0051	0.0046	1918.4226	0.6117	
nsga150k4x	PARM	4100816	78	0.0174	0.6223	0.4863	0.0055	0.0044	2143.4487	0.6831	
nsga150k4x	PARM	4105218	82	0.0261	0.6410	0.4974	0.0047	0.0035	1772.6197	0.5934	
nsga150k4x	PARM	4099426	80	0.0522	0.6942	0.4956	0.0050	0.0037	2076.4636	0.7032	
nsga150k4x	PARM	4105941	71	0.0174	0.5522	0.4926	0.0050	0.0036	1697.2699	0.5993	
nsga150k4x	PARM	4107421	64	0.0087	0.6197	0.4889	0.0059	0.0041	2142.6422	0.6927	
nsga150k4x	PARM	4111939	80	0.0087	0.6091	0.4852	0.0053	0.0041	2180.6515	0.6117	
nsga150k4x	PARM	3881305	89	0.0087	0.6193	0.4856	0.0053	0.0043	1573.6769	0.6243	
nsga150k4x	PARM	3283006	85	0.0435	0.6484	0.4921	0.0052	0.0038	956.9478	0.6773	
nsga150k4x	PARM	3287218	91	0.0174	0.6438	0.4846	0.0058	0.0041	2178.6281	0.5943	
nsga150k4x	PARM	3283485	72	0.0348	0.7389	0.5018	0.0059	0.0047	1016.8576	0.7607	
nsga150k4x	PARM	3285416	91	0.0174	0.6682	0.4821	0.0056	0.0042	2082.3013	0.7175	
nsga150k4x	PARM	3288284	80	0.0174	0.7166	0.4862	0.0058	0.0040	1674.5804	0.7610	
nsga150k4x	PARM	3285698	80	0.0174	0.7193	0.4935	0.0062	0.0039	1168.4401	0.7562	
nsga150k4x	PARM	3287708	91	0.0174	0.6195	0.4895	0.0052	0.0050	1279.1900	0.6714	
nsga150k4x	PARM	3287252	74	0.0261	0.5843	0.4943	0.0052	0.0034	1681.0362	0.5828	
nsga150k4x	PARM	3284346	89	0.0261	0.7258	0.4980	0.0053	0.0037	881.7549	0.7468	
nsga150k4x	PARM	3280510	92	0.0435	0.7659	0.4883	0.0049	0.0044	2123.4861	0.8144	
nsga150k4x	PARM	3282945	96	0.0000	0.6977	0.4725	0.0063	0.0047	2447.3500	0.7156	
nsga150k4x	PARM	3285537	85	0.0087	0.6063	0.4825	0.0054	0.0048	1709.3392	0.6664	
nsga150k4x	PARM	3280864	89	0.0174	0.6184	0.4897	0.0063	0.0052	1238.1676	0.6528	
nsga150k4x	PARM	3284610	87	0.0348	0.6723	0.4868	0.0055	0.0040	2006.7015	0.6771	
nsga150k4x	PARM	3284308	88	0.0261	0.6680	0.4822	0.0061	0.0042	2006.4062	0.6384	
nsga150k4x	PARM	3286446	91	0.0174	0.6234	0.4885	0.0054	0.0040	1336.9281	0.6617	
nsga150k4x	PARM	3286411	69	0.0348	0.5909	0.4926	0.0056	0.0035	1243.0796	0.6499	
nsga150k4x	PARM	3294151	88	0.0000	0.7370	0.4841	0.0062	0.0041	1856.8549	0.7458	
nsga150k4x	PARM	3290740	72	0.0261	0.6180	0.4934	0.0052	0.0044	1124.3672	0.7112	
nsga150k4x	PARM	3285589	89	0.0000	0.7086	0.4871	0.0052	0.0037	1710.5508	0.7091	
nsga150k4x	PARM	3281556	80	0.0348	0.6996	0.4956	0.0050	0.0038	1201.1940	0.7449	
nsga150k4x	PARM	3286221	73	0.0174	0.6284	0.4881	0.0052	0.0040	1858.1273	0.6559	
nsga150k4x	PARM	3278744	90	0.0087	0.7080	0.4887	0.0055	0.0046	1719.6495	0.7511	
nsga150k4x	PARM	3417786	84	0.0174	0.6612	0.4822	0.0069	0.0040	2391.9493	0.6602	
nsga150k4x	PSOA	3149760	113	0.0233	0.5885	0.4530	0.0041	0.0029	2156.8855	0.5969	
nsga150k4x	PSOA	3075662	116	0.0233	0.5458	0.4487	0.0041	0.0029	1869.1431	0.5473	
nsga150k4x	PSOA	3058340	110	0.0326	0.6994	0.4563	0.0049	0.0028	2013.3385	0.6923	
nsga150k4x	PSOA	3068954	104	0.0419	0.6020	0.4593	0.0043	0.0024	1495.3240	0.6371	
nsga150k4x	PSOA	3082473	117	0.0465	0.6719	0.4604	0.0046	0.0025	1289.1289	0.6207	
nsga150k4x	PSOA	3056658	117	0.0186	0.6556	0.4501	0.0046	0.0026	2378.0885	0.6513	
nsga150k4x	PSOA	3094349	115	0.0279	0.6706	0.4552	0.0060	0.0026	1390.6248	0.6623	
nsga150k4x	PSOA	3064439	136	0.0047	0.6469	0.4379	0.0047	0.0034	2872.3550	0.6346	
nsga150k4x	PSOA	3056540	122	0.0233	0.6527	0.4526	0.0042	0.0025	1253.9720	0.6195	
nsga150k4x	PSOA	3069724	125	0.0186	0.6781	0.4521	0.0052	0.0027	1778.3617	0.6463	
nsga150k4x	PSOA	3061757	112	0.0512	0.8109	0.4547	0.0106	0.0022	2308.6381	0.8387	
nsga150k4x	PSOA	3073076	133	0.0326	0.6905	0.4440	0.0056	0.0028	2175.4436	0.6630	
nsga150k4x	PSOA	3069154	127	0.0093	0.6874	0.4529	0.0046	0.0029	1445.1124	0.6564	
nsga150k4x	PSOA	3072619	115	0.0093	0.6201	0.4558	0.0040	0.0025	1167.8931	0.6201	
nsga150k4x	PSOA	3074435	105	0.0186	0.6229	0.4572	0.0049	0.0033	29.3000	0.6280	
nsga150k4x	PSOA	3077477	106	0.0419	0.6478	0.4628	0.0044	0.0025	609.6127	0.6551	
nsga150k4x	PSOA	3075387	119	0.0279	0.5791	0.4494	0.0047	0.0028	2078.6842	0.5749	
nsga150k4x	PSOA	3078811	121	0.0093	0.6530	0.4575	0.0034	0.0024	1323.3798	0.6414	
nsga150k4x	PSOA	3073285	108	0.0093	0.6285	0.4538	0.0047	0.0032	1090.7828	0.6337	
nsga150k4x	PSOA	3075047	109	0.0326	0.6636	0.4596	0.0040	0.0023	1736.4427	0.6581	
nsga150k4x	PSOA	3076752	128	0.0093	0.7042	0.4406	0.0047	0.0032	2537.7865	0.6892	
nsga150k4x	PSOA	3073202	112	0.0140	0.6571	0.4592	0.0041	0.0023	1189.9205	0.6805	
nsga150k4x	PSOA	3080444	107	0.0140	0.6389	0.4491	0.0045	0.0033	2300.2998	0.6663	
nsga150k4x	PSOA	3085068	101	0.0279	0.6523	0.4657	0.0044	0.0024	251.6777	0.6499	
nsga150k4x	PSOA	3377221	122	0.0279	0.6507	0.4524	0.0040	0.0027	2310.1289	0.5657	
nsga150k4x	PSOA	3433817	113	0.0140	0.6560	0.4506	0.0047	0.0030	2232.6000	0.6516	
nsga150k4x	PSOA	3064994	122	0.0140	0.7486	0.4448	0.0063	0.0030	1891.3614	0.7115	
nsga150k4x	PSOA	3069920	116	0.0233	0.6203	0.4537	0.0043	0.0027	1177.7758	0.6117	
nsga150k4x	PSOA	3068661	128	0.0186	0.5847	0.4470	0.0042	0.0027	2594.6715	0.5448	
nsga150k4x	PSOA	3077426	131	0.0093	0.6472	0.4374	0.0049	0.0035	2767.7161	0.6388	
nsga150k4x	PSOA	3078593	122	0.0047	0.6504	0.4557	0.0042	0.0027	633.0857	0.5926	
nsga150k4x	PSOA	3083887	118	0.0093	0.6875	0.4494	0.0047	0.0030	1164.2162	0.5986	
nsga150k4x	PSOA	3064117	102	0.0140	0.5959	0.4535	0.0046	0.0028	2149.9871	0.6585	
nsga150k4x	PSOA	3073162	124	0.0093	0.6574	0.4545	0.0059	0.0026	1057.9603	0.6193	
nsga150k4x	PSOA	3076137	117	0.0000	0.7106	0.4409	0.0053	0.0033	2244.5289	0.6931	
nsga150k4x	PSOA	3079552	124	0.0047	0.6660	0.4446	0.0048	0.0031	2098.6483	0.6486	
nsga150k4x	PSOA	3061885	111	0.0186	0.7471	0.4532	0.0052	0.0025	1967.9932	0.6789	
nsga150k4x	PSOA	3067376	113	0.0140	0.6312	0.4476	0.0048	0.0037	2093.9130	0.6844	
nsga150k4x	PSOA	3074883	126	0.0233	0.7884	0.4511	0.0080	0.0028	2124.5860	0.7828	
nsga150k4x	PSOA	3077684	130	0.0326	0.9725	0.4639	0.0172	0.0027	85.3777	1.1330	
nsga150k4x	PSOA	3058384	127	0.0186	0.6730	0.4558	0.0047	0.0026	419.2529	0.7253	
nsga150k4x	PSOA	3063443	114	0.0279	0.6096	0.4564	0.0042	0.0024	1671.3389	0.5548	
nsga150k4x	PSOA	3073676	119	0.0140	0.6813	0.4513	0.0047	0.0030	1787.1684	0.7049	
nsga150k4x	PSOA	3065280	136	0.0047	0.7275	0.4349	0.0057	0.0035	2711.8913	0.7286	
nsga150k4x	PSOA	3078701	118	0.0140	0.6754	0.4616	0.0039	0.0034	1224.1840	0.7064	
nsga150k4x	PSOA	3051971	137	0.0326	0.7426	0.4404	0.0073	0.0031	2552.1102	0.5183	
nsga150k4x	PSOA	3066716	111	0.0326	0.6883	0.4564	0.0047	0.0025	2175.0240	0.6973	
nsga150k4x	PSOA	3071376	106	0.0093	0.5921	0.4515	0.0048	0.0026	2002.8807	0.5888	
nsga150k4x	PSOA	3068646	123	0.0093	0.6902	0.4451	0.0051	0.0032	1705.7030	0.6609	
nsga150k4x	PSOA	3057839	141	0.0326	0.6358	0.4562	0.0042	0.0027	559.8850	0.5909	
nsga150k4x	WAMS	1578975	201	0.0105	0.5927	0.4880	0.0018	0.0015	475.7984	0.5583	
nsga150k4x	WAMS	1532491	180	0.0175	0.5677	0.4925	0.0015	0.0020	720.0776	0.5943	
nsga150k4x	WAMS	1528432	169	0.0175	0.5871	0.4888	0.0021	0.0015	442.2363	0.5878	
nsga150k4x	WAMS	1526255	178	0.0070	0.5681	0.4860	0.0018	0.0014	679.7306	0.5810	
nsga150k4x	WAMS	1529496	182	0.0105	0.5966	0.4904	0.0016	0.0014	606.2854	0.6155	
nsga150k4x	WAMS	1528770	176	0.0210	0.6049	0.4923	0.0015	0.0012	481.7010	0.5645	
nsga150k4x	WAMS	1529916	195	0.0105	0.5905	0.4896	0.0016	0.0013	493.8117	0.5391	
nsga150k4x	WAMS	1530242	191	0.0315	0.6237	0.4930	0.0015	0.0012	354.8630	0.6211	
nsga150k4x	WAMS	1530210	180	0.0245	0.5998	0.4904	0.0015	0.0013	779.2124	0.5886	
nsga150k4x	WAMS	1523332	202	0.0280	0.5330	0.4883	0.0016	0.0012	535.8506	0.4873	
nsga150k4x	WAMS	1527087	194	0.0280	0.6313	0.4935	0.0014	0.0013	507.1414	0.6300	
nsga150k4x	WAMS	1532554	174	0.0315	0.6280	0.4909	0.0018	0.0015	423.9760	0.5566	
nsga150k4x	WAMS	1526883	202	0.0140	0.5832	0.4883	0.0017	0.0013	481.5045	0.5739	
nsga150k4x	WAMS	1533460	198	0.0105	0.6124	0.4843	0.0019	0.0022	543.2266	0.6402	
nsga150k4x	WAMS	1532210	183	0.0350	0.6188	0.4928	0.0016	0.0014	467.9039	0.6165	
nsga150k4x	WAMS	1525637	176	0.0245	0.5792	0.4951	0.0017	0.0011	6.3000	0.6215	
nsga150k4x	WAMS	1521841	184	0.0105	0.6204	0.4886	0.0018	0.0012	566.6651	0.5242	
nsga150k4x	WAMS	1525210	199	0.0000	0.6815	0.4874	0.0018	0.0016	389.0081	0.6016	
nsga150k4x	WAMS	1526102	179	0.0175	0.6085	0.4894	0.0018	0.0014	677.0031	0.5462	
nsga150k4x	WAMS	1532794	176	0.0140	0.6047	0.4925	0.0014	0.0022	411.2571	0.6502	
nsga150k4x	WAMS	1503736	205	0.0105	0.5819	0.4874	0.0018	0.0013	646.9623	0.5195	
nsga150k4x	WAMS	1478750	197	0.0105	0.6054	0.4901	0.0018	0.0015	244.2334	0.5965	
nsga150k4x	WAMS	1478021	167	0.0490	0.5953	0.4943	0.0013	0.0018	826.5088	0.6115	
nsga150k4x	WAMS	1477920	179	0.0490	0.5634	0.4941	0.0014	0.0015	289.6425	0.5280	
nsga150k4x	WAMS	1479094	180	0.0140	0.6138	0.4902	0.0016	0.0012	638.8255	0.5934	
nsga150k4x	WAMS	1482093	170	0.0210	0.6268	0.4941	0.0015	0.0015	404.6690	0.6363	
nsga150k4x	WAMS	1477344	195	0.0105	0.6865	0.4862	0.0019	0.0014	648.3829	0.5912	
nsga150k4x	WAMS	1484152	185	0.0245	0.5876	0.4939	0.0015	0.0014	67.1832	0.6138	
nsga150k4x	WAMS	1483108	186	0.0140	0.6176	0.4907	0.0017	0.0019	425.2469	0.6276	
nsga150k4x	WAMS	1479176	190	0.0315	0.6005	0.4917	0.0014	0.0023	639.7725	0.6468	
nsga150k4x	WAMS	1484430	189	0.0070	0.5883	0.4838	0.0021	0.0018	680.8681	0.5985	
nsga150k4x	WAMS	1483918	180	0.0315	0.6349	0.4921	0.0017	0.0024	649.2770	0.6463	
nsga150k4x	WAMS	1487718	182	0.0000	0.6034	0.4869	0.0017	0.0014	472.9790	0.6238	
nsga150k4x	WAMS	1478348	174	0.0140	0.5642	0.4913	0.0014	0.0012	507.3794	0.5803	
nsga150k4x	WAMS	1484365	194	0.0105	0.6542	0.4890	0.0018	0.0014	437.8677	0.6310	
nsga150k4x	WAMS	1482068	201	0.0385	0.6092	0.4944	0.0013	0.0020	108.7386	0.6052	
nsga150k4x	WAMS	1479932	194	0.0175	0.6084	0.4904	0.0017	0.0013	194.2748	0.5662	
nsga150k4x	WAMS	1481061	190	0.0210	0.6127	0.4912	0.0019	0.0014	412.8670	0.5720	
nsga150k4x	WAMS	1486907	183	0.0140	0.5651	0.4922	0.0015	0.0018	323.6499	0.5803	
nsga150k4x	WAMS	1479758	176	0.0280	0.5889	0.4894	0.0018	0.0013	703.1990	0.5590	
nsga150k4x	WAMS	1481935	180	0.0035	0.6175	0.4871	0.0018	0.0014	703.9353	0.5655	
nsga150k4x	WAMS	1482393	178	0.0175	0.6246	0.4888	0.0017	0.0014	289.4178	0.5811	
nsga150k4x	WAMS	1478542	177	0.0210	0.6441	0.4928	0.0017	0.0012	424.5337	0.6280	
nsga150k4x	WAMS	1479700	174	0.0594	0.6294	0.4962	0.0014	0.0014	363.7946	0.6403	
nsga150k4x	WAMS	1479805	183	0.0070	0.5725	0.4879	0.0017	0.0023	314.2401	0.6123	
nsga150k4x	WAMS	1482915	198	0.0105	0.5949	0.4874	0.0018	0.0015	359.8257	0.5615	
nsga150k4x	WAMS	1476731	172	0.0315	0.5786	0.4909	0.0015	0.0015	571.3210	0.5744	
nsga150k4x	WAMS	1482626	172	0.0315	0.6149	0.4925	0.0015	0.0028	292.7617	0.6508	
nsga150k4x	WAMS	1479062	186	0.0210	0.6435	0.4925	0.0018	0.0012	320.9135	0.5451	
nsga150k4x	WAMS	1483960	176	0.0175	0.6475	0.4890	0.0017	0.0017	521.9492	0.6593	
nsga150k4x	WMET	666185	145	0.0463	0.6011	0.4986	0.0017	0.0016	175.9890	0.6306	
nsga150k4x	WMET	667199	156	0.0232	0.5740	0.4942	0.0017	0.0018	316.6809	0.5876	
nsga150k4x	WMET	666191	146	0.0193	0.5817	0.4951	0.0018	0.0012	218.6915	0.5685	
nsga150k4x	WMET	667151	167	0.0039	0.5912	0.4895	0.0020	0.0015	352.9678	0.5899	
nsga150k4x	WMET	665726	160	0.0734	0.5972	0.4960	0.0018	0.0014	302.0140	0.5788	
nsga150k4x	WMET	666050	159	0.0463	0.5835	0.4946	0.0016	0.0015	443.5803	0.5552	
nsga150k4x	WMET	667147	165	0.0039	0.6054	0.4917	0.0021	0.0014	213.2830	0.5338	
nsga150k4x	WMET	667779	154	0.0154	0.5334	0.4949	0.0019	0.0013	136.2748	0.5725	
nsga150k4x	WMET	667672	169	0.0232	0.5871	0.4950	0.0016	0.0013	396.4875	0.5988	
nsga150k4x	WMET	666980	150	0.0077	0.5603	0.4912	0.0020	0.0017	251.6914	0.5857	
nsga150k4x	WMET	665046	157	0.0193	0.5978	0.4945	0.0019	0.0013	258.8473	0.5805	
nsga150k4x	WMET	665912	162	0.0270	0.6100	0.4948	0.0017	0.0013	261.3955	0.5712	
nsga150k4x	WMET	665442	135	0.0193	0.5409	0.4922	0.0021	0.0014	336.5268	0.5332	
nsga150k4x	WMET	667054	156	0.0154	0.5863	0.4935	0.0021	0.0014	157.1225	0.5813	
nsga150k4x	WMET	667855	155	0.0039	0.5891	0.4862	0.0024	0.0019	396.4874	0.5812	
nsga150k4x	WMET	669242	152	0.0154	0.5961	0.4944	0.0019	0.0018	290.4537	0.6169	
nsga150k4x	WMET	669474	162	0.0077	0.6590	0.4908	0.0020	0.0015	319.9274	0.6397	
nsga150k4x	WMET	668804	170	0.0270	0.6108	0.4985	0.0016	0.0014	80.1738	0.6409	
nsga150k4x	WMET	666813	157	0.0232	0.5371	0.4946	0.0022	0.0013	121.9755	0.5708	
nsga150k4x	WMET	668378	141	0.0154	0.6129	0.4933	0.0020	0.0014	100.0448	0.6433	
nsga150k4x	WMET	666884	157	0.0154	0.6140	0.4940	0.0023	0.0013	340.3055	0.5914	
nsga150k4x	WMET	669678	150	0.0154	0.5917	0.4939	0.0019	0.0019	186.5348	0.6003	
nsga150k4x	WMET	667243	176	0.0154	0.6057	0.4894	0.0022	0.0016	453.1122	0.5368	
nsga150k4x	WMET	669121	165	0.0077	0.5746	0.4922	0.0018	0.0015	321.8682	0.5817	
nsga150k4x	WMET	668381	139	0.0154	0.5746	0.4937	0.0020	0.0023	120.9782	0.6331	
nsga150k4x	WMET	666004	162	0.0193	0.5943	0.4940	0.0018	0.0012	234.2446	0.5009	
nsga150k4x	WMET	669970	158	0.0077	0.5541	0.4873	0.0023	0.0016	283.6763	0.5458	
nsga150k4x	WMET	669176	175	0.0077	0.5754	0.4929	0.0018	0.0013	297.1550	0.5761	
nsga150k4x	WMET	669718	153	0.0309	0.5610	0.4957	0.0020	0.0014	56.9570	0.6028	
nsga150k4x	WMET	668608	158	0.0154	0.6059	0.4936	0.0018	0.0020	367.3972	0.6106	
nsga150k4x	WMET	667786	148	0.0618	0.5885	0.4969	0.0019	0.0012	377.6238	0.5622	
nsga150k4x	WMET	668365	159	0.0193	0.6245	0.4910	0.0020	0.0014	238.3344	0.6446	
nsga150k4x	WMET	668080	160	0.0502	0.5848	0.4997	0.0016	0.0011	15.0408	0.5186	
nsga150k4x	WMET	666591	150	0.0116	0.6276	0.4906	0.0025	0.0016	238.3733	0.6064	
nsga150k4x	WMET	667780	174	0.0077	0.6619	0.4930	0.0020	0.0013	261.1744	0.6267	
nsga150k4x	WMET	668750	153	0.0154	0.5932	0.4906	0.0022	0.0015	321.3752	0.5855	
nsga150k4x	WMET	669064	156	0.0116	0.6057	0.4952	0.0019	0.0014	93.5944	0.6058	
nsga150k4x	WMET	667042	161	0.0193	0.5461	0.4958	0.0017	0.0012	181.8536	0.5120	
nsga150k4x	WMET	670161	146	0.0039	0.6036	0.4915	0.0022	0.0019	312.6115	0.6103	
nsga150k4x	WMET	669370	148	0.0154	0.5760	0.4936	0.0019	0.0016	282.1045	0.5657	
nsga150k4x	WMET	669056	155	0.0386	0.5691	0.4974	0.0015	0.0016	272.9096	0.6090	
nsga150k4x	WMET	669283	145	0.0116	0.5741	0.4902	0.0022	0.0015	372.9765	0.5823	
nsga150k4x	WMET	666868	148	0.0193	0.5640	0.4929	0.0021	0.0020	423.4327	0.5886	
nsga150k4x	WMET	667911	144	0.0232	0.5436	0.4973	0.0017	0.0013	3.2000	0.5759	
nsga150k4x	WMET	666378	160	0.0116	0.5305	0.4880	0.0022	0.0020	348.1574	0.5717	
nsga150k4x	WMET	667215	160	0.0039	0.5892	0.4931	0.0020	0.0014	265.8579	0.6404	
nsga150k4x	WMET	669489	150	0.0039	0.6489	0.4895	0.0024	0.0022	215.8903	0.6778	
nsga150k4x	WMET	670003	162	0.0193	0.5363	0.4941	0.0020	0.0015	319.1335	0.5820	
nsga150k4x	WMET	668146	160	0.0232	0.5843	0.4945	0.0020	0.0014	140.5451	0.5585	
nsga150k4x	WMET	668759	149	0.0425	0.5604	0.4988	0.0018	0.0012	237.2910	0.5341	
nsga150k8x	ACAD	1296997	80	0.0319	0.7062	0.4505	0.0084	0.0014	350.2114	0.7268	
nsga150k8x	ACAD	1270060	80	0.0123	0.4309	0.4474	0.0032	0.0010	383.7170	0.3594	
nsga150k8x	ACAD	1271736	80	0.0197	0.4059	0.4484	0.0034	0.0010	486.8128	0.4121	
nsga150k8x	ACAD	1268710	80	0.0221	0.4270	0.4462	0.0036	0.0012	412.6349	0.4242	
nsga150k8x	ACAD	1271970	80	0.0270	0.4930	0.4462	0.0057	0.0012	518.4254	0.4054	
nsga150k8x	ACAD	1273710	80	0.0295	0.4830	0.4513	0.0035	0.0012	141.6564	0.3827	
nsga150k8x	ACAD	1271415	80	0.0197	0.5740	0.4504	0.0045	0.0009	361.5083	0.5903	
nsga150k8x	ACAD	1270912	80	0.0197	0.4623	0.4484	0.0029	0.0013	491.3028	0.4586	
nsga150k8x	ACAD	1272627	80	0.0197	0.4453	0.4516	0.0023	0.0008	157.5180	0.4404	
nsga150k8x	ACAD	1270615	80	0.0123	0.4636	0.4458	0.0041	0.0011	409.8178	0.4045	
nsga150k8x	ACAD	1275792	80	0.0246	0.4545	0.4493	0.0031	0.0011	409.9930	0.4420	
nsga150k8x	ACAD	1270386	80	0.0147	0.4472	0.4495	0.0023	0.0011	437.5660	0.3733	
nsga150k8x	ACAD	1272039	80	0.0074	0.5444	0.4467	0.0047	0.0010	471.1871	0.4754	
nsga150k8x	ACAD	1269456	80	0.0344	0.4561	0.4508	0.0028	0.0011	336.6052	0.4912	
nsga150k8x	ACAD	1268171	80	0.0344	0.4843	0.4519	0.0032	0.0009	344.6800	0.3657	
nsga150k8x	ACAD	1270577	80	0.0221	0.4660	0.4503	0.0030	0.0009	241.2543	0.3962	
nsga150k8x	ACAD	1267406	80	0.0172	0.4010	0.4453	0.0033	0.0010	473.7141	0.3258	
nsga150k8x	ACAD	1275061	80	0.0172	0.3988	0.4497	0.0025	0.0010	171.9698	0.3845	
nsga150k8x	ACAD	1274344	79	0.0246	0.5574	0.4498	0.0053	0.0010	181.3085	0.4712	
nsga150k8x	ACAD	1270954	80	0.0172	0.5717	0.4446	0.0045	0.0013	539.6105	0.5800	
nsga150k8x	ACAD	1273373	80	0.0172	0.4799	0.4473	0.0069	0.0011	429.7107	0.3452	
nsga150k8x	ACAD	1264434	80	0.0172	0.6176	0.4499	0.0075	0.0009	390.2960	0.4915	
nsga150k8x	ACAD	1271851	80	0.0147	0.5481	0.4468	0.0045	0.0010	415.5990	0.4564	
nsga150k8x	ACAD	1272296	80	0.0123	0.4449	0.4483	0.0032	0.0010	276.6520	0.3691	
nsga150k8x	ACAD	1276897	80	0.0147	0.5352	0.4484	0.0051	0.0009	406.1080	0.4460	
nsga150k8x	ACAD	1272139	80	0.0123	0.4507	0.4423	0.0051	0.0015	604.7693	0.4540	
nsga150k8x	ACAD	1271616	80	0.0172	0.4127	0.4492	0.0030	0.0010	90.1115	0.3474	
nsga150k8x	ACAD	1270301	80	0.0344	0.4782	0.4543	0.0021	0.0014	248.1621	0.4750	
nsga150k8x	ACAD	1268152	80	0.0172	0.3983	0.4478	0.0029	0.0010	465.8901	0.3617	
nsga150k8x	ACAD	1272762	80	0.0172	0.5285	0.4489	0.0034	0.0011	364.3965	0.4902	
nsga150k8x	ACAD	1279113	80	0.0123	0.5309	0.4494	0.0054	0.0012	344.6724	0.5085	
nsga150k8x	ACAD	1271528	80	0.0123	0.4456	0.4485	0.0032	0.0010	234.8000	0.4107	
nsga150k8x	ACAD	1271052	80	0.0442	0.4465	0.4527	0.0028	0.0010	379.2154	0.4122	
nsga150k8x	ACAD	1276050	80	0.0172	0.6257	0.4476	0.0081	0.0010	339.5621	0.5786	
nsga150k8x	ACAD	1276514	80	0.0270	0.5364	0.4526	0.0044	0.0008	194.5479	0.3967	
nsga150k8x	ACAD	1267665	80	0.0123	0.4877	0.4475	0.0037	0.0010	317.5099	0.3856	
nsga150k8x	ACAD	1265198	80	0.0418	0.4723	0.4502	0.0032	0.0009	400.1260	0.3621	
nsga150k8x	ACAD	1269316	80	0.0172	0.4521	0.4490	0.0028	0.0010	314.4102	0.3943	
nsga150k8x	ACAD	1268443	80	0.0147	0.4957	0.4509	0.0038	0.0010	219.7483	0.4472	
nsga150k8x	ACAD	1275952	80	0.0344	0.3795	0.4532	0.0026	0.0013	121.3881	0.4116	
nsga150k8x	ACAD	1268883	80	0.0098	0.4352	0.4455	0.0035	0.0011	507.6634	0.3625	
nsga150k8x	ACAD	1275759	80	0.0270	0.5782	0.4506	0.0071	0.0010	249.9121	0.5077	
nsga150k8x	ACAD	1275388	80	0.0025	0.7040	0.4454	0.0100	0.0011	443.2019	0.6062	
nsga150k8x	ACAD	1274308	80	0.0074	0.4230	0.4460	0.0041	0.0012	330.8122	0.4163	
nsga150k8x	ACAD	1267520	80	0.0123	0.4437	0.4451	0.0039	0.0011	406.5415	0.2949	
nsga150k8x	ACAD	1272257	80	0.0270	0.4450	0.4488	0.0035	0.0013	372.0055	0.4424	
nsga150k8x	ACAD	1274559	80	0.0197	0.4448	0.4519	0.0026	0.0009	2.5000	0.4385	
nsga150k8x	ACAD	1274441	80	0.0393	0.5121	0.4526	0.0029	0.0009	313.4944	0.5325	
nsga150k8x	ACAD	1275458	80	0.0123	0.4506	0.4462	0.0033	0.0011	464.9484	0.4452	
nsga150k8x	ACAD	1271779	80	0.0074	0.4498	0.4422	0.0040	0.0014	510.6070	0.3855	
nsga150k8x	OMET	7756097	159	0.0261	0.6525	0.5060	0.0019	0.0014	1276.5262	0.6195	
nsga150k8x	OMET	7733190	156	0.0037	0.6129	0.5008	0.0020	0.0024	1039.6560	0.6628	
nsga150k8x	OMET	7723291	155	0.0187	0.6332	0.5064	0.0018	0.0012	607.7275	0.6686	
nsga150k8x	OMET	7712947	156	0.0149	0.6126	0.4989	0.0024	0.0017	1347.8524	0.6211	
nsga150k8x	OMET	7710974	168	0.0112	0.6372	0.5027	0.0022	0.0014	705.8805	0.5680	
nsga150k8x	OMET	7756465	141	0.0112	0.6165	0.5047	0.0020	0.0019	893.3583	0.6533	
nsga150k8x	OMET	7732862	165	0.0037	0.6077	0.4991	0.0024	0.0015	1439.5464	0.5927	
nsga150k8x	OMET	7747616	166	0.0299	0.6335	0.5061	0.0018	0.0016	13.9000	0.6901	
nsga150k8x	OMET	6480444	151	0.0112	0.6968	0.5042	0.0022	0.0016	1001.0847	0.6350	
nsga150k8x	OMET	4843701	167	0.0448	0.6826	0.5090	0.0019	0.0014	319.0110	0.6508	
nsga150k8x	OMET	4834948	168	0.0187	0.6003	0.5007	0.0021	0.0015	1134.0815	0.5390	
nsga150k8x	OMET	4849654	168	0.0448	0.6061	0.5066	0.0019	0.0014	625.3123	0.6275	
nsga150k8x	OMET	4813361	165	0.0187	0.6024	0.5017	0.0020	0.0014	1623.3007	0.6040	
nsga150k8x	OMET	4841822	160	0.0224	0.6373	0.5042	0.0018	0.0014	1123.7586	0.6785	
nsga150k8x	OMET	4826577	159	0.0149	0.6283	0.5052	0.0021	0.0016	506.2051	0.6180	
nsga150k8x	OMET	4844504	164	0.0075	0.6348	0.4985	0.0023	0.0016	1571.4100	0.5947	
nsga150k8x	OMET	4806602	167	0.0224	0.7567	0.4990	0.0026	0.0016	1699.9963	0.7221	
nsga150k8x	OMET	4841331	166	0.0075	0.6198	0.5005	0.0021	0.0015	1299.2806	0.5804	
nsga150k8x	OMET	4838344	166	0.0149	0.5662	0.5070	0.0017	0.0016	35.1265	0.5815	
nsga150k8x	OMET	4867672	168	0.0075	0.5923	0.5054	0.0019	0.0014	970.9595	0.5929	
nsga150k8x	OMET	3848362	162	0.0112	0.6187	0.5049	0.0022	0.0014	680.1000	0.5822	
nsga150k8x	OMET	3564790	154	0.0299	0.6382	0.5055	0.0022	0.0013	640.9772	0.6436	
nsga150k8x	OMET	3575164	168	0.0149	0.5980	0.5029	0.0019	0.0014	1338.9610	0.5681	
nsga150k8x	OMET	3578315	167	0.0187	0.5920	0.5037	0.0020	0.0017	924.9168	0.6076	
nsga150k8x	OMET	3559655	161	0.0149	0.6446	0.5046	0.0021	0.0014	1284.5470	0.6176	
nsga150k8x	OMET	3576462	165	0.0224	0.6978	0.5000	0.0023	0.0018	749.4379	0.7151	
nsga150k8x	OMET	3577373	149	0.0224	0.5533	0.5065	0.0018	0.0013	531.8424	0.5382	
nsga150k8x	OMET	3557902	159	0.0261	0.6536	0.5044	0.0023	0.0014	715.0920	0.5949	
nsga150k8x	OMET	3565915	165	0.0261	0.6744	0.5054	0.0020	0.0016	490.1169	0.6411	
nsga150k8x	OMET	3573086	160	0.0299	0.6605	0.5060	0.0019	0.0023	1018.7642	0.6660	
nsga150k8x	OMET	3558862	157	0.0336	0.5574	0.5015	0.0020	0.0014	1549.3486	0.5421	
nsga150k8x	OMET	3573651	159	0.0224	0.6368	0.5034	0.0019	0.0023	1100.8650	0.7013	
nsga150k8x	OMET	3576429	168	0.0336	0.6167	0.5049	0.0020	0.0013	225.5602	0.6615	
nsga150k8x	OMET	3577301	166	0.0149	0.6382	0.4998	0.0023	0.0018	565.7711	0.6625	
nsga150k8x	OMET	3576251	168	0.0149	0.6942	0.5064	0.0021	0.0013	551.9602	0.6788	
nsga150k8x	OMET	3562991	145	0.0299	0.6284	0.5050	0.0022	0.0013	1109.2968	0.6403	
nsga150k8x	OMET	3573260	159	0.0187	0.6308	0.5049	0.0021	0.0014	642.4351	0.5755	
nsga150k8x	OMET	3572494	155	0.0187	0.6233	0.5038	0.0021	0.0019	588.6770	0.6655	
nsga150k8x	OMET	3563288	160	0.0224	0.6161	0.5040	0.0019	0.0014	1018.8100	0.6341	
nsga150k8x	OMET	3576587	150	0.0522	0.6448	0.5090	0.0018	0.0014	923.8182	0.6264	
nsga150k8x	OMET	3570899	166	0.0224	0.6702	0.5035	0.0018	0.0015	1068.8825	0.6271	
nsga150k8x	OMET	3568110	157	0.0336	0.6086	0.5067	0.0019	0.0014	508.9682	0.6533	
nsga150k8x	OMET	3579231	165	0.0112	0.6010	0.5065	0.0017	0.0014	757.3820	0.5835	
nsga150k8x	OMET	3576027	164	0.0149	0.6166	0.5010	0.0017	0.0024	1692.3497	0.6684	
nsga150k8x	OMET	3579898	163	0.0224	0.6601	0.5035	0.0022	0.0015	1095.7142	0.6015	
nsga150k8x	OMET	3570369	152	0.0112	0.6253	0.5014	0.0021	0.0015	1426.7443	0.6264	
nsga150k8x	OMET	3563943	165	0.0149	0.6283	0.5059	0.0018	0.0020	869.2454	0.6417	
nsga150k8x	OMET	3574663	167	0.0112	0.6123	0.5030	0.0020	0.0015	828.9459	0.5916	
nsga150k8x	OMET	3578464	168	0.0112	0.6627	0.5032	0.0018	0.0014	1191.5607	0.6708	
nsga150k8x	OMET	3565016	164	0.0149	0.6438	0.5042	0.0021	0.0017	911.4225	0.6591	
nsga150k8x	PARM	8843015	96	0.0110	0.6556	0.4929	0.0043	0.0026	1207.3002	0.6845	
nsga150k8x	PARM	8780014	99	0.0275	0.6369	0.4935	0.0043	0.0026	1035.7404	0.6610	
nsga150k8x	PARM	8785731	110	0.0220	0.7014	0.4935	0.0053	0.0026	1125.2962	0.6115	
nsga150k8x	PARM	8789992	98	0.0110	0.6235	0.4869	0.0039	0.0030	1242.2762	0.6834	
nsga150k8x	PARM	8785180	103	0.0275	0.7029	0.4962	0.0033	0.0024	1182.3589	0.6700	
nsga150k8x	PARM	8785247	112	0.0165	0.6674	0.4958	0.0036	0.0043	489.3574	0.7018	
nsga150k8x	PARM	8764444	112	0.0110	0.6139	0.4860	0.0040	0.0028	1322.8476	0.6396	
nsga150k8x	PARM	7168417	108	0.0330	0.6294	0.4941	0.0042	0.0025	1448.9338	0.6619	
nsga150k8x	PARM	5679522	101	0.0165	0.7086	0.4895	0.0047	0.0030	1030.1789	0.7997	
nsga150k8x	PARM	5671960	104	0.0165	0.6015	0.4886	0.0045	0.0029	1318.6263	0.5679	
nsga150k8x	PARM	5663636	101	0.0220	0.6383	0.5013	0.0034	0.0025	424.4976	0.5894	
nsga150k8x	PARM	5667249	110	0.0275	0.7436	0.4986	0.0038	0.0025	801.0422	0.6740	
nsga150k8x	PARM	5686220	94	0.0165	0.6414	0.4965	0.0039	0.0028	1132.9212	0.6471	
nsga150k8x	PARM	5683085	101	0.0165	0.7118	0.4938	0.0044	0.0026	1044.5300	0.6992	
nsga150k8x	PARM	5661655	116	0.0000	0.6245	0.4833	0.0039	0.0031	1243.8786	0.6444	
nsga150k8x	PARM	5669200	85	0.0385	0.6327	0.4946	0.0040	0.0032	1109.8393	0.7394	
nsga150k8x	PARM	5686969	109	0.0330	0.7316	0.4976	0.0038	0.0026	569.4032	0.6681	
nsga150k8x	PARM	4911751	101	0.0330	0.6471	0.4885	0.0041	0.0026	1643.5179	0.7010	
nsga150k8x	PARM	4156252	105	0.0440	0.6527	0.5071	0.0034	0.0024	10.9000	0.6643	
nsga150k8x	PARM	4169692	104	0.0165	0.6027	0.4982	0.0033	0.0031	1238.9061	0.6370	
nsga150k8x	PARM	4142634	108	0.0220	0.6203	0.4933	0.0036	0.0025	1254.3841	0.6560	
nsga150k8x	PARM	4140874	104	0.0275	0.6879	0.4927	0.0040	0.0027	919.7149	0.7679	
nsga150k8x	PARM	4160144	94	0.0055	0.6376	0.4893	0.0050	0.0031	1603.2028	0.6488	
nsga150k8x	PARM	4151358	95	0.0220	0.5632	0.4926	0.0040	0.0025	1258.3601	0.5510	
nsga150k8x	PARM	4160890	109	0.0385	0.6505	0.4968	0.0034	0.0043	563.3913	0.6897	
nsga150k8x	PARM	4158650	89	0.0330	0.6782	0.5074	0.0041	0.0035	161.8855	0.7892	
nsga150k8x	PARM	4160120	109	0.0275	0.7188	0.4910	0.0046	0.0026	1285.7722	0.7174	
nsga150k8x	PARM	4156077	102	0.0220	0.6797	0.4984	0.0035	0.0025	795.1542	0.7040	
nsga150k8x	PARM	4157583	116	0.0165	0.7593	0.4838	0.0064	0.0032	1590.5197	0.6296	
nsga150k8x	PARM	4154518	114	0.0220	0.7210	0.4854	0.0043	0.0031	1785.9785	0.7478	
nsga150k8x	PARM	4157677	109	0.0330	0.7206	0.4927	0.0045	0.0028	1408.9566	0.7323	
nsga150k8x	PARM	4158931	113	0.0110	0.7096	0.4868	0.0043	0.0030	1475.6082	0.6530	
nsga150k8x	PARM	4160872	93	0.0000	0.5748	0.4861	0.0039	0.0028	1498.8960	0.6005	
nsga150k8x	PARM	4154873	99	0.0385	0.6820	0.4930	0.0042	0.0026	1546.0165	0.7332	
nsga150k8x	PARM	4160546	123	0.0055	0.6471	0.4845	0.0041	0.0034	1496.0098	0.6439	
nsga150k8x	PARM	4144992	110	0.0055	0.6997	0.4847	0.0045	0.0033	1250.2244	0.7376	
nsga150k8x	PARM	4151898	96	0.0110	0.7169	0.4950	0.0044	0.0026	831.1582	0.7739	
nsga150k8x	PARM	4153720	98	0.0165	0.6611	0.4890	0.0046	0.0029	1503.6978	0.6061	
nsga150k8x	PARM	4154243	103	0.0220	0.6483	0.4902	0.0039	0.0030	967.0416	0.6775	
nsga150k8x	PARM	4165124	111	0.0220	0.6968	0.4877	0.0046	0.0033	1738.1901	0.7341	
nsga150k8x	PARM	4156998	114	0.0110	0.6939	0.4872	0.0038	0.0030	1460.3778	0.7474	
nsga150k8x	PARM	4172491	99	0.0000	0.7105	0.4866	0.0059	0.0028	1494.7425	0.7529	
nsga150k8x	PARM	4148561	121	0.0110	0.7085	0.4814	0.0048	0.0030	1779.7067	0.6491	
nsga150k8x	PARM	2918865	101	0.0220	0.6333	0.4942	0.0036	0.0027	961.2083	0.6551	
nsga150k8x	PARM	2785653	109	0.0110	0.7004	0.4924	0.0043	0.0031	598.8529	0.6451	
nsga150k8x	PARM	2787734	115	0.0275	0.7189	0.4968	0.0043	0.0028	945.4979	0.7349	
nsga150k8x	PARM	2794202	92	0.0220	0.6277	0.4940	0.0039	0.0052	1340.3579	0.7250	
nsga150k8x	PARM	2791256	116	0.0220	0.7113	0.4963	0.0040	0.0029	714.9092	0.6705	
nsga150k8x	PARM	2790844	110	0.0110	0.6794	0.4877	0.0039	0.0041	1360.1933	0.7241	
nsga150k8x	PARM	2791816	92	0.0220	0.6628	0.4952	0.0039	0.0033	1108.1196	0.6927	
nsga150k8x	PSOA	8695256	144	0.0210	0.5992	0.4727	0.0028	0.0018	1540.5179	0.5546	
nsga150k8x	PSOA	8693471	144	0.0329	0.5927	0.4846	0.0029	0.0017	625.7749	0.5538	
nsga150k8x	PSOA	8579763	144	0.0509	0.5985	0.4842	0.0024	0.0018	859.8012	0.5171	
nsga150k8x	PSOA	8643950	144	0.0269	0.5453	0.4764	0.0036	0.0018	1059.4169	0.5330	
nsga150k8x	PSOA	8704972	144	0.0030	0.6358	0.4688	0.0033	0.0022	1375.0994	0.5993	
nsga150k8x	PSOA	8695889	144	0.0329	0.5977	0.4808	0.0025	0.0019	1177.9685	0.5653	
nsga150k8x	PSOA	8683328	144	0.0240	0.6598	0.4839	0.0027	0.0021	385.7009	0.6309	
nsga150k8x	PSOA	7587810	144	0.0120	0.5990	0.4707	0.0033	0.0019	1512.7376	0.5579	
nsga150k8x	PSOA	5828866	144	0.0090	0.7320	0.4702	0.0060	0.0017	1337.0838	0.7710	
nsga150k8x	PSOA	5818839	144	0.0150	0.6098	0.4698	0.0034	0.0018	1453.0367	0.5684	
nsga150k8x	PSOA	5823497	143	0.0299	0.6166	0.4874	0.0026	0.0019	20.8000	0.6031	
nsga150k8x	PSOA	5853325	144	0.0180	0.6089	0.4797	0.0032	0.0021	625.5818	0.5978	
nsga150k8x	PSOA	5824062	142	0.0150	0.5549	0.4792	0.0029	0.0017	704.3456	0.5444	
nsga150k8x	PSOA	5811584	144	0.0150	0.6188	0.4750	0.0037	0.0016	845.2180	0.5484	
nsga150k8x	PSOA	5837555	142	0.0359	0.5621	0.4805	0.0037	0.0016	1097.1336	0.5434	
nsga150k8x	PSOA	5828981	144	0.0150	0.7197	0.4735	0.0043	0.0015	1444.1377	0.6837	
nsga150k8x	PSOA	5836765	144	0.0419	0.6421	0.4793	0.0023	0.0019	1113.7067	0.5736	
nsga150k8x	PSOA	4777046	143	0.0150	0.7322	0.4774	0.0045	0.0017	1278.0964	0.7347	
nsga150k8x	PSOA	4286539	144	0.0090	0.6449	0.4812	0.0030	0.0015	510.0097	0.4822	
nsga150k8x	PSOA	4285248	141	0.0269	0.6318	0.4777	0.0036	0.0018	851.6324	0.5438	
nsga150k8x	PSOA	4274918	142	0.0180	0.8779	0.4785	0.0106	0.0018	905.1458	0.9967	
nsga150k8x	PSOA	4270738	143	0.0269	0.5865	0.4761	0.0028	0.0023	1715.9568	0.6123	
nsga150k8x	PSOA	4288611	144	0.0000	0.5897	0.4773	0.0028	0.0019	1083.2019	0.5559	
nsga150k8x	PSOA	4293786	143	0.0240	0.5861	0.4802	0.0035	0.0019	940.0750	0.5788	
nsga150k8x	PSOA	4272685	141	0.0299	0.7478	0.4806	0.0045	0.0019	565.7404	0.8283	
nsga150k8x	PSOA	4288858	144	0.0030	0.7325	0.4779	0.0038	0.0018	289.0002	0.7587	
nsga150k8x	PSOA	4278397	144	0.0150	0.5551	0.4789	0.0027	0.0020	592.4576	0.4867	
nsga150k8x	PSOA	4273686	144	0.0210	0.5444	0.4756	0.0038	0.0016	1103.9320	0.4777	
nsga150k8x	PSOA	4269909	144	0.0060	0.6095	0.4704	0.0029	0.0021	1324.7962	0.5779	
nsga150k8x	PSOA	4268594	144	0.0240	0.6033	0.4826	0.0034	0.0016	258.2199	0.5534	
nsga150k8x	PSOA	4274835	144	0.0180	0.5806	0.4746	0.0032	0.0017	1198.0513	0.5473	
nsga150k8x	PSOA	4283980	144	0.0240	0.6368	0.4775	0.0032	0.0016	1131.2000	0.6426	
nsga150k8x	PSOA	4279293	144	0.0210	0.6622	0.4822	0.0034	0.0015	196.3011	0.5407	
nsga150k8x	PSOA	4279891	144	0.0180	0.6242	0.4817	0.0028	0.0019	685.9789	0.5987	
nsga150k8x	PSOA	4251043	143	0.0329	0.5765	0.4797	0.0026	0.0018	987.1269	0.5383	
nsga150k8x	PSOA	4289819	144	0.0269	0.5881	0.4760	0.0033	0.0017	1161.5214	0.5544	
nsga150k8x	PSOA	4257644	140	0.0150	0.5593	0.4752	0.0028	0.0020	1213.0314	0.5023	
nsga150k8x	PSOA	4263679	144	0.0060	0.6110	0.4736	0.0035	0.0015	1141.7962	0.6367	
nsga150k8x	PSOA	4279753	144	0.0000	0.5708	0.4672	0.0035	0.0019	1181.0987	0.5456	
nsga150k8x	PSOA	4266030	142	0.0329	0.6605	0.4825	0.0026	0.0018	728.9782	0.6098	
nsga150k8x	PSOA	4288020	144	0.0240	0.6247	0.4831	0.0029	0.0022	227.5815	0.6398	
nsga150k8x	PSOA	4282670	144	0.0269	0.6156	0.4814	0.0031	0.0015	612.0789	0.6097	
nsga150k8x	PSOA	3065782	144	0.0120	0.6167	0.4722	0.0031	0.0020	1250.4464	0.5220	
nsga150k8x	PSOA	2751986	143	0.0210	0.5605	0.4754	0.0031	0.0017	1388.8355	0.5150	
nsga150k8x	PSOA	2775243	136	0.0210	0.5799	0.4769	0.0024	0.0019	1292.8415	0.5522	
nsga150k8x	PSOA	2766477	144	0.0180	0.6569	0.4814	0.0033	0.0016	637.2222	0.5110	
nsga150k8x	PSOA	2767201	144	0.0090	0.5746	0.4737	0.0032	0.0019	1237.1661	0.5375	
nsga150k8x	PSOA	2773968	144	0.0120	0.6196	0.4799	0.0031	0.0015	585.8280	0.6401	
nsga150k8x	PSOA	2773190	144	0.0240	0.6164	0.4814	0.0034	0.0018	421.6705	0.5724	
nsga150k8x	PSOA	2171567	144	0.0210	0.6404	0.4827	0.0027	0.0015	435.5540	0.6416	
nsga150k8x	WAMS	3035178	120	0.0053	0.4665	0.5043	0.0018	0.0009	270.0518	0.3792	
nsga150k8x	WAMS	3018191	120	0.0106	0.4311	0.5046	0.0018	0.0008	148.4584	0.3281	
nsga150k8x	WAMS	3014847	120	0.0343	0.4198	0.5064	0.0015	0.0012	445.7964	0.4114	
nsga150k8x	WAMS	3014041	120	0.0211	0.4662	0.5059	0.0015	0.0008	204.5991	0.4347	
nsga150k8x	WAMS	3021458	120	0.0211	0.4638	0.5061	0.0014	0.0008	401.5397	0.4441	
nsga150k8x	WAMS	3010431	120	0.0132	0.4959	0.5043	0.0016	0.0008	272.6737	0.3839	
nsga150k8x	WAMS	2997916	120	0.0290	0.3968	0.5064	0.0014	0.0009	257.8400	0.3720	
nsga150k8x	WAMS	3008815	120	0.0079	0.4020	0.4994	0.0020	0.0011	127.0763	0.3458	
nsga150k8x	WAMS	2999072	120	0.0343	0.4105	0.5060	0.0014	0.0008	387.2168	0.3479	
nsga150k8x	WAMS	3022849	120	0.0053	0.4611	0.5015	0.0021	0.0011	164.2944	0.3767	
nsga150k8x	WAMS	3024046	120	0.0264	0.4283	0.5042	0.0019	0.0009	239.9214	0.4419	
nsga150k8x	WAMS	3009519	120	0.0132	0.4426	0.5047	0.0015	0.0010	237.2450	0.4271	
nsga150k8x	WAMS	3004520	120	0.0053	0.3892	0.5025	0.0018	0.0009	404.1616	0.3320	
nsga150k8x	WAMS	3006707	120	0.0132	0.4602	0.5059	0.0016	0.0008	338.8383	0.3733	
nsga150k8x	WAMS	3020034	119	0.0317	0.4438	0.5045	0.0019	0.0011	335.8761	0.4488	
nsga150k8x	WAMS	3009520	120	0.0106	0.4208	0.5031	0.0016	0.0009	212.0539	0.3901	
nsga150k8x	WAMS	3019652	120	0.0369	0.4398	0.5085	0.0014	0.0008	217.0431	0.4364	
nsga150k8x	WAMS	3015825	120	0.0132	0.4266	0.5043	0.0016	0.0012	388.3996	0.4074	
nsga150k8x	WAMS	3005711	120	0.0053	0.4163	0.5011	0.0019	0.0009	474.3530	0.3384	
nsga150k8x	WAMS	3015940	120	0.0053	0.4333	0.5023	0.0017	0.0011	569.1760	0.3587	
nsga150k8x	WAMS	3022591	120	0.0449	0.4901	0.5067	0.0014	0.0014	419.3215	0.4581	
nsga150k8x	WAMS	2550861	120	0.0158	0.4363	0.5024	0.0018	0.0009	533.3184	0.3916	
nsga150k8x	WAMS	2367673	120	0.0264	0.4319	0.5063	0.0015	0.0008	171.3534	0.3698	
nsga150k8x	WAMS	2015705	120	0.0106	0.4338	0.5029	0.0017	0.0010	439.5357	0.3863	
nsga150k8x	WAMS	2012952	120	0.0158	0.4480	0.5016	0.0019	0.0013	457.7008	0.4649	
nsga150k8x	WAMS	2010796	120	0.0106	0.4933	0.5062	0.0014	0.0010	253.4524	0.4417	
nsga150k8x	WAMS	2014378	120	0.0132	0.4424	0.5050	0.0018	0.0009	68.7197	0.3886	
nsga150k8x	WAMS	2010460	120	0.0343	0.4130	0.5068	0.0014	0.0016	371.6511	0.4424	
nsga150k8x	WAMS	2008766	120	0.0211	0.3902	0.5023	0.0018	0.0009	664.8253	0.3327	
nsga150k8x	WAMS	2010730	120	0.0290	0.4320	0.5061	0.0015	0.0008	445.5877	0.3163	
nsga150k8x	WAMS	2012859	120	0.0079	0.4221	0.5031	0.0017	0.0014	387.5957	0.4574	
nsga150k8x	WAMS	2009748	120	0.0211	0.4313	0.5059	0.0016	0.0009	265.5769	0.3087	
nsga150k8x	WAMS	2017484	120	0.0317	0.4766	0.5051	0.0016	0.0011	371.7538	0.4061	
nsga150k8x	WAMS	2022234	120	0.0290	0.4796	0.5016	0.0019	0.0012	543.4391	0.4464	
nsga150k8x	WAMS	2014910	120	0.0185	0.4848	0.5037	0.0019	0.0015	264.1459	0.4963	
nsga150k8x	WAMS	2011868	120	0.0106	0.4783	0.5020	0.0021	0.0010	411.3709	0.4262	
nsga150k8x	WAMS	2010685	120	0.0185	0.3985	0.5044	0.0017	0.0012	426.3584	0.3998	
nsga150k8x	WAMS	2013417	120	0.0422	0.4225	0.5091	0.0013	0.0008	43.0733	0.3927	
nsga150k8x	WAMS	2018875	120	0.0264	0.4599	0.5057	0.0015	0.0010	352.4783	0.4499	
nsga150k8x	WAMS	2012720	120	0.0396	0.4021	0.5040	0.0021	0.0009	174.6643	0.3489	
nsga150k8x	WAMS	2013284	120	0.0290	0.4319	0.5070	0.0015	0.0010	389.7739	0.4061	
nsga150k8x	WAMS	2021974	120	0.0079	0.4623	0.5014	0.0017	0.0015	355.9177	0.4577	
nsga150k8x	WAMS	2012656	120	0.0422	0.4395	0.5074	0.0013	0.0009	530.1670	0.3932	
nsga150k8x	WAMS	2012936	120	0.0106	0.4769	0.5032	0.0017	0.0008	315.9194	0.3256	
nsga150k8x	WAMS	2011647	120	0.0079	0.4218	0.5052	0.0015	0.0012	372.0587	0.4157	
nsga150k8x	WAMS	2011845	120	0.0132	0.4178	0.5032	0.0020	0.0009	203.4249	0.3559	
nsga150k8x	WAMS	2008812	120	0.0211	0.4627	0.5010	0.0023	0.0011	325.7500	0.4256	
nsga150k8x	WAMS	2013640	120	0.0211	0.4713	0.5039	0.0017	0.0009	214.1448	0.4383	
nsga150k8x	WAMS	2044046	120	0.0264	0.4725	0.5025	0.0022	0.0009	3.9000	0.4257	
nsga150k8x	WAMS	2018920	120	0.0106	0.4507	0.5045	0.0016	0.0009	341.2456	0.3686	
nsga150k8x	WMET	1405276	88	0.0108	0.3945	0.5102	0.0021	0.0010	113.5771	0.4279	
nsga150k8x	WMET	1367567	88	0.0244	0.3745	0.5080	0.0021	0.0010	214.3047	0.3679	
nsga150k8x	WMET	1371118	88	0.0190	0.4305	0.5113	0.0017	0.0008	112.8902	0.3766	
nsga150k8x	WMET	1368472	88	0.0108	0.4024	0.5082	0.0024	0.0010	21.6089	0.4137	
nsga150k8x	WMET	1375261	88	0.0108	0.3891	0.5063	0.0024	0.0014	49.7023	0.4586	
nsga150k8x	WMET	1367893	88	0.0325	0.3921	0.5114	0.0018	0.0011	133.6007	0.4462	
nsga150k8x	WMET	1362040	88	0.0407	0.4171	0.5121	0.0021	0.0010	61.4056	0.4570	
nsga150k8x	WMET	1362942	88	0.0352	0.3910	0.5139	0.0017	0.0008	2.7000	0.2901	
nsga150k8x	WMET	1366372	88	0.0434	0.4608	0.5143	0.0017	0.0008	168.6688	0.3358	
nsga150k8x	WMET	1369356	88	0.0136	0.4804	0.5114	0.0020	0.0008	90.6844	0.4208	
nsga150k8x	WMET	1368668	88	0.0352	0.4189	0.5104	0.0020	0.0008	129.2541	0.3592	
nsga150k8x	WMET	1366416	88	0.0190	0.3890	0.5078	0.0024	0.0010	95.2092	0.3628	
nsga150k8x	WMET	1369322	88	0.0379	0.4061	0.5129	0.0018	0.0009	175.8599	0.3590	
nsga150k8x	WMET	1370356	88	0.0108	0.3871	0.5097	0.0018	0.0011	208.9609	0.4247	
nsga150k8x	WMET	1368096	88	0.0136	0.4198	0.5115	0.0020	0.0008	10.4973	0.3860	
nsga150k8x	WMET	1372923	88	0.0244	0.3680	0.5109	0.0020	0.0008	54.7233	0.3872	
nsga150k8x	WMET	1372276	88	0.0108	0.4612	0.5079	0.0024	0.0011	46.7436	0.4534	
nsga150k8x	WMET	1369116	88	0.0298	0.4465	0.5136	0.0017	0.0009	45.4465	0.4755	
nsga150k8x	WMET	1367169	88	0.0081	0.3788	0.5062	0.0025	0.0010	215.7883	0.3512	
nsga150k8x	WMET	1364925	88	0.0054	0.4314	0.5082	0.0020	0.0009	93.5660	0.3946	
nsga150k8x	WMET	1366011	88	0.0461	0.3945	0.5136	0.0015	0.0007	4.9208	0.3294	
nsga150k8x	WMET	1369121	88	0.0190	0.5120	0.5076	0.0027	0.0010	204.5629	0.3787	
nsga150k8x	WMET	1372792	88	0.0163	0.4105	0.5069	0.0027	0.0010	105.3020	0.3914	
nsga150k8x	WMET	1369045	88	0.0271	0.4330	0.5136	0.0014	0.0009	39.5498	0.4046	
nsga150k8x	WMET	1368106	88	0.0163	0.4227	0.5101	0.0022	0.0011	91.1028	0.4487	
nsga150k8x	WMET	1368936	88	0.0163	0.4194	0.5094	0.0022	0.0009	53.3653	0.3749	
nsga150k8x	WMET	1369139	88	0.0108	0.4243	0.5074	0.0021	0.0010	341.7385	0.3901	
nsga150k8x	WMET	1367925	88	0.0108	0.5114	0.5082	0.0028	0.0010	32.0714	0.4219	
nsga150k8x	WMET	1363471	88	0.0271	0.3897	0.5125	0.0021	0.0007	64.8061	0.3069	
nsga150k8x	WMET	1367926	88	0.0244	0.4058	0.5097	0.0024	0.0008	223.2329	0.3517	
nsga150k8x	WMET	1367114	88	0.0163	0.3942	0.5091	0.0023	0.0009	18.9719	0.3099	
nsga150k8x	WMET	1368077	88	0.0379	0.4593	0.5122	0.0020	0.0011	198.5989	0.4725	
nsga150k8x	WMET	1356925	88	0.0108	0.4109	0.5052	0.0025	0.0011	356.2968	0.2451	
nsga150k8x	WMET	1367461	88	0.0190	0.4641	0.5101	0.0018	0.0009	163.1279	0.3768	
nsga150k8x	WMET	1367485	88	0.0136	0.3649	0.5089	0.0021	0.0009	218.5125	0.3661	
nsga150k8x	WMET	1369301	88	0.0081	0.4283	0.5049	0.0026	0.0014	255.9284	0.4655	
nsga150k8x	WMET	1372544	88	0.0108	0.4577	0.5071	0.0025	0.0010	44.0361	0.4547	
nsga150k8x	WMET	1367760	88	0.0163	0.3945	0.5089	0.0023	0.0013	148.5002	0.4707	
nsga150k8x	WMET	1371194	88	0.0217	0.4113	0.5093	0.0022	0.0012	35.8577	0.4610	
nsga150k8x	WMET	1369953	88	0.0136	0.3990	0.5065	0.0023	0.0011	264.0277	0.4272	
nsga150k8x	WMET	1365691	88	0.0081	0.4207	0.5070	0.0030	0.0009	98.2032	0.3369	
nsga150k8x	WMET	1368699	88	0.0163	0.4242	0.5070	0.0023	0.0011	52.6722	0.4426	
nsga150k8x	WMET	1367258	88	0.0163	0.4329	0.5101	0.0023	0.0011	48.3098	0.4536	
nsga150k8x	WMET	1372306	88	0.0244	0.3872	0.5040	0.0033	0.0011	145.7705	0.3904	
nsga150k8x	WMET	1371929	88	0.0163	0.4199	0.5104	0.0020	0.0012	63.7026	0.4096	
nsga150k8x	WMET	1360803	88	0.0136	0.3961	0.5069	0.0024	0.0010	128.9351	0.3689	
nsga150k8x	WMET	1254486	87	0.0190	0.5242	0.5086	0.0029	0.0016	193.2685	0.5229	
nsga150k8x	WMET	1148620	88	0.0190	0.4000	0.5090	0.0022	0.0009	167.2019	0.3529	
nsga150k8x	WMET	1151471	88	0.0325	0.4610	0.5099	0.0022	0.0016	77.2097	0.5221	
nsga150k8x	WMET	1150331	88	0.0163	0.4466	0.5085	0.0024	0.0012	147.9824	0.4530	