config	inst	time	count	best	spr	hv	gd	
nsga50k2x	I0	260784	75	0.0157	0.6258	0.4533	0.0075	
nsga50k2x	I0	192872	67	0.0394	0.6865	0.4729	0.0113	
nsga50k2x	I0	193045	80	0.0000	0.6531	0.4492	0.0073	
nsga50k2x	I0	191555	78	0.0079	0.5898	0.4635	0.0065	
nsga50k2x	I0	193213	76	0.0630	0.6040	0.4808	0.0050	
nsga50k2x	I0	190540	76	0.0079	0.6625	0.4639	0.0069	
nsga50k2x	I0	185911	67	0.0236	0.6292	0.4743	0.0060	
nsga50k2x	I0	187290	75	0.0157	0.7276	0.4591	0.0099	
nsga50k2x	I0	186670	80	0.0000	0.5905	0.4602	0.0060	
nsga50k2x	I0	186438	79	0.0000	0.5486	0.4616	0.0057	
nsga50k2x	I0	187111	70	0.0000	0.6069	0.4583	0.0067	
nsga50k2x	I0	187044	70	0.0157	0.6562	0.4655	0.0063	
nsga50k2x	I0	187732	76	0.0157	0.5853	0.4775	0.0054	
nsga50k2x	I0	186563	73	0.0000	0.5981	0.4583	0.0071	
nsga50k2x	I0	188540	72	0.0000	0.6486	0.4522	0.0072	
nsga50k2x	I0	187031	80	0.0000	0.6962	0.4526	0.0082	
nsga50k2x	I0	186336	80	0.0157	0.7144	0.4574	0.0082	
nsga50k2x	I0	187254	71	0.0236	0.6321	0.4723	0.0073	
nsga50k2x	I0	185683	75	0.0079	0.6103	0.4573	0.0064	
nsga50k2x	I0	187545	71	0.0000	0.6225	0.4588	0.0064	
nsga50k2x	I0	188136	66	0.0236	0.6870	0.4820	0.0068	
nsga50k2x	I0	186314	79	0.0079	0.7171	0.4611	0.0073	
nsga50k2x	I0	187268	65	0.0000	0.5976	0.4642	0.0073	
nsga50k2x	I0	187422	77	0.0079	0.5956	0.4547	0.0093	
nsga50k2x	I0	187688	75	0.0157	0.6022	0.4717	0.0061	
nsga50k2x	I0	187483	80	0.0000	0.6687	0.4623	0.0088	
nsga50k2x	I0	187188	69	0.0000	0.7045	0.4553	0.0094	
nsga50k2x	I0	186735	76	0.0394	0.5325	0.4744	0.0047	
nsga50k2x	I0	186007	68	0.0315	0.6487	0.4702	0.0053	
nsga50k2x	I0	187032	67	0.0236	0.6480	0.4720	0.0056	
nsga50k2x	I0	187306	80	0.0079	0.6333	0.4484	0.0085	
nsga50k2x	I0	186410	70	0.0157	0.5616	0.4770	0.0053	
nsga50k2x	I0	187067	65	0.0394	0.7200	0.4817	0.0055	
nsga50k2x	I0	187427	73	0.0000	0.6708	0.4558	0.0072	
nsga50k2x	I0	186366	67	0.0000	0.6033	0.4611	0.0061	
nsga50k2x	I0	187066	72	0.0000	0.7359	0.4616	0.0086	
nsga50k2x	I0	186358	69	0.0157	0.6776	0.4643	0.0079	
nsga50k2x	I0	187640	65	0.0000	0.6015	0.4600	0.0065	
nsga50k2x	I0	187165	77	0.0000	0.6415	0.4644	0.0066	
nsga50k2x	I0	187199	79	0.0000	0.5406	0.4665	0.0056	
nsga50k2x	I0	187344	74	0.0157	0.7353	0.4640	0.0083	
nsga50k2x	I0	186866	72	0.0236	0.6568	0.4680	0.0057	
nsga50k2x	I0	187857	78	0.0079	0.6758	0.4581	0.0137	
nsga50k2x	I0	186565	80	0.0236	0.5674	0.4657	0.0054	
nsga50k2x	I0	186292	71	0.0079	0.5380	0.4618	0.0074	
nsga50k2x	I0	186863	68	0.0000	0.6112	0.4540	0.0076	
nsga50k2x	I0	186766	80	0.0079	0.6729	0.4654	0.0058	
nsga50k2x	I0	187337	76	0.0000	0.5431	0.4461	0.0077	
nsga50k2x	I0	187099	70	0.0000	0.6589	0.4636	0.0075	
nsga50k2x	I0	186435	69	0.0079	0.6770	0.4684	0.0077	
nsga50k4x	I0	209999	70	0.0000	0.6237	0.4518	0.0082	
nsga50k4x	I0	193757	66	0.0157	0.5863	0.4614	0.0062	
nsga50k4x	I0	194437	70	0.0000	0.6338	0.4589	0.0076	
nsga50k4x	I0	193556	71	0.0079	0.6712	0.4625	0.0077	
nsga50k4x	I0	193567	73	0.0000	0.6112	0.4432	0.0097	
nsga50k4x	I0	188728	72	0.0000	0.6976	0.4445	0.0112	
nsga50k4x	I0	188453	68	0.0079	0.7116	0.4645	0.0107	
nsga50k4x	I0	188304	75	0.0000	0.6201	0.4397	0.0087	
nsga50k4x	I0	188648	59	0.0000	0.7121	0.4541	0.0142	
nsga50k4x	I0	189399	67	0.0000	0.6334	0.4501	0.0087	
nsga50k4x	I0	188929	79	0.0000	0.6484	0.4406	0.0086	
nsga50k4x	I0	188768	63	0.0472	0.6665	0.4709	0.0069	
nsga50k4x	I0	189432	69	0.0079	0.6997	0.4566	0.0091	
nsga50k4x	I0	188807	67	0.0000	0.6607	0.4542	0.0079	
nsga50k4x	I0	189211	64	0.0000	0.5809	0.4559	0.0077	
nsga50k4x	I0	188357	68	0.0000	0.6016	0.4332	0.0093	
nsga50k4x	I0	189002	64	0.0157	0.7341	0.4672	0.0083	
nsga50k4x	I0	188481	75	0.0079	0.7493	0.4642	0.0071	
nsga50k4x	I0	188976	69	0.0079	0.7706	0.4571	0.0134	
nsga50k4x	I0	189140	71	0.0079	0.6056	0.4587	0.0072	
nsga50k4x	I0	187618	66	0.0315	0.6343	0.4639	0.0079	
nsga50k4x	I0	189134	66	0.0079	0.6733	0.4557	0.0088	
nsga50k4x	I0	189055	65	0.0000	0.6763	0.4491	0.0085	
nsga50k4x	I0	207684	65	0.0000	0.6818	0.4543	0.0092	
nsga50k4x	I0	194531	69	0.0000	0.6461	0.4542	0.0084	
nsga50k4x	I0	194346	59	0.0157	0.6279	0.4600	0.0109	
nsga50k4x	I0	194631	63	0.0000	0.6673	0.4526	0.0098	
nsga50k4x	I0	194848	68	0.0000	0.6043	0.4381	0.0093	
nsga50k4x	I0	191855	74	0.0000	0.6390	0.4537	0.0073	
nsga50k4x	I0	189524	66	0.0079	0.6724	0.4544	0.0087	
nsga50k4x	I0	188153	78	0.0000	0.5300	0.4552	0.0066	
nsga50k4x	I0	187682	65	0.0000	0.5745	0.4419	0.0096	
nsga50k4x	I0	188118	69	0.0000	0.6254	0.4387	0.0102	
nsga50k4x	I0	218692	63	0.0000	0.6513	0.4557	0.0078	
nsga50k4x	I0	223333	65	0.0000	0.7421	0.4462	0.0124	
nsga50k4x	I0	212273	69	0.0000	0.7297	0.4400	0.0092	
nsga50k4x	I0	194176	65	0.0000	0.6032	0.4559	0.0074	
nsga50k4x	I0	195705	81	0.0079	0.6148	0.4578	0.0066	
nsga50k4x	I0	193980	83	0.0000	0.6092	0.4504	0.0073	
nsga50k4x	I0	194527	70	0.0315	0.6813	0.4690	0.0083	
nsga50k4x	I0	192888	65	0.0000	0.6016	0.4517	0.0094	
nsga50k4x	I0	190252	70	0.0157	0.6106	0.4627	0.0071	
nsga50k4x	I0	189794	72	0.0000	0.7759	0.4389	0.0122	
nsga50k4x	I0	190310	72	0.0000	0.7373	0.4284	0.0130	
nsga50k4x	I0	190000	76	0.0236	0.6537	0.4691	0.0063	
nsga50k4x	I0	189524	59	0.0236	0.6309	0.4743	0.0080	
nsga50k4x	I0	189379	73	0.0000	0.5867	0.4441	0.0080	
nsga50k4x	I0	190036	81	0.0079	0.6100	0.4574	0.0068	
nsga50k4x	I0	189908	62	0.0000	0.6181	0.4507	0.0084	
nsga50k4x	I0	189779	64	0.0157	0.6262	0.4626	0.0077	
nsga50k8x	I0	306727	58	0.0000	0.5928	0.4384	0.0103	
nsga50k8x	I0	311241	60	0.0000	0.6384	0.4337	0.0101	
nsga50k8x	I0	310202	66	0.0079	0.6665	0.4354	0.0115	
nsga50k8x	I0	311237	67	0.0079	0.6399	0.4311	0.0107	
nsga50k8x	I0	310267	59	0.0000	0.6680	0.4376	0.0107	
nsga50k8x	I0	311778	73	0.0000	0.6316	0.4353	0.0103	
nsga50k8x	I0	312051	69	0.0000	0.6387	0.4297	0.0139	
nsga50k8x	I0	310858	68	0.0000	0.6671	0.4302	0.0110	
nsga50k8x	I0	277078	74	0.0000	0.6484	0.4360	0.0091	
nsga50k8x	I0	197242	65	0.0000	0.5744	0.4394	0.0099	
nsga50k8x	I0	197414	62	0.0000	0.6852	0.4382	0.0120	
nsga50k8x	I0	197883	68	0.0079	0.6071	0.4375	0.0098	
nsga50k8x	I0	197563	58	0.0000	0.5897	0.4459	0.0091	
nsga50k8x	I0	191798	65	0.0000	0.6448	0.4374	0.0101	
nsga50k8x	I0	189028	77	0.0000	0.5753	0.4314	0.0093	
nsga50k8x	I0	189437	66	0.0079	0.6981	0.4334	0.0115	
nsga50k8x	I0	189695	65	0.0000	0.6474	0.4357	0.0095	
nsga50k8x	I0	190003	62	0.0000	0.7664	0.4434	0.0149	
nsga50k8x	I0	189437	64	0.0000	0.5846	0.4461	0.0094	
nsga50k8x	I0	190002	61	0.0000	0.5964	0.4351	0.0113	
nsga50k8x	I0	230796	61	0.0079	0.7034	0.4495	0.0100	
nsga50k8x	I0	269898	60	0.0000	0.6688	0.4412	0.0114	
nsga50k8x	I0	276314	70	0.0079	0.6996	0.4433	0.0093	
nsga50k8x	I0	247021	66	0.0000	0.6441	0.4401	0.0102	
nsga50k8x	I0	197800	64	0.0000	0.6328	0.4290	0.0112	
nsga50k8x	I0	197180	61	0.0079	0.6741	0.4363	0.0122	
nsga50k8x	I0	197126	62	0.0000	0.6284	0.4518	0.0102	
nsga50k8x	I0	198184	67	0.0000	0.7347	0.4500	0.0104	
nsga50k8x	I0	191070	72	0.0000	0.6618	0.4279	0.0100	
nsga50k8x	I0	189158	53	0.0079	0.5472	0.4443	0.0108	
nsga50k8x	I0	189808	55	0.0000	0.5990	0.4446	0.0092	
nsga50k8x	I0	189442	71	0.0079	0.6469	0.4301	0.0098	
nsga50k8x	I0	189626	65	0.0000	0.7888	0.4379	0.0115	
nsga50k8x	I0	189957	62	0.0000	0.7789	0.4394	0.0139	
nsga50k8x	I0	189759	81	0.0000	0.6041	0.4320	0.0091	
nsga50k8x	I0	189771	59	0.0079	0.6456	0.4356	0.0109	
nsga50k8x	I0	189723	62	0.0079	0.6719	0.4447	0.0130	
nsga50k8x	I0	189396	61	0.0000	0.6323	0.4281	0.0120	
nsga50k8x	I0	189217	61	0.0000	0.6692	0.4342	0.0128	
nsga50k8x	I0	189304	67	0.0000	0.6386	0.4244	0.0115	
nsga50k8x	I0	188852	70	0.0000	0.7546	0.4177	0.0120	
nsga50k8x	I0	190705	55	0.0000	0.6567	0.4337	0.0114	
nsga50k8x	I0	189911	59	0.0000	0.6651	0.4278	0.0137	
nsga50k8x	I0	189542	69	0.0000	0.6335	0.4373	0.0096	
nsga50k8x	I0	189491	57	0.0157	0.7984	0.4404	0.0147	
nsga50k8x	I0	189043	65	0.0000	0.6794	0.4305	0.0107	
nsga50k8x	I0	189070	59	0.0000	0.6627	0.4338	0.0110	
nsga50k8x	I0	189725	54	0.0000	0.7324	0.4260	0.0139	
nsga50k8x	I0	189648	62	0.0000	0.7066	0.4335	0.0113	
nsga50k8x	I0	189945	72	0.0079	0.7071	0.4390	0.0123	
nsga50k2x	I1	1098460	88	0.0152	0.6951	0.4602	0.0047	
nsga50k2x	I1	1100129	88	0.0076	0.5988	0.4516	0.0047	
nsga50k2x	I1	1096114	88	0.0227	0.6013	0.4604	0.0046	
nsga50k2x	I1	1098150	115	0.0000	0.5681	0.4474	0.0043	
nsga50k2x	I1	1097285	101	0.0076	0.5588	0.4435	0.0049	
nsga50k2x	I1	1096857	93	0.0379	0.6629	0.4661	0.0043	
nsga50k2x	I1	1095407	95	0.0227	0.6016	0.4458	0.0052	
nsga50k2x	I1	1101591	100	0.0303	0.6966	0.4572	0.0054	
nsga50k2x	I1	1099697	95	0.0227	0.6166	0.4566	0.0041	
nsga50k2x	I1	1092858	87	0.0303	0.5502	0.4590	0.0045	
nsga50k2x	I1	1098637	120	0.0000	0.6222	0.4351	0.0053	
nsga50k2x	I1	1099963	82	0.0227	0.6492	0.4543	0.0058	
nsga50k2x	I1	1095877	100	0.0076	0.7176	0.4516	0.0057	
nsga50k2x	I1	1098877	96	0.0000	0.6511	0.4488	0.0047	
nsga50k2x	I1	1099493	95	0.0076	0.6609	0.4525	0.0050	
nsga50k2x	I1	1099527	94	0.0152	0.6419	0.4507	0.0052	
nsga50k2x	I1	1099130	87	0.0000	0.6009	0.4478	0.0055	
nsga50k2x	I1	1103098	100	0.0076	0.6201	0.4547	0.0042	
nsga50k2x	I1	1097308	108	0.0000	0.6424	0.4424	0.0049	
nsga50k2x	I1	1101456	97	0.0000	0.6101	0.4487	0.0050	
nsga50k2x	I1	1094419	109	0.0076	0.5758	0.4441	0.0049	
nsga50k2x	I1	1097901	88	0.0227	0.6246	0.4484	0.0054	
nsga50k2x	I1	1094957	96	0.0152	0.6097	0.4596	0.0047	
nsga50k2x	I1	1097405	91	0.0076	0.5661	0.4543	0.0046	
nsga50k2x	I1	1098278	83	0.0227	0.6402	0.4526	0.0047	
nsga50k2x	I1	1101191	93	0.0000	0.6344	0.4493	0.0051	
nsga50k2x	I1	1096362	101	0.0076	0.6657	0.4555	0.0048	
nsga50k2x	I1	1095377	96	0.0152	0.6432	0.4505	0.0047	
nsga50k2x	I1	1097014	90	0.0303	0.6718	0.4549	0.0050	
nsga50k2x	I1	1093206	83	0.0076	0.5882	0.4587	0.0049	
nsga50k2x	I1	1099063	97	0.0227	0.5770	0.4518	0.0050	
nsga50k2x	I1	1101036	94	0.0076	0.5858	0.4554	0.0047	
nsga50k2x	I1	1096799	103	0.0000	0.6634	0.4566	0.0047	
nsga50k2x	I1	1285359	82	0.0227	0.6365	0.4582	0.0047	
nsga50k2x	I1	1213972	95	0.0076	0.6116	0.4560	0.0049	
nsga50k2x	I1	1103769	92	0.0000	0.5796	0.4390	0.0055	
nsga50k2x	I1	1110688	86	0.0227	0.6639	0.4561	0.0048	
nsga50k2x	I1	1105700	105	0.0152	0.6720	0.4517	0.0046	
nsga50k2x	I1	1104035	86	0.0379	0.6187	0.4588	0.0048	
nsga50k2x	I1	1105009	93	0.0076	0.5746	0.4545	0.0045	
nsga50k2x	I1	1101761	93	0.0379	0.6318	0.4571	0.0046	
nsga50k2x	I1	1103736	103	0.0076	0.7511	0.4498	0.0058	
nsga50k2x	I1	1105183	91	0.0303	0.5972	0.4568	0.0044	
nsga50k2x	I1	1108797	92	0.0152	0.6203	0.4530	0.0046	
nsga50k2x	I1	1107660	93	0.0076	0.6096	0.4541	0.0051	
nsga50k2x	I1	1108256	102	0.0000	0.5933	0.4489	0.0052	
nsga50k2x	I1	1105925	98	0.0076	0.5773	0.4595	0.0039	
nsga50k2x	I1	1108460	87	0.0227	0.6544	0.4587	0.0044	
nsga50k2x	I1	1109426	94	0.0152	0.6000	0.4585	0.0045	
nsga50k2x	I1	1122209	98	0.0227	0.6685	0.4543	0.0049	
nsga50k4x	I1	1103325	78	0.0076	0.6466	0.4505	0.0053	
nsga50k4x	I1	1351916	76	0.0000	0.6289	0.4439	0.0055	
nsga50k4x	I1	1148462	91	0.0000	0.6219	0.4413	0.0059	
nsga50k4x	I1	1103492	94	0.0076	0.5881	0.4434	0.0055	
nsga50k4x	I1	1108753	83	0.0227	0.5779	0.4502	0.0053	
nsga50k4x	I1	1104175	91	0.0000	0.5793	0.4355	0.0062	
nsga50k4x	I1	1107766	85	0.0000	0.6908	0.4345	0.0067	
nsga50k4x	I1	1107653	99	0.0000	0.6183	0.4469	0.0047	
nsga50k4x	I1	1107392	112	0.0000	0.6135	0.4284	0.0060	
nsga50k4x	I1	1105973	94	0.0000	0.6493	0.4428	0.0057	
nsga50k4x	I1	1105084	96	0.0227	0.6535	0.4487	0.0051	
nsga50k4x	I1	1104269	95	0.0076	0.6980	0.4459	0.0056	
nsga50k4x	I1	1103656	84	0.0152	0.5737	0.4443	0.0062	
nsga50k4x	I1	1109007	100	0.0076	0.7021	0.4367	0.0057	
nsga50k4x	I1	1103899	98	0.0076	0.7156	0.4455	0.0060	
nsga50k4x	I1	1103943	84	0.0000	0.5611	0.4403	0.0063	
nsga50k4x	I1	1107627	85	0.0000	0.6713	0.4462	0.0059	
nsga50k4x	I1	1105773	86	0.0000	0.6541	0.4478	0.0056	
nsga50k4x	I1	1104234	113	0.0000	0.5763	0.4280	0.0059	
nsga50k4x	I1	1105360	97	0.0076	0.6368	0.4370	0.0060	
nsga50k4x	I1	1106414	88	0.0152	0.5938	0.4456	0.0053	
nsga50k4x	I1	1145230	88	0.0000	0.5737	0.4436	0.0055	
nsga50k4x	I1	1388556	91	0.0000	0.6694	0.4429	0.0061	
nsga50k4x	I1	1123013	97	0.0076	0.6468	0.4432	0.0066	
nsga50k4x	I1	1104452	93	0.0000	0.6268	0.4406	0.0059	
nsga50k4x	I1	1104411	92	0.0000	0.6302	0.4358	0.0059	
nsga50k4x	I1	1106513	85	0.0000	0.6641	0.4451	0.0057	
nsga50k4x	I1	1104420	89	0.0000	0.6688	0.4438	0.0058	
nsga50k4x	I1	1107568	85	0.0152	0.6505	0.4517	0.0053	
nsga50k4x	I1	1103944	96	0.0000	0.6455	0.4386	0.0059	
nsga50k4x	I1	1105679	82	0.0000	0.6192	0.4505	0.0055	
nsga50k4x	I1	1105549	90	0.0000	0.6073	0.4367	0.0062	
nsga50k4x	I1	1104745	82	0.0076	0.5975	0.4481	0.0061	
nsga50k4x	I1	1104864	85	0.0000	0.7059	0.4365	0.0071	
nsga50k4x	I1	1103830	91	0.0076	0.6152	0.4368	0.0056	
nsga50k4x	I1	1102904	93	0.0076	0.7065	0.4440	0.0062	
nsga50k4x	I1	1108566	79	0.0000	0.6765	0.4394	0.0065	
nsga50k4x	I1	1103960	83	0.0076	0.6019	0.4452	0.0057	
nsga50k4x	I1	1105488	82	0.0000	0.5443	0.4439	0.0054	
nsga50k4x	I1	1107001	101	0.0076	0.6585	0.4464	0.0056	
nsga50k4x	I1	1108774	95	0.0000	0.6182	0.4375	0.0058	
nsga50k4x	I1	1104783	83	0.0076	0.5758	0.4407	0.0061	
nsga50k4x	I1	1103174	95	0.0000	0.5291	0.4381	0.0059	
nsga50k4x	I1	1106372	92	0.0000	0.6207	0.4393	0.0060	
nsga50k4x	I1	1104566	89	0.0076	0.5982	0.4523	0.0052	
nsga50k4x	I1	1104748	83	0.0000	0.5840	0.4456	0.0056	
nsga50k4x	I1	1107819	103	0.0076	0.6616	0.4455	0.0060	
nsga50k4x	I1	1106544	96	0.0000	0.5593	0.4394	0.0057	
nsga50k4x	I1	1107818	83	0.0000	0.6515	0.4417	0.0063	
nsga50k4x	I1	1118380	91	0.0076	0.6620	0.4425	0.0055	
nsga50k8x	I1	1115827	106	0.0000	0.6130	0.4196	0.0072	
nsga50k8x	I1	1114905	81	0.0000	0.7124	0.4267	0.0078	
nsga50k8x	I1	1115514	93	0.0000	0.5890	0.4259	0.0073	
nsga50k8x	I1	1113334	74	0.0000	0.6309	0.4281	0.0074	
nsga50k8x	I1	1114938	80	0.0000	0.6265	0.4268	0.0076	
nsga50k8x	I1	1117390	85	0.0000	0.6983	0.4188	0.0082	
nsga50k8x	I1	1114392	78	0.0000	0.6801	0.4304	0.0075	
nsga50k8x	I1	1116082	93	0.0000	0.6281	0.4269	0.0074	
nsga50k8x	I1	1114152	86	0.0000	0.6377	0.4204	0.0076	
nsga50k8x	I1	1114844	84	0.0000	0.5724	0.4202	0.0080	
nsga50k8x	I1	1113866	92	0.0000	0.6500	0.4252	0.0071	
nsga50k8x	I1	1115329	74	0.0000	0.6774	0.4245	0.0082	
nsga50k8x	I1	1115494	81	0.0000	0.5467	0.4253	0.0071	
nsga50k8x	I1	1117137	89	0.0000	0.6264	0.4184	0.0081	
nsga50k8x	I1	1229453	82	0.0152	0.7327	0.4364	0.0074	
nsga50k8x	I1	1116074	80	0.0000	0.6552	0.4282	0.0077	
nsga50k8x	I1	1115736	89	0.0000	0.6614	0.4314	0.0074	
nsga50k8x	I1	1113743	75	0.0000	0.5441	0.4304	0.0077	
nsga50k8x	I1	1114264	80	0.0076	0.6889	0.4252	0.0087	
nsga50k8x	I1	1114366	86	0.0000	0.5900	0.4189	0.0075	
nsga50k8x	I1	1114744	73	0.0076	0.7759	0.4294	0.0094	
nsga50k8x	I1	1115268	78	0.0000	0.6272	0.4191	0.0079	
nsga50k8x	I1	1113317	76	0.0152	0.6420	0.4375	0.0085	
nsga50k8x	I1	1113464	76	0.0076	0.5746	0.4278	0.0081	
nsga50k8x	I1	1113021	76	0.0000	0.6340	0.4312	0.0078	
nsga50k8x	I1	1114536	80	0.0000	0.6576	0.4296	0.0072	
nsga50k8x	I1	1113727	59	0.0000	0.5030	0.4339	0.0077	
nsga50k8x	I1	1113024	78	0.0000	0.5694	0.4320	0.0071	
nsga50k8x	I1	1110973	78	0.0000	0.5938	0.4286	0.0076	
nsga50k8x	I1	1114804	98	0.0000	0.6932	0.4212	0.0079	
nsga50k8x	I1	1113393	77	0.0000	0.5812	0.4218	0.0078	
nsga50k8x	I1	1113907	63	0.0000	0.5801	0.4401	0.0068	
nsga50k8x	I1	1112202	86	0.0000	0.6082	0.4302	0.0071	
nsga50k8x	I1	1111666	92	0.0000	0.7117	0.4290	0.0073	
nsga50k8x	I1	1114244	72	0.0152	0.7000	0.4307	0.0091	
nsga50k8x	I1	1112700	74	0.0076	0.5944	0.4207	0.0090	
nsga50k8x	I1	1114014	81	0.0000	0.6555	0.4287	0.0077	
nsga50k8x	I1	1116975	73	0.0000	0.6519	0.4329	0.0077	
nsga50k8x	I1	1113601	80	0.0000	0.5997	0.4239	0.0080	
nsga50k8x	I1	1113749	84	0.0000	0.6106	0.4272	0.0073	
nsga50k8x	I1	1114821	67	0.0076	0.7084	0.4337	0.0078	
nsga50k8x	I1	1111563	86	0.0000	0.5861	0.4240	0.0074	
nsga50k8x	I1	1113560	100	0.0000	0.6099	0.4175	0.0075	
nsga50k8x	I1	1113395	87	0.0000	0.6596	0.4237	0.0076	
nsga50k8x	I1	1112444	95	0.0000	0.6198	0.4179	0.0076	
nsga50k8x	I1	1114470	84	0.0000	0.5910	0.4321	0.0076	
nsga50k8x	I1	1115651	88	0.0000	0.7044	0.4085	0.0093	
nsga50k8x	I1	1117507	92	0.0000	0.6928	0.4179	0.0078	
nsga50k8x	I1	1113814	78	0.0000	0.6717	0.4291	0.0076	
nsga50k8x	I1	1130515	93	0.0000	0.6916	0.4145	0.0085	
nsga50k2x	I2	1365834	61	0.0211	0.6890	0.5523	0.0091	
nsga50k2x	I2	1266060	51	0.0421	0.6919	0.5672	0.0086	
nsga50k2x	I2	1268851	52	0.0105	0.6407	0.5542	0.0089	
nsga50k2x	I2	1269164	45	0.0105	0.6926	0.5830	0.0074	
nsga50k2x	I2	1268429	50	0.0632	0.7961	0.5780	0.0081	
nsga50k2x	I2	1267914	56	0.0211	0.6439	0.5854	0.0059	
nsga50k2x	I2	1267804	72	0.0000	0.7160	0.5263	0.0091	
nsga50k2x	I2	1268293	63	0.0105	0.7202	0.5756	0.0067	
nsga50k2x	I2	1267764	60	0.0105	0.6774	0.5781	0.0077	
nsga50k2x	I2	1263624	52	0.0000	0.7609	0.5489	0.0104	
nsga50k2x	I2	1265095	47	0.0105	0.6263	0.5625	0.0087	
nsga50k2x	I2	1269179	54	0.0105	0.6390	0.5418	0.0084	
nsga50k2x	I2	1263979	51	0.0000	0.7081	0.5690	0.0075	
nsga50k2x	I2	1265675	56	0.0000	0.6902	0.5487	0.0091	
nsga50k2x	I2	1266611	61	0.0000	0.7658	0.5610	0.0081	
nsga50k2x	I2	1265350	53	0.0105	0.6894	0.5451	0.0088	
nsga50k2x	I2	1264199	50	0.0211	0.6790	0.5526	0.0089	
nsga50k2x	I2	1264994	47	0.0105	0.7199	0.5659	0.0080	
nsga50k2x	I2	1265156	55	0.0000	0.7187	0.5531	0.0087	
nsga50k2x	I2	1265505	53	0.0316	0.7070	0.5703	0.0076	
nsga50k2x	I2	1265362	51	0.0316	0.7776	0.5706	0.0079	
nsga50k2x	I2	1263516	54	0.0105	0.8068	0.5655	0.0077	
nsga50k2x	I2	1266423	61	0.0105	0.6209	0.5493	0.0089	
nsga50k2x	I2	1265186	47	0.0000	0.6556	0.5503	0.0097	
nsga50k2x	I2	1267084	59	0.0211	0.6562	0.5752	0.0075	
nsga50k2x	I2	1263880	67	0.0000	0.7502	0.5666	0.0082	
nsga50k2x	I2	1267132	68	0.0000	0.7067	0.5389	0.0089	
nsga50k2x	I2	1268118	58	0.0316	0.7057	0.5641	0.0077	
nsga50k2x	I2	1265644	54	0.0000	0.6228	0.5590	0.0075	
nsga50k2x	I2	1264805	58	0.0526	0.7069	0.5761	0.0082	
nsga50k2x	I2	1263826	62	0.0105	0.6656	0.5570	0.0078	
nsga50k2x	I2	1268177	55	0.0421	0.6264	0.5612	0.0089	
nsga50k2x	I2	1264813	60	0.0211	0.6293	0.5664	0.0076	
nsga50k2x	I2	1265068	56	0.0000	0.6931	0.5322	0.0089	
nsga50k2x	I2	1262728	62	0.0105	0.6256	0.5319	0.0102	
nsga50k2x	I2	1267144	58	0.0105	0.6723	0.5713	0.0069	
nsga50k2x	I2	1508470	55	0.0000	0.7534	0.5479	0.0080	
nsga50k2x	I2	1323884	51	0.0105	0.7537	0.5660	0.0082	
nsga50k2x	I2	1271455	63	0.0105	0.7669	0.5620	0.0086	
nsga50k2x	I2	1270622	53	0.0000	0.6982	0.5664	0.0075	
nsga50k2x	I2	1270624	57	0.0105	0.6914	0.5482	0.0094	
nsga50k2x	I2	1270222	54	0.0211	0.7608	0.5780	0.0082	
nsga50k2x	I2	1273894	50	0.0105	0.7256	0.5590	0.0072	
nsga50k2x	I2	1271576	46	0.0316	0.7601	0.5798	0.0088	
nsga50k2x	I2	1274127	58	0.0000	0.7487	0.5565	0.0082	
nsga50k2x	I2	1271256	56	0.0105	0.7069	0.5535	0.0092	
nsga50k2x	I2	1270708	56	0.0105	0.8063	0.5826	0.0070	
nsga50k2x	I2	1272421	58	0.0421	0.7604	0.5835	0.0071	
nsga50k2x	I2	1272197	52	0.0316	0.7059	0.5903	0.0075	
nsga50k2x	I2	1268970	57	0.0000	0.7197	0.5662	0.0080	
nsga50k4x	I2	1316223	59	0.0000	0.7788	0.5397	0.0098	
nsga50k4x	I2	1274010	49	0.0000	0.7544	0.5333	0.0125	
nsga50k4x	I2	1273546	61	0.0000	0.7634	0.5211	0.0107	
nsga50k4x	I2	1309140	56	0.0105	0.7084	0.5498	0.0083	
nsga50k4x	I2	1304838	49	0.0105	0.7429	0.5384	0.0103	
nsga50k4x	I2	1366359	54	0.0105	0.7115	0.5462	0.0106	
nsga50k4x	I2	1279461	54	0.0000	0.7834	0.5291	0.0117	
nsga50k4x	I2	1273788	58	0.0000	0.6966	0.5485	0.0096	
nsga50k4x	I2	1448950	46	0.0000	0.7087	0.5401	0.0104	
nsga50k4x	I2	1378322	52	0.0000	0.7453	0.5510	0.0111	
nsga50k4x	I2	1267975	35	0.0211	0.7495	0.5607	0.0099	
nsga50k4x	I2	1267914	57	0.0000	0.7215	0.5232	0.0121	
nsga50k4x	I2	1268529	53	0.0000	0.7171	0.5395	0.0107	
nsga50k4x	I2	1265916	56	0.0105	0.7213	0.5549	0.0094	
nsga50k4x	I2	1270291	48	0.0105	0.7150	0.5396	0.0106	
nsga50k4x	I2	1267328	56	0.0000	0.6168	0.5439	0.0092	
nsga50k4x	I2	1269584	50	0.0000	0.6808	0.5252	0.0102	
nsga50k4x	I2	1269922	50	0.0000	0.7393	0.5553	0.0097	
nsga50k4x	I2	1270571	53	0.0000	0.7042	0.5447	0.0107	
nsga50k4x	I2	1269632	46	0.0000	0.6948	0.5404	0.0107	
nsga50k4x	I2	1267902	42	0.0000	0.6801	0.5546	0.0106	
nsga50k4x	I2	1271456	43	0.0105	0.7138	0.5355	0.0102	
nsga50k4x	I2	1270421	51	0.0000	0.7493	0.5415	0.0113	
nsga50k4x	I2	1266614	54	0.0105	0.5700	0.5436	0.0106	
nsga50k4x	I2	1266921	50	0.0105	0.7930	0.5631	0.0100	
nsga50k4x	I2	1266826	53	0.0211	0.7803	0.5866	0.0111	
nsga50k4x	I2	1455108	51	0.0000	0.7346	0.5350	0.0096	
nsga50k4x	I2	1427855	65	0.0000	0.7959	0.5343	0.0105	
nsga50k4x	I2	1270888	48	0.0000	0.6707	0.5536	0.0106	
nsga50k4x	I2	1270086	62	0.0000	0.7069	0.5391	0.0105	
nsga50k4x	I2	1269474	55	0.0000	0.6540	0.5394	0.0103	
nsga50k4x	I2	1267329	69	0.0000	0.7149	0.5246	0.0099	
nsga50k4x	I2	1267867	48	0.0000	0.6936	0.5585	0.0096	
nsga50k4x	I2	1265523	48	0.0000	0.6959	0.5264	0.0104	
nsga50k4x	I2	1270026	46	0.0105	0.7128	0.5498	0.0108	
nsga50k4x	I2	1264882	54	0.0105	0.7577	0.5513	0.0096	
nsga50k4x	I2	1268536	52	0.0000	0.6963	0.5392	0.0092	
nsga50k4x	I2	1269129	59	0.0000	0.8183	0.5397	0.0115	
nsga50k4x	I2	1268803	57	0.0000	0.6820	0.5371	0.0095	
nsga50k4x	I2	1267266	50	0.0000	0.6816	0.5345	0.0095	
nsga50k4x	I2	1268479	62	0.0000	0.6915	0.5296	0.0104	
nsga50k4x	I2	1268204	47	0.0211	0.6809	0.5409	0.0105	
nsga50k4x	I2	1266761	46	0.0211	0.6807	0.5448	0.0118	
nsga50k4x	I2	1266979	52	0.0000	0.5526	0.5326	0.0108	
nsga50k4x	I2	1269128	47	0.0105	0.6369	0.5499	0.0095	
nsga50k4x	I2	1268337	58	0.0000	0.7334	0.5380	0.0099	
nsga50k4x	I2	1267694	43	0.0000	0.7059	0.5667	0.0086	
nsga50k4x	I2	1265188	49	0.0000	0.7273	0.5585	0.0103	
nsga50k4x	I2	1267669	56	0.0105	0.8468	0.5487	0.0100	
nsga50k4x	I2	1269503	49	0.0000	0.7012	0.5518	0.0099	
nsga50k8x	I2	2099263	47	0.0000	0.7276	0.5068	0.0132	
nsga50k8x	I2	1567169	46	0.0000	0.6952	0.4944	0.0146	
nsga50k8x	I2	1304451	44	0.0000	0.7546	0.5250	0.0143	
nsga50k8x	I2	1588120	35	0.0000	0.6207	0.5361	0.0146	
nsga50k8x	I2	1308953	46	0.0000	0.7548	0.5020	0.0147	
nsga50k8x	I2	1301529	47	0.0000	0.7537	0.5159	0.0140	
nsga50k8x	I2	1303616	50	0.0000	0.7590	0.5267	0.0141	
nsga50k8x	I2	1289483	52	0.0000	0.5817	0.5009	0.0143	
nsga50k8x	I2	1286719	42	0.0211	0.7084	0.5232	0.0140	
nsga50k8x	I2	1281850	45	0.0000	0.7162	0.5360	0.0122	
nsga50k8x	I2	1284602	41	0.0105	0.7251	0.5170	0.0166	
nsga50k8x	I2	1284372	42	0.0000	0.7611	0.5005	0.0157	
nsga50k8x	I2	1284379	46	0.0000	0.7679	0.5327	0.0150	
nsga50k8x	I2	1285194	39	0.0000	0.6504	0.5039	0.0157	
nsga50k8x	I2	1282460	50	0.0000	0.7170	0.4908	0.0143	
nsga50k8x	I2	1283987	42	0.0000	0.6541	0.5042	0.0146	
nsga50k8x	I2	1283488	46	0.0000	0.6241	0.5105	0.0140	
nsga50k8x	I2	1285006	54	0.0000	0.8372	0.5223	0.0132	
nsga50k8x	I2	1282662	44	0.0105	0.5940	0.5213	0.0143	
nsga50k8x	I2	1379980	52	0.0000	0.6610	0.5125	0.0128	
nsga50k8x	I2	1302689	52	0.0000	0.6471	0.5007	0.0135	
nsga50k8x	I2	1283627	48	0.0000	0.7271	0.4978	0.0148	
nsga50k8x	I2	1282923	41	0.0000	0.7296	0.5196	0.0153	
nsga50k8x	I2	1282903	53	0.0000	0.6764	0.5012	0.0136	
nsga50k8x	I2	1282202	47	0.0000	0.8545	0.5151	0.0171	
nsga50k8x	I2	1283931	48	0.0000	0.6835	0.5062	0.0142	
nsga50k8x	I2	1283927	50	0.0000	0.6883	0.5491	0.0124	
nsga50k8x	I2	1282857	57	0.0105	0.7461	0.5133	0.0134	
nsga50k8x	I2	1282661	47	0.0000	0.7005	0.5195	0.0140	
nsga50k8x	I2	1281882	45	0.0000	0.6922	0.5077	0.0144	
nsga50k8x	I2	1284133	46	0.0000	0.6921	0.5389	0.0134	
nsga50k8x	I2	1283058	41	0.0105	0.7352	0.5142	0.0142	
nsga50k8x	I2	1283446	48	0.0000	0.7702	0.5312	0.0142	
nsga50k8x	I2	1281200	52	0.0000	0.6858	0.5153	0.0131	
nsga50k8x	I2	1283018	43	0.0000	0.6636	0.5306	0.0137	
nsga50k8x	I2	1282670	45	0.0000	0.7109	0.5032	0.0138	
nsga50k8x	I2	1282173	45	0.0000	0.8258	0.4933	0.0151	
nsga50k8x	I2	1282348	51	0.0000	0.7461	0.5038	0.0151	
nsga50k8x	I2	1284198	51	0.0000	0.7233	0.5002	0.0132	
nsga50k8x	I2	1279797	45	0.0000	0.6315	0.4915	0.0143	
nsga50k8x	I2	1281182	46	0.0000	0.6790	0.5130	0.0150	
nsga50k8x	I2	1280271	49	0.0000	0.7517	0.5076	0.0130	
nsga50k8x	I2	1284605	47	0.0000	0.7903	0.5207	0.0149	
nsga50k8x	I2	1281852	50	0.0000	0.7595	0.5146	0.0137	
nsga50k8x	I2	1284216	53	0.0000	0.7671	0.5099	0.0136	
nsga50k8x	I2	1283862	44	0.0000	0.6763	0.5191	0.0145	
nsga50k8x	I2	1282670	44	0.0000	0.6469	0.5243	0.0132	
nsga50k8x	I2	1283469	47	0.0000	0.7280	0.5309	0.0133	
nsga50k8x	I2	1284064	46	0.0000	0.6945	0.5169	0.0137	
nsga50k8x	I2	1280617	41	0.0000	0.8200	0.4960	0.0182	
nsga50k2x	I3	1216641	74	0.0080	0.6358	0.4382	0.0125	
nsga50k2x	I3	1223916	71	0.0240	0.7512	0.4260	0.0139	
nsga50k2x	I3	1222287	72	0.0160	0.5842	0.4279	0.0106	
nsga50k2x	I3	1226697	69	0.0080	0.9553	0.4328	0.0293	
nsga50k2x	I3	1219850	72	0.0080	0.6160	0.4230	0.0105	
nsga50k2x	I3	1220552	54	0.0240	0.6250	0.4600	0.0091	
nsga50k2x	I3	1228608	68	0.0160	0.7143	0.4519	0.0121	
nsga50k2x	I3	1220206	82	0.0000	0.9496	0.4147	0.0239	
nsga50k2x	I3	1219786	77	0.0080	0.6808	0.4213	0.0118	
nsga50k2x	I3	1225220	79	0.0240	0.6105	0.4489	0.0085	
nsga50k2x	I3	1226959	77	0.0240	0.5750	0.4505	0.0088	
nsga50k2x	I3	1225575	82	0.0080	0.6630	0.4395	0.0084	
nsga50k2x	I3	1225697	76	0.0080	0.8073	0.4297	0.0202	
nsga50k2x	I3	1210077	76	0.0000	0.8498	0.4078	0.0247	
nsga50k2x	I3	1222080	84	0.0080	0.6781	0.4150	0.0118	
nsga50k2x	I3	1222795	76	0.0000	0.7033	0.4278	0.0133	
nsga50k2x	I3	1217178	72	0.0000	0.5748	0.4187	0.0111	
nsga50k2x	I3	1217600	67	0.0160	0.6422	0.4422	0.0104	
nsga50k2x	I3	1225601	63	0.0080	0.6813	0.4322	0.0106	
nsga50k2x	I3	1222009	65	0.0160	0.8485	0.4399	0.0202	
nsga50k2x	I3	1227963	69	0.0160	0.6424	0.4558	0.0112	
nsga50k2x	I3	1227794	79	0.0080	0.6897	0.4392	0.0092	
nsga50k2x	I3	1223116	81	0.0000	0.6792	0.4087	0.0129	
nsga50k2x	I3	1227007	62	0.0400	0.7427	0.4533	0.0092	
nsga50k2x	I3	1222107	68	0.0080	0.6382	0.4363	0.0097	
nsga50k2x	I3	1232588	63	0.0240	0.7681	0.4446	0.0146	
nsga50k2x	I3	1224159	67	0.0000	0.6468	0.4338	0.0123	
nsga50k2x	I3	1233019	63	0.0320	0.7343	0.4461	0.0172	
nsga50k2x	I3	1145147	56	0.0400	0.6685	0.4696	0.0086	
nsga50k2x	I3	745821	62	0.0240	0.6916	0.4544	0.0128	
nsga50k2x	I3	749805	75	0.0000	0.6431	0.4295	0.0103	
nsga50k2x	I3	748079	77	0.0000	0.6173	0.4394	0.0091	
nsga50k2x	I3	748496	65	0.0080	0.6149	0.4129	0.0124	
nsga50k2x	I3	756407	62	0.0240	0.7401	0.4479	0.0143	
nsga50k2x	I3	751614	70	0.0320	0.6567	0.4509	0.0111	
nsga50k2x	I3	752142	68	0.0000	0.6938	0.4282	0.0117	
nsga50k2x	I3	747995	69	0.0240	0.6418	0.4424	0.0103	
nsga50k2x	I3	745005	65	0.0240	0.7154	0.4496	0.0117	
nsga50k2x	I3	747281	77	0.0000	0.6802	0.4189	0.0111	
nsga50k2x	I3	750805	63	0.0160	0.7069	0.4126	0.0152	
nsga50k2x	I3	745419	68	0.0160	0.5146	0.4282	0.0093	
nsga50k2x	I3	750721	72	0.0080	0.6266	0.4381	0.0095	
nsga50k2x	I3	757079	64	0.0240	0.6489	0.4293	0.0188	
nsga50k2x	I3	750131	74	0.0080	0.7851	0.4255	0.0170	
nsga50k2x	I3	749381	59	0.0080	0.6683	0.4534	0.0097	
nsga50k2x	I3	750029	65	0.0240	0.6577	0.4512	0.0094	
nsga50k2x	I3	746973	54	0.0320	0.6574	0.4436	0.0126	
nsga50k2x	I3	749123	61	0.0160	0.6108	0.4413	0.0120	
nsga50k2x	I3	750252	74	0.0240	0.7202	0.4504	0.0108	
nsga50k2x	I3	747584	60	0.0080	0.5797	0.4489	0.0095	
nsga50k4x	I3	1213467	53	0.0080	0.7594	0.4305	0.0193	
nsga50k4x	I3	1229063	60	0.0000	0.6877	0.4087	0.0141	
nsga50k4x	I3	1236821	76	0.0080	0.6949	0.4228	0.0164	
nsga50k4x	I3	1228841	55	0.0160	0.9140	0.4453	0.0434	
nsga50k4x	I3	1227158	53	0.0240	0.7037	0.4285	0.0151	
nsga50k4x	I3	1232669	55	0.0160	0.6782	0.4233	0.0162	
nsga50k4x	I3	1225694	64	0.0000	0.6910	0.4073	0.0150	
nsga50k4x	I3	1229686	60	0.0080	0.7610	0.4221	0.0168	
nsga50k4x	I3	1226452	59	0.0000	0.6877	0.4194	0.0146	
nsga50k4x	I3	1229793	72	0.0000	0.6427	0.3976	0.0145	
nsga50k4x	I3	1228919	68	0.0000	0.6993	0.4077	0.0144	
nsga50k4x	I3	1231034	77	0.0000	0.6689	0.3980	0.0140	
nsga50k4x	I3	1219077	64	0.0000	0.6080	0.3955	0.0151	
nsga50k4x	I3	1226053	59	0.0080	0.5643	0.4159	0.0134	
nsga50k4x	I3	1226828	67	0.0000	0.6504	0.4148	0.0136	
nsga50k4x	I3	1231175	64	0.0000	0.8149	0.4140	0.0183	
nsga50k4x	I3	1232104	57	0.0080	0.6168	0.4115	0.0148	
nsga50k4x	I3	1222442	74	0.0000	0.6854	0.3921	0.0188	
nsga50k4x	I3	1224347	73	0.0000	0.7136	0.3981	0.0154	
nsga50k4x	I3	1229747	67	0.0000	0.5715	0.4050	0.0142	
nsga50k4x	I3	1223286	62	0.0000	0.6336	0.3962	0.0155	
nsga50k4x	I3	1225528	62	0.0000	0.7605	0.4176	0.0240	
nsga50k4x	I3	1223407	70	0.0000	0.8228	0.4201	0.0196	
nsga50k4x	I3	1224384	59	0.0000	0.8074	0.4220	0.0183	
nsga50k4x	I3	1223832	62	0.0000	0.7929	0.4093	0.0302	
nsga50k4x	I3	1219562	63	0.0000	0.6109	0.4063	0.0144	
nsga50k4x	I3	1225069	60	0.0160	0.6229	0.4322	0.0139	
nsga50k4x	I3	1223128	63	0.0160	0.6475	0.4310	0.0118	
nsga50k4x	I3	1185269	56	0.0080	0.6240	0.4059	0.0147	
nsga50k4x	I3	783583	64	0.0080	0.6540	0.4083	0.0161	
nsga50k4x	I3	762847	78	0.0000	0.6997	0.3937	0.0180	
nsga50k4x	I3	762345	54	0.0000	0.6613	0.4167	0.0158	
nsga50k4x	I3	764945	65	0.0000	0.7353	0.4102	0.0245	
nsga50k4x	I3	760042	64	0.0080	0.7168	0.4092	0.0142	
nsga50k4x	I3	762943	53	0.0000	0.6235	0.4138	0.0132	
nsga50k4x	I3	764851	58	0.0160	0.9834	0.4233	0.0406	
nsga50k4x	I3	763558	53	0.0080	0.7374	0.4205	0.0171	
nsga50k4x	I3	759972	62	0.0080	0.6419	0.4367	0.0128	
nsga50k4x	I3	760643	49	0.0160	0.8020	0.4249	0.0259	
nsga50k4x	I3	760001	59	0.0000	0.9302	0.4105	0.0366	
nsga50k4x	I3	760912	59	0.0080	0.6562	0.4306	0.0136	
nsga50k4x	I3	761862	64	0.0080	0.7139	0.4174	0.0142	
nsga50k4x	I3	763000	70	0.0000	0.6934	0.4015	0.0136	
nsga50k4x	I3	761751	56	0.0160	0.6978	0.4162	0.0154	
nsga50k4x	I3	765302	80	0.0080	0.7707	0.4158	0.0147	
nsga50k4x	I3	759826	63	0.0000	0.5985	0.4160	0.0142	
nsga50k4x	I3	762744	62	0.0000	0.7199	0.4043	0.0198	
nsga50k4x	I3	765500	62	0.0000	0.6804	0.3993	0.0157	
nsga50k4x	I3	764982	63	0.0080	0.7059	0.4059	0.0136	
nsga50k4x	I3	765376	66	0.0000	0.5680	0.3984	0.0139	
nsga50k8x	I3	1247321	53	0.0000	0.6390	0.3977	0.0191	
nsga50k8x	I3	1242047	59	0.0000	0.7465	0.3656	0.0234	
nsga50k8x	I3	1245935	60	0.0000	0.6270	0.3737	0.0211	
nsga50k8x	I3	1243826	52	0.0000	0.8265	0.3700	0.0390	
nsga50k8x	I3	1244544	62	0.0000	0.5398	0.3661	0.0192	
nsga50k8x	I3	1250783	59	0.0000	0.8192	0.3856	0.0271	
nsga50k8x	I3	1242593	46	0.0080	0.7113	0.3953	0.0221	
nsga50k8x	I3	1250857	49	0.0000	0.6093	0.4004	0.0182	
nsga50k8x	I3	1245242	58	0.0000	0.6246	0.3750	0.0207	
nsga50k8x	I3	1247673	52	0.0000	0.7104	0.3805	0.0213	
nsga50k8x	I3	1438812	53	0.0080	0.7672	0.3849	0.0231	
nsga50k8x	I3	1266498	54	0.0000	0.5856	0.3707	0.0207	
nsga50k8x	I3	1248741	50	0.0000	0.6673	0.3948	0.0202	
nsga50k8x	I3	1246999	59	0.0000	0.6974	0.3876	0.0193	
nsga50k8x	I3	1239713	60	0.0000	0.7198	0.3699	0.0200	
nsga50k8x	I3	1248291	51	0.0000	0.6412	0.3764	0.0224	
nsga50k8x	I3	1245029	58	0.0000	0.6313	0.3766	0.0192	
nsga50k8x	I3	1242737	70	0.0000	0.6799	0.3679	0.0206	
nsga50k8x	I3	1244368	61	0.0000	0.5630	0.3820	0.0163	
nsga50k8x	I3	1242454	50	0.0000	0.8684	0.3933	0.0278	
nsga50k8x	I3	1254198	57	0.0000	0.8396	0.3892	0.0259	
nsga50k8x	I3	1259700	46	0.0000	0.6573	0.3948	0.0206	
nsga50k8x	I3	1256808	62	0.0000	0.7623	0.3858	0.0238	
nsga50k8x	I3	1251469	68	0.0000	0.7211	0.3995	0.0188	
nsga50k8x	I3	1257148	56	0.0000	0.6635	0.3783	0.0203	
nsga50k8x	I3	1258170	55	0.0080	0.6400	0.3713	0.0206	
nsga50k8x	I3	1257707	58	0.0000	0.7205	0.3819	0.0194	
nsga50k8x	I3	1252110	62	0.0000	0.6947	0.3655	0.0205	
nsga50k8x	I3	1171612	50	0.0000	0.6830	0.3903	0.0208	
nsga50k8x	I3	1098081	48	0.0000	0.6868	0.3898	0.0268	
nsga50k8x	I3	1102047	70	0.0000	0.8738	0.3770	0.0330	
nsga50k8x	I3	1127494	58	0.0000	0.6557	0.3715	0.0204	
nsga50k8x	I3	1160536	55	0.0080	0.9054	0.3915	0.0347	
nsga50k8x	I3	1095110	63	0.0000	0.7820	0.3699	0.0239	
nsga50k8x	I3	1103637	53	0.0000	0.6112	0.3702	0.0214	
nsga50k8x	I3	1104084	59	0.0000	0.6347	0.3925	0.0170	
nsga50k8x	I3	1102342	59	0.0000	0.6727	0.3855	0.0191	
nsga50k8x	I3	1101061	58	0.0000	0.6439	0.3907	0.0191	
nsga50k8x	I3	1101412	49	0.0000	0.6456	0.4000	0.0178	
nsga50k8x	I3	1100582	56	0.0080	0.6665	0.3838	0.0181	
nsga50k8x	I3	1100304	59	0.0000	0.6215	0.3723	0.0188	
nsga50k8x	I3	1099436	61	0.0000	0.7189	0.3765	0.0184	
nsga50k8x	I3	1097952	61	0.0000	0.6725	0.3760	0.0187	
nsga50k8x	I3	1099042	52	0.0000	0.6425	0.3944	0.0184	
nsga50k8x	I3	1102334	57	0.0000	0.7469	0.3965	0.0231	
nsga50k8x	I3	1105430	62	0.0000	0.8081	0.3705	0.0300	
nsga50k8x	I3	1099611	66	0.0000	0.7479	0.3895	0.0203	
nsga50k8x	I3	1102445	52	0.0000	0.8816	0.4007	0.0371	
nsga50k8x	I3	1100061	55	0.0000	0.6291	0.3682	0.0204	
nsga50k8x	I3	1100752	59	0.0000	0.6382	0.3791	0.0181	
nsga50k2x	I4	478522	118	0.0107	0.5442	0.4816	0.0032	
nsga50k2x	I4	478258	114	0.0053	0.5443	0.4797	0.0033	
nsga50k2x	I4	475657	115	0.0374	0.5161	0.4856	0.0028	
nsga50k2x	I4	477796	119	0.0000	0.5356	0.4755	0.0033	
nsga50k2x	I4	475009	118	0.0107	0.5697	0.4751	0.0043	
nsga50k2x	I4	478496	114	0.0107	0.5551	0.4791	0.0036	
nsga50k2x	I4	477652	120	0.0107	0.5064	0.4821	0.0032	
nsga50k2x	I4	477174	120	0.0321	0.6283	0.4823	0.0031	
nsga50k2x	I4	478493	117	0.0107	0.6149	0.4798	0.0036	
nsga50k2x	I4	478626	120	0.0160	0.6100	0.4812	0.0033	
nsga50k2x	I4	478083	116	0.0107	0.5456	0.4738	0.0038	
nsga50k2x	I4	477719	112	0.0160	0.6585	0.4810	0.0034	
nsga50k2x	I4	476684	118	0.0053	0.6695	0.4791	0.0039	
nsga50k2x	I4	476626	120	0.0214	0.6126	0.4769	0.0036	
nsga50k2x	I4	478521	119	0.0053	0.5611	0.4796	0.0033	
nsga50k2x	I4	478157	120	0.0374	0.5613	0.4833	0.0033	
nsga50k2x	I4	478457	118	0.0107	0.6202	0.4814	0.0031	
nsga50k2x	I4	477727	119	0.0107	0.6004	0.4830	0.0031	
nsga50k2x	I4	478848	117	0.0107	0.6520	0.4806	0.0032	
nsga50k2x	I4	477060	119	0.0053	0.6185	0.4813	0.0030	
nsga50k2x	I4	475661	120	0.0160	0.5944	0.4755	0.0033	
nsga50k2x	I4	477818	120	0.0000	0.5364	0.4708	0.0036	
nsga50k2x	I4	476743	117	0.0053	0.4976	0.4734	0.0037	
nsga50k2x	I4	478021	117	0.0267	0.6314	0.4842	0.0031	
nsga50k2x	I4	477681	111	0.0053	0.6438	0.4784	0.0037	
nsga50k2x	I4	476973	117	0.0107	0.5475	0.4712	0.0037	
nsga50k2x	I4	479351	116	0.0107	0.5132	0.4773	0.0032	
nsga50k2x	I4	477667	117	0.0374	0.6136	0.4874	0.0028	
nsga50k2x	I4	474235	118	0.0053	0.5712	0.4766	0.0037	
nsga50k2x	I4	479025	120	0.0053	0.5337	0.4794	0.0031	
nsga50k2x	I4	477392	120	0.0428	0.5530	0.4771	0.0032	
nsga50k2x	I4	477547	113	0.0160	0.5848	0.4802	0.0038	
nsga50k2x	I4	477094	117	0.0267	0.5936	0.4754	0.0041	
nsga50k2x	I4	477635	114	0.0053	0.6126	0.4800	0.0036	
nsga50k2x	I4	476913	115	0.0053	0.6052	0.4786	0.0033	
nsga50k2x	I4	476617	120	0.0000	0.5971	0.4671	0.0044	
nsga50k2x	I4	478793	112	0.0160	0.5900	0.4823	0.0032	
nsga50k2x	I4	478334	113	0.0000	0.6080	0.4832	0.0029	
nsga50k2x	I4	477575	120	0.0053	0.5618	0.4759	0.0035	
nsga50k2x	I4	478801	120	0.0000	0.5701	0.4793	0.0032	
nsga50k2x	I4	476966	115	0.0535	0.6630	0.4872	0.0030	
nsga50k2x	I4	476827	117	0.0160	0.5836	0.4844	0.0029	
nsga50k2x	I4	476901	115	0.0214	0.6027	0.4822	0.0040	
nsga50k2x	I4	477142	116	0.0053	0.5635	0.4817	0.0034	
nsga50k2x	I4	477644	111	0.0053	0.6439	0.4756	0.0037	
nsga50k2x	I4	476859	120	0.0214	0.6468	0.4817	0.0040	
nsga50k2x	I4	479474	120	0.0214	0.5815	0.4860	0.0029	
nsga50k2x	I4	476740	102	0.0214	0.5920	0.4806	0.0036	
nsga50k2x	I4	478146	119	0.0053	0.5068	0.4769	0.0032	
nsga50k2x	I4	477554	119	0.0000	0.5218	0.4752	0.0034	
nsga50k4x	I4	476888	117	0.0000	0.6496	0.4747	0.0039	
nsga50k4x	I4	475678	131	0.0000	0.5736	0.4745	0.0035	
nsga50k4x	I4	474554	140	0.0053	0.6177	0.4678	0.0039	
nsga50k4x	I4	478044	118	0.0000	0.6555	0.4684	0.0041	
nsga50k4x	I4	476909	106	0.0160	0.6355	0.4740	0.0039	
nsga50k4x	I4	476703	121	0.0000	0.5900	0.4633	0.0042	
nsga50k4x	I4	477378	117	0.0000	0.6094	0.4707	0.0041	
nsga50k4x	I4	473806	119	0.0053	0.6619	0.4727	0.0043	
nsga50k4x	I4	476075	111	0.0000	0.6219	0.4655	0.0040	
nsga50k4x	I4	476613	117	0.0107	0.6960	0.4740	0.0043	
nsga50k4x	I4	474239	129	0.0000	0.6068	0.4707	0.0035	
nsga50k4x	I4	476860	126	0.0267	0.6419	0.4783	0.0034	
nsga50k4x	I4	478096	109	0.0107	0.6452	0.4777	0.0038	
nsga50k4x	I4	477517	108	0.0107	0.6285	0.4766	0.0038	
nsga50k4x	I4	476438	129	0.0000	0.6323	0.4728	0.0037	
nsga50k4x	I4	476578	116	0.0053	0.6610	0.4750	0.0039	
nsga50k4x	I4	476089	103	0.0107	0.6039	0.4739	0.0037	
nsga50k4x	I4	475636	122	0.0053	0.6805	0.4701	0.0043	
nsga50k4x	I4	474776	112	0.0107	0.6819	0.4843	0.0036	
nsga50k4x	I4	476074	117	0.0107	0.6295	0.4689	0.0041	
nsga50k4x	I4	475641	116	0.0053	0.6591	0.4681	0.0045	
nsga50k4x	I4	477148	125	0.0000	0.6051	0.4690	0.0040	
nsga50k4x	I4	473532	132	0.0053	0.6163	0.4703	0.0047	
nsga50k4x	I4	476937	124	0.0053	0.6055	0.4697	0.0039	
nsga50k4x	I4	477595	113	0.0000	0.5941	0.4691	0.0042	
nsga50k4x	I4	476557	106	0.0053	0.6521	0.4771	0.0037	
nsga50k4x	I4	477442	116	0.0107	0.5692	0.4703	0.0039	
nsga50k4x	I4	477323	114	0.0053	0.6066	0.4745	0.0038	
nsga50k4x	I4	476636	115	0.0053	0.6117	0.4749	0.0039	
nsga50k4x	I4	476672	111	0.0000	0.6055	0.4707	0.0040	
nsga50k4x	I4	477264	92	0.0053	0.6187	0.4734	0.0042	
nsga50k4x	I4	474845	130	0.0053	0.6820	0.4625	0.0049	
nsga50k4x	I4	475536	132	0.0160	0.6331	0.4743	0.0037	
nsga50k4x	I4	476623	131	0.0000	0.6388	0.4723	0.0040	
nsga50k4x	I4	475379	127	0.0000	0.5925	0.4666	0.0041	
nsga50k4x	I4	478114	116	0.0000	0.6120	0.4725	0.0038	
nsga50k4x	I4	478389	126	0.0000	0.6458	0.4656	0.0040	
nsga50k4x	I4	476401	103	0.0160	0.6033	0.4786	0.0037	
nsga50k4x	I4	476462	108	0.0000	0.6253	0.4731	0.0040	
nsga50k4x	I4	474819	105	0.0053	0.5746	0.4704	0.0043	
nsga50k4x	I4	474820	118	0.0160	0.6532	0.4817	0.0038	
nsga50k4x	I4	475874	119	0.0053	0.6343	0.4702	0.0040	
nsga50k4x	I4	476868	113	0.0053	0.6366	0.4666	0.0041	
nsga50k4x	I4	476959	121	0.0053	0.6036	0.4645	0.0042	
nsga50k4x	I4	478145	127	0.0053	0.6656	0.4672	0.0042	
nsga50k4x	I4	475699	115	0.0107	0.6236	0.4717	0.0039	
nsga50k4x	I4	477730	123	0.0160	0.6431	0.4748	0.0036	
nsga50k4x	I4	477247	112	0.0053	0.6179	0.4691	0.0041	
nsga50k4x	I4	477193	108	0.0053	0.5920	0.4735	0.0042	
nsga50k4x	I4	474451	126	0.0000	0.6248	0.4734	0.0039	
nsga50k8x	I4	482863	109	0.0000	0.6219	0.4585	0.0050	
nsga50k8x	I4	480070	104	0.0000	0.5742	0.4516	0.0054	
nsga50k8x	I4	481753	115	0.0000	0.6295	0.4609	0.0052	
nsga50k8x	I4	481393	90	0.0000	0.6676	0.4595	0.0061	
nsga50k8x	I4	482795	96	0.0000	0.6221	0.4505	0.0061	
nsga50k8x	I4	482446	88	0.0000	0.5879	0.4546	0.0057	
nsga50k8x	I4	482032	120	0.0000	0.6010	0.4558	0.0053	
nsga50k8x	I4	479996	103	0.0000	0.6732	0.4539	0.0062	
nsga50k8x	I4	482034	116	0.0000	0.6364	0.4557	0.0052	
nsga50k8x	I4	481750	107	0.0000	0.6703	0.4627	0.0049	
nsga50k8x	I4	482416	104	0.0000	0.7094	0.4586	0.0053	
nsga50k8x	I4	482049	105	0.0053	0.6790	0.4663	0.0057	
nsga50k8x	I4	480946	109	0.0000	0.5745	0.4527	0.0061	
nsga50k8x	I4	481951	96	0.0000	0.6643	0.4589	0.0064	
nsga50k8x	I4	480976	109	0.0000	0.6535	0.4570	0.0053	
nsga50k8x	I4	482862	109	0.0000	0.6481	0.4577	0.0050	
nsga50k8x	I4	481386	121	0.0000	0.6359	0.4537	0.0054	
nsga50k8x	I4	481467	102	0.0000	0.6813	0.4600	0.0053	
nsga50k8x	I4	481277	112	0.0000	0.6411	0.4538	0.0058	
nsga50k8x	I4	481524	104	0.0000	0.7049	0.4640	0.0060	
nsga50k8x	I4	481091	100	0.0000	0.5835	0.4534	0.0055	
nsga50k8x	I4	481648	103	0.0000	0.6148	0.4568	0.0068	
nsga50k8x	I4	481605	95	0.0000	0.5567	0.4577	0.0053	
nsga50k8x	I4	480772	120	0.0000	0.5824	0.4578	0.0050	
nsga50k8x	I4	579231	96	0.0053	0.5895	0.4662	0.0046	
nsga50k8x	I4	560448	97	0.0000	0.5427	0.4510	0.0057	
nsga50k8x	I4	502121	99	0.0000	0.5632	0.4542	0.0055	
nsga50k8x	I4	490434	101	0.0000	0.5419	0.4581	0.0051	
nsga50k8x	I4	482007	102	0.0000	0.6784	0.4650	0.0048	
nsga50k8x	I4	481298	101	0.0000	0.5743	0.4552	0.0054	
nsga50k8x	I4	482046	92	0.0053	0.6569	0.4677	0.0054	
nsga50k8x	I4	481784	98	0.0000	0.5777	0.4550	0.0058	
nsga50k8x	I4	481563	102	0.0000	0.6694	0.4611	0.0051	
nsga50k8x	I4	481643	110	0.0000	0.6752	0.4589	0.0059	
nsga50k8x	I4	482362	104	0.0000	0.6205	0.4514	0.0061	
nsga50k8x	I4	482639	114	0.0000	0.5981	0.4594	0.0050	
nsga50k8x	I4	482766	103	0.0000	0.6323	0.4568	0.0058	
nsga50k8x	I4	483380	112	0.0000	0.6356	0.4519	0.0057	
nsga50k8x	I4	483895	106	0.0000	0.6658	0.4576	0.0055	
nsga50k8x	I4	481794	107	0.0000	0.6386	0.4517	0.0061	
nsga50k8x	I4	482459	115	0.0000	0.6537	0.4582	0.0050	
nsga50k8x	I4	482690	110	0.0000	0.5952	0.4554	0.0056	
nsga50k8x	I4	483108	107	0.0000	0.6588	0.4577	0.0062	
nsga50k8x	I4	482394	117	0.0000	0.6153	0.4578	0.0052	
nsga50k8x	I4	482128	107	0.0000	0.6510	0.4576	0.0054	
nsga50k8x	I4	482770	104	0.0000	0.6699	0.4610	0.0052	
nsga50k8x	I4	481960	93	0.0000	0.5303	0.4589	0.0054	
nsga50k8x	I4	481774	106	0.0000	0.6421	0.4608	0.0054	
nsga50k8x	I4	482458	106	0.0000	0.5712	0.4567	0.0051	
nsga50k8x	I4	482615	98	0.0000	0.5747	0.4592	0.0055	
nsga50k2x	I5	206497	86	0.0059	0.5272	0.4922	0.0038	
nsga50k2x	I5	206078	88	0.0059	0.4663	0.4888	0.0039	
nsga50k2x	I5	207757	88	0.0059	0.6023	0.4939	0.0038	
nsga50k2x	I5	206850	88	0.0296	0.5035	0.5038	0.0029	
nsga50k2x	I5	208146	84	0.0296	0.5228	0.4897	0.0040	
nsga50k2x	I5	207015	88	0.0533	0.5896	0.5055	0.0032	
nsga50k2x	I5	207083	87	0.0059	0.5648	0.4961	0.0036	
nsga50k2x	I5	206057	88	0.0414	0.4247	0.4867	0.0040	
nsga50k2x	I5	207425	88	0.0473	0.4938	0.5054	0.0028	
nsga50k2x	I5	207361	88	0.0592	0.5231	0.5080	0.0031	
nsga50k2x	I5	207213	87	0.0000	0.5128	0.4898	0.0040	
nsga50k2x	I5	206643	88	0.0178	0.5824	0.4961	0.0034	
nsga50k2x	I5	207914	88	0.0237	0.5177	0.4936	0.0035	
nsga50k2x	I5	206696	82	0.0237	0.5382	0.4976	0.0038	
nsga50k2x	I5	207111	85	0.0178	0.5407	0.4970	0.0034	
nsga50k2x	I5	207646	86	0.0059	0.5624	0.4932	0.0034	
nsga50k2x	I5	207258	87	0.0000	0.5719	0.4761	0.0050	
nsga50k2x	I5	207185	88	0.0118	0.5015	0.4912	0.0035	
nsga50k2x	I5	208392	87	0.0237	0.5431	0.5015	0.0029	
nsga50k2x	I5	206022	86	0.0000	0.4871	0.4885	0.0036	
nsga50k2x	I5	207220	88	0.0059	0.4787	0.4875	0.0041	
nsga50k2x	I5	207258	88	0.0059	0.5894	0.4907	0.0037	
nsga50k2x	I5	207336	88	0.0000	0.4653	0.4919	0.0038	
nsga50k2x	I5	206975	88	0.0118	0.5142	0.4942	0.0037	
nsga50k2x	I5	207692	88	0.0000	0.4639	0.4820	0.0047	
nsga50k2x	I5	206303	88	0.0118	0.4826	0.4946	0.0032	
nsga50k2x	I5	206876	88	0.0296	0.5425	0.4962	0.0037	
nsga50k2x	I5	207859	87	0.0178	0.5239	0.4966	0.0031	
nsga50k2x	I5	207537	88	0.0178	0.5308	0.4943	0.0035	
nsga50k2x	I5	207447	87	0.0178	0.5429	0.4860	0.0038	
nsga50k2x	I5	206574	88	0.0118	0.5471	0.4867	0.0041	
nsga50k2x	I5	205968	88	0.0059	0.4890	0.4908	0.0036	
nsga50k2x	I5	207122	88	0.0178	0.5439	0.4924	0.0035	
nsga50k2x	I5	207121	85	0.0059	0.4348	0.4922	0.0033	
nsga50k2x	I5	208273	88	0.0118	0.5344	0.4924	0.0036	
nsga50k2x	I5	207227	88	0.0237	0.6030	0.5049	0.0030	
nsga50k2x	I5	207157	85	0.0237	0.5947	0.4916	0.0041	
nsga50k2x	I5	206560	87	0.0000	0.5207	0.4937	0.0040	
nsga50k2x	I5	206439	88	0.0118	0.4813	0.4885	0.0042	
nsga50k2x	I5	207654	88	0.0000	0.5013	0.4809	0.0049	
nsga50k2x	I5	207253	85	0.0000	0.5792	0.4901	0.0040	
nsga50k2x	I5	206282	87	0.0118	0.5658	0.4913	0.0034	
nsga50k2x	I5	207542	88	0.0178	0.5508	0.4881	0.0041	
nsga50k2x	I5	207049	88	0.0178	0.5346	0.4898	0.0043	
nsga50k2x	I5	207546	88	0.0000	0.5296	0.4855	0.0051	
nsga50k2x	I5	207023	88	0.0000	0.5462	0.4849	0.0043	
nsga50k2x	I5	205964	88	0.0296	0.4837	0.4868	0.0041	
nsga50k2x	I5	206923	88	0.0000	0.5015	0.4879	0.0043	
nsga50k2x	I5	207141	87	0.0000	0.4861	0.4875	0.0037	
nsga50k2x	I5	207743	88	0.0237	0.5248	0.4988	0.0031	
nsga50k4x	I5	207087	104	0.0000	0.6680	0.4811	0.0047	
nsga50k4x	I5	206320	102	0.0000	0.6503	0.4817	0.0048	
nsga50k4x	I5	207156	95	0.0000	0.5198	0.4869	0.0042	
nsga50k4x	I5	207366	109	0.0000	0.6350	0.4757	0.0047	
nsga50k4x	I5	207764	104	0.0000	0.5530	0.4854	0.0039	
nsga50k4x	I5	206674	109	0.0000	0.6405	0.4761	0.0046	
nsga50k4x	I5	206738	95	0.0059	0.5606	0.4889	0.0043	
nsga50k4x	I5	206541	96	0.0059	0.7058	0.4882	0.0049	
nsga50k4x	I5	206509	113	0.0059	0.6704	0.4753	0.0048	
nsga50k4x	I5	207030	105	0.0000	0.6179	0.4816	0.0041	
nsga50k4x	I5	206937	104	0.0000	0.6121	0.4814	0.0043	
nsga50k4x	I5	205948	96	0.0000	0.6053	0.4800	0.0050	
nsga50k4x	I5	207167	98	0.0118	0.6448	0.4896	0.0038	
nsga50k4x	I5	207374	107	0.0118	0.6008	0.4898	0.0039	
nsga50k4x	I5	206221	91	0.0000	0.5416	0.4779	0.0047	
nsga50k4x	I5	207115	101	0.0059	0.6369	0.4883	0.0041	
nsga50k4x	I5	206760	98	0.0000	0.5837	0.4799	0.0041	
nsga50k4x	I5	207741	95	0.0000	0.6413	0.4841	0.0044	
nsga50k4x	I5	207015	101	0.0000	0.5616	0.4812	0.0048	
nsga50k4x	I5	207046	101	0.0118	0.5694	0.4857	0.0043	
nsga50k4x	I5	207564	105	0.0000	0.6078	0.4858	0.0040	
nsga50k4x	I5	207475	87	0.0059	0.6197	0.4830	0.0049	
nsga50k4x	I5	206700	105	0.0059	0.6366	0.4755	0.0053	
nsga50k4x	I5	207455	104	0.0059	0.5792	0.4856	0.0040	
nsga50k4x	I5	206909	94	0.0237	0.5530	0.4931	0.0038	
nsga50k4x	I5	206858	107	0.0000	0.6490	0.4825	0.0045	
nsga50k4x	I5	206567	97	0.0059	0.5723	0.4915	0.0041	
nsga50k4x	I5	207258	109	0.0000	0.5543	0.4794	0.0044	
nsga50k4x	I5	207200	92	0.0118	0.6035	0.4920	0.0041	
nsga50k4x	I5	207028	97	0.0000	0.5531	0.4807	0.0048	
nsga50k4x	I5	206943	103	0.0000	0.6361	0.4808	0.0043	
nsga50k4x	I5	207077	101	0.0118	0.6807	0.4865	0.0045	
nsga50k4x	I5	206555	93	0.0178	0.5920	0.4860	0.0045	
nsga50k4x	I5	207908	106	0.0178	0.6293	0.4858	0.0038	
nsga50k4x	I5	206602	90	0.0000	0.5715	0.4774	0.0048	
nsga50k4x	I5	206632	95	0.0000	0.5591	0.4908	0.0037	
nsga50k4x	I5	207346	104	0.0059	0.6300	0.4805	0.0046	
nsga50k4x	I5	207145	103	0.0118	0.6121	0.4882	0.0040	
nsga50k4x	I5	206956	98	0.0059	0.6510	0.4778	0.0049	
nsga50k4x	I5	206402	106	0.0000	0.7040	0.4794	0.0050	
nsga50k4x	I5	206632	104	0.0000	0.6254	0.4837	0.0044	
nsga50k4x	I5	207558	90	0.0118	0.5945	0.4859	0.0043	
nsga50k4x	I5	207268	104	0.0000	0.5879	0.4764	0.0046	
nsga50k4x	I5	205976	97	0.0000	0.5579	0.4795	0.0044	
nsga50k4x	I5	207040	100	0.0059	0.6718	0.4827	0.0046	
nsga50k4x	I5	206317	103	0.0059	0.5895	0.4825	0.0046	
nsga50k4x	I5	206659	96	0.0118	0.6096	0.4851	0.0041	
nsga50k4x	I5	206787	93	0.0000	0.5924	0.4875	0.0037	
nsga50k4x	I5	206752	111	0.0118	0.6232	0.4812	0.0044	
nsga50k4x	I5	206921	106	0.0059	0.5698	0.4863	0.0039	
nsga50k8x	I5	208218	89	0.0000	0.6247	0.4721	0.0060	
nsga50k8x	I5	209246	94	0.0000	0.6630	0.4664	0.0058	
nsga50k8x	I5	208729	81	0.0059	0.6299	0.4758	0.0059	
nsga50k8x	I5	208440	81	0.0000	0.5831	0.4694	0.0065	
nsga50k8x	I5	208505	100	0.0000	0.6066	0.4674	0.0058	
nsga50k8x	I5	207769	87	0.0000	0.6712	0.4741	0.0058	
nsga50k8x	I5	208699	74	0.0000	0.5674	0.4756	0.0058	
nsga50k8x	I5	208824	96	0.0000	0.6983	0.4667	0.0059	
nsga50k8x	I5	208791	83	0.0000	0.5813	0.4665	0.0060	
nsga50k8x	I5	208711	96	0.0000	0.6583	0.4752	0.0055	
nsga50k8x	I5	209213	80	0.0000	0.6065	0.4700	0.0065	
nsga50k8x	I5	208630	76	0.0000	0.5580	0.4780	0.0057	
nsga50k8x	I5	208568	83	0.0000	0.5116	0.4689	0.0062	
nsga50k8x	I5	208462	89	0.0000	0.6397	0.4668	0.0060	
nsga50k8x	I5	208935	98	0.0000	0.6247	0.4667	0.0060	
nsga50k8x	I5	208538	101	0.0000	0.6717	0.4701	0.0067	
nsga50k8x	I5	208014	102	0.0000	0.6133	0.4577	0.0064	
nsga50k8x	I5	208050	84	0.0000	0.6155	0.4675	0.0056	
nsga50k8x	I5	208133	80	0.0000	0.5964	0.4812	0.0051	
nsga50k8x	I5	209227	82	0.0000	0.6179	0.4659	0.0063	
nsga50k8x	I5	208630	82	0.0000	0.6399	0.4684	0.0063	
nsga50k8x	I5	208421	90	0.0000	0.6094	0.4658	0.0065	
nsga50k8x	I5	208653	97	0.0000	0.6087	0.4636	0.0060	
nsga50k8x	I5	208713	93	0.0000	0.7224	0.4722	0.0059	
nsga50k8x	I5	208516	98	0.0000	0.6331	0.4677	0.0058	
nsga50k8x	I5	208962	93	0.0000	0.7271	0.4687	0.0059	
nsga50k8x	I5	208005	86	0.0000	0.6174	0.4774	0.0061	
nsga50k8x	I5	208771	97	0.0000	0.6639	0.4774	0.0054	
nsga50k8x	I5	208142	99	0.0059	0.6673	0.4758	0.0049	
nsga50k8x	I5	208483	79	0.0000	0.5985	0.4663	0.0066	
nsga50k8x	I5	208413	85	0.0000	0.5495	0.4689	0.0057	
nsga50k8x	I5	208968	95	0.0000	0.7277	0.4712	0.0060	
nsga50k8x	I5	209215	98	0.0000	0.6261	0.4643	0.0059	
nsga50k8x	I5	208936	91	0.0000	0.5896	0.4692	0.0059	
nsga50k8x	I5	208339	103	0.0000	0.6183	0.4661	0.0055	
nsga50k8x	I5	208885	81	0.0000	0.6164	0.4809	0.0055	
nsga50k8x	I5	208346	98	0.0000	0.6101	0.4631	0.0060	
nsga50k8x	I5	208076	82	0.0059	0.7100	0.4630	0.0076	
nsga50k8x	I5	208573	91	0.0000	0.6734	0.4761	0.0053	
nsga50k8x	I5	208910	104	0.0000	0.6121	0.4642	0.0056	
nsga50k8x	I5	208900	92	0.0000	0.6546	0.4717	0.0060	
nsga50k8x	I5	208416	94	0.0000	0.6793	0.4704	0.0057	
nsga50k8x	I5	208911	85	0.0000	0.6172	0.4717	0.0055	
nsga50k8x	I5	208285	89	0.0000	0.6799	0.4714	0.0059	
nsga50k8x	I5	208307	95	0.0000	0.6244	0.4696	0.0056	
nsga50k8x	I5	207995	92	0.0000	0.5870	0.4702	0.0055	
nsga50k8x	I5	208245	93	0.0000	0.6020	0.4701	0.0055	
nsga50k8x	I5	208892	97	0.0000	0.6535	0.4704	0.0055	
nsga50k8x	I5	208739	94	0.0000	0.5796	0.4767	0.0050	
nsga50k8x	I5	208075	86	0.0000	0.5540	0.4673	0.0057	
