=============================================================
Instance #0
=============================================================

Cycle #0 (323 ms; 2 best solutions)
0; 171,5; 82325,7938;  [1 1 1 1 1 1 1 1 1 1 1 1 1 1 1 1 1 1 1 1 1 1 1 1 1 1 1 1 1 1 1 1 1 1 1 1 1 1 1 1]
2,8129; 168,6; 82595,9979;  [1 1 1 1 1 1 1 1 2 1 1 1 2 1 1 1 2 1 1 1 2 2 2 1 1 1 1 1 1 1 1 1 1 1 1 1 2 2 2 2]
5,4724; 169,2; 84404,071;  [1 1 1 1 1 1 1 1 3 1 1 1 3 1 1 1 3 1 1 1 3 3 3 1 1 1 1 1 1 1 1 1 1 1 1 1 3 3 3 3]
8,2007; 172,5; 87546,3239;  [1 1 1 1 1 1 1 1 4 1 1 1 4 1 1 1 4 1 1 1 4 4 4 1 1 1 1 1 1 1 1 1 1 1 1 1 4 4 4 4]
11,0176; 176,6; 91146,0591;  [1 1 1 1 1 1 1 1 5 1 1 1 5 1 1 1 5 1 1 1 5 5 5 1 1 1 1 1 1 1 1 1 1 1 1 1 5 5 5 5]
13,1161; 174,5; 91410,4807;  [1 1 1 1 1 1 1 1 6 1 1 1 6 1 1 1 6 1 1 1 6 6 6 1 1 1 1 1 1 1 1 1 1 1 1 1 6 6 6 6]
16,1196; 180,2; 95944,7369;  [1 1 1 1 1 1 1 1 7 1 1 1 7 1 1 1 7 1 1 1 7 7 7 1 1 1 1 1 1 1 1 1 1 1 1 1 7 7 7 7]
19,5173; 187,5; 101481,37;  [1 1 1 1 1 1 1 1 8 1 1 1 8 1 1 1 8 1 1 1 8 8 8 1 1 1 1 1 1 1 1 1 1 1 1 1 8 8 8 8]
21,3763; 185,7; 101716,0555;  [1 1 1 1 1 1 1 1 9 1 1 1 9 1 1 1 9 1 1 1 9 9 9 1 1 1 1 1 1 1 1 1 1 1 1 1 9 9 9 9]

Final Pareto Frontier:
0; 171,5; 82325,7938;  [1 1 1 1 1 1 1 1 1 1 1 1 1 1 1 1 1 1 1 1 1 1 1 1 1 1 1 1 1 1 1 1 1 1 1 1 1 1 1 1]
2,8129; 168,6; 82595,9979;  [1 1 1 1 1 1 1 1 2 1 1 1 2 1 1 1 2 1 1 1 2 2 2 1 1 1 1 1 1 1 1 1 1 1 1 1 2 2 2 2]

=============================================================
Instance #1
=============================================================

Cycle #0 (544 ms; 5 best solutions)
0; 479,3; 230084,6783;  [1 1 1 1 1 1 1 1 1 1 1 1 1 1 1 1 1 1 1 1 1 1 1 1 1 1 1 1 1 1 1 1 1 1 1 1 1 1 1 1 1 1 1 1 1 1 1 1 1 1 1 1 1 1 1 1 1 1 1 1 1 1 1 1 1 1 1 1 1 1 1 1 1 1 1 1 1 1 1 1 1 1 1 1]
20,7589; 458,5; 232077,5668;  [2 2 2 2 1 2 2 1 1 2 2 1 1 2 2 1 1 2 2 1 1 2 2 1 1 2 2 1 1 2 2 1 1 2 2 1 1 2 2 1 1 2 2 1 1 2 2 1 1 2 2 1 1 2 2 1 1 2 2 1 1 2 2 1 1 2 2 1 1 2 2 1 1 2 2 1 1 2 2 1 1 2 2 1]
39,7032; 448,7; 238252,5797;  [3 3 3 3 1 3 3 1 1 3 3 1 1 3 3 1 1 3 3 1 1 3 3 1 1 3 3 1 1 3 3 1 1 3 3 1 1 3 3 1 1 3 3 1 1 3 3 1 1 3 3 1 1 3 3 1 1 3 3 1 1 3 3 1 1 3 3 1 1 3 3 1 1 3 3 1 1 3 3 1 1 3 3 1]
57,719; 447,4; 248013,9026;  [4 4 4 4 1 4 4 1 1 4 4 1 1 4 4 1 1 4 4 1 1 4 4 1 1 4 4 1 1 4 4 1 1 4 4 1 1 4 4 1 1 4 4 1 1 4 4 1 1 4 4 1 1 4 4 1 1 4 4 1 1 4 4 1 1 4 4 1 1 4 4 1 1 4 4 1 1 4 4 1 1 4 4 1]
75,0168; 449,3; 258888,75;  [5 5 5 5 1 5 5 1 1 5 5 1 1 5 5 1 1 5 5 1 1 5 5 1 1 5 5 1 1 5 5 1 1 5 5 1 1 5 5 1 1 5 5 1 1 5 5 1 1 5 5 1 1 5 5 1 1 5 5 1 1 5 5 1 1 5 5 1 1 5 5 1 1 5 5 1 1 5 5 1 1 5 5 1]
89,3058; 435; 260689,154;  [6 6 6 6 1 6 6 1 1 6 6 1 1 6 6 1 1 6 6 1 1 6 6 1 1 6 6 1 1 6 6 1 1 6 6 1 1 6 6 1 1 6 6 1 1 6 6 1 1 6 6 1 1 6 6 1 1 6 6 1 1 6 6 1 1 6 6 1 1 6 6 1 1 6 6 1 1 6 6 1 1 6 6 1]
105,5663; 442,6; 274131,7488;  [7 7 7 7 1 7 7 1 1 7 7 1 1 7 7 1 1 7 7 1 1 7 7 1 1 7 7 1 1 7 7 1 1 7 7 1 1 7 7 1 1 7 7 1 1 7 7 1 1 7 7 1 1 7 7 1 1 7 7 1 1 7 7 1 1 7 7 1 1 7 7 1 1 7 7 1 1 7 7 1 1 7 7 1]
122,3029; 454,9; 290100,863;  [8 8 8 8 1 8 8 1 1 8 8 1 1 8 8 1 1 8 8 1 1 8 8 1 1 8 8 1 1 8 8 1 1 8 8 1 1 8 8 1 1 8 8 1 1 8 8 1 1 8 8 1 1 8 8 1 1 8 8 1 1 8 8 1 1 8 8 1 1 8 8 1 1 8 8 1 1 8 8 1 1 8 8 1]
133,9506; 443,3; 291567,2419;  [9 9 9 9 1 9 9 1 1 9 9 1 1 9 9 1 1 9 9 1 1 9 9 1 1 9 9 1 1 9 9 1 1 9 9 1 1 9 9 1 1 9 9 1 1 9 9 1 1 9 9 1 1 9 9 1 1 9 9 1 1 9 9 1 1 9 9 1 1 9 9 1 1 9 9 1 1 9 9 1 1 9 9 1]

Final Pareto Frontier:
0; 479,3; 230084,6783;  [1 1 1 1 1 1 1 1 1 1 1 1 1 1 1 1 1 1 1 1 1 1 1 1 1 1 1 1 1 1 1 1 1 1 1 1 1 1 1 1 1 1 1 1 1 1 1 1 1 1 1 1 1 1 1 1 1 1 1 1 1 1 1 1 1 1 1 1 1 1 1 1 1 1 1 1 1 1 1 1 1 1 1 1]
20,7589; 458,5; 232077,5668;  [2 2 2 2 1 2 2 1 1 2 2 1 1 2 2 1 1 2 2 1 1 2 2 1 1 2 2 1 1 2 2 1 1 2 2 1 1 2 2 1 1 2 2 1 1 2 2 1 1 2 2 1 1 2 2 1 1 2 2 1 1 2 2 1 1 2 2 1 1 2 2 1 1 2 2 1 1 2 2 1 1 2 2 1]
39,7032; 448,7; 238252,5797;  [3 3 3 3 1 3 3 1 1 3 3 1 1 3 3 1 1 3 3 1 1 3 3 1 1 3 3 1 1 3 3 1 1 3 3 1 1 3 3 1 1 3 3 1 1 3 3 1 1 3 3 1 1 3 3 1 1 3 3 1 1 3 3 1 1 3 3 1 1 3 3 1 1 3 3 1 1 3 3 1 1 3 3 1]
57,719; 447,4; 248013,9026;  [4 4 4 4 1 4 4 1 1 4 4 1 1 4 4 1 1 4 4 1 1 4 4 1 1 4 4 1 1 4 4 1 1 4 4 1 1 4 4 1 1 4 4 1 1 4 4 1 1 4 4 1 1 4 4 1 1 4 4 1 1 4 4 1 1 4 4 1 1 4 4 1 1 4 4 1 1 4 4 1 1 4 4 1]
89,3058; 435; 260689,154;  [6 6 6 6 1 6 6 1 1 6 6 1 1 6 6 1 1 6 6 1 1 6 6 1 1 6 6 1 1 6 6 1 1 6 6 1 1 6 6 1 1 6 6 1 1 6 6 1 1 6 6 1 1 6 6 1 1 6 6 1 1 6 6 1 1 6 6 1 1 6 6 1 1 6 6 1 1 6 6 1 1 6 6 1]

=============================================================
Instance #2
=============================================================

Cycle #0 (975 ms; 2 best solutions)
0; 425,1; 204094,4371;  [1 1 1 1 1 1 1 1 1 1 1 1 1 1 1 1 1 1 1 1 1 1 1 1 1 1 1 1 1 1 1 1 1 1 1 1 1 1 1 1 1 1 1 1 1 1 1 1 1 1 1 1 1 1 1 1 1 1 1 1 1 1 1 1 1 1 1 1 1 1 1 1 1 1 1 1 1 1 1 1 1 1 1 1 1 1 1 1 1 1 1 1 1 1 1 1 1 1 1 1 1 1 1 1 1 1 1 1]
5,356; 419,8; 204610,295;  [1 1 1 1 1 1 1 1 1 1 1 1 1 1 1 1 1 1 1 1 1 1 1 1 1 1 1 1 1 1 1 1 1 1 1 1 1 1 1 1 1 1 1 1 1 1 1 1 1 1 1 1 1 1 1 1 1 2 1 1 1 1 1 1 1 1 1 1 2 1 1 1 2 1 1 1 2 1 1 1 2 2 2 1 2 2 2 1 2 2 2 1 2 2 2 1 2 2 2 1 2 2 2 2 2 2 2 1]
10,2447; 423,2; 209069,5975;  [1 1 1 1 1 1 1 1 1 1 1 1 1 1 1 1 1 1 1 1 1 1 1 1 1 1 1 1 1 1 1 1 1 1 1 1 1 1 1 1 1 1 1 1 1 1 1 1 1 1 1 1 1 1 1 1 1 3 1 1 1 1 1 1 1 1 1 1 3 1 1 1 3 1 1 1 3 1 1 1 3 3 3 1 3 3 3 1 3 3 3 1 3 3 3 1 3 3 3 1 3 3 3 3 3 3 3 1]
14,8996; 434,1; 216991,4894;  [1 1 1 1 1 1 1 1 1 1 1 1 1 1 1 1 1 1 1 1 1 1 1 1 1 1 1 1 1 1 1 1 1 1 1 1 1 1 1 1 1 1 1 1 1 1 1 1 1 1 1 1 1 1 1 1 1 4 1 1 1 1 1 1 1 1 1 1 4 1 1 1 4 1 1 1 4 1 1 1 4 4 4 1 4 4 4 1 4 4 4 1 4 4 4 1 4 4 4 1 4 4 4 4 4 4 4 1]
19,3819; 447,9; 226171,0952;  [1 1 1 1 1 1 1 1 1 1 1 1 1 1 1 1 1 1 1 1 1 1 1 1 1 1 1 1 1 1 1 1 1 1 1 1 1 1 1 1 1 1 1 1 1 1 1 1 1 1 1 1 1 1 1 1 1 5 1 1 1 1 1 1 1 1 1 1 5 1 1 1 5 1 1 1 5 1 1 1 5 5 5 1 5 5 5 1 5 5 5 1 5 5 5 1 5 5 5 1 5 5 5 5 5 5 5 1]
23,0737; 444,2; 226637,5535;  [1 1 1 1 1 1 1 1 1 1 1 1 1 1 1 1 1 1 1 1 1 1 1 1 1 1 1 1 1 1 1 1 1 1 1 1 1 1 1 1 1 1 1 1 1 1 1 1 1 1 1 1 1 1 1 1 1 6 1 1 1 1 1 1 1 1 1 1 6 1 1 1 6 1 1 1 6 1 1 1 6 6 6 1 6 6 6 1 6 6 6 1 6 6 6 1 6 6 6 1 6 6 6 6 6 6 6 1]
27,3187; 463,1; 238287,7311;  [1 1 1 1 1 1 1 1 1 1 1 1 1 1 1 1 1 1 1 1 1 1 1 1 1 1 1 1 1 1 1 1 1 1 1 1 1 1 1 1 1 1 1 1 1 1 1 1 1 1 1 1 1 1 1 1 1 7 1 1 1 1 1 1 1 1 1 1 7 1 1 1 7 1 1 1 7 1 1 1 7 7 7 1 7 7 7 1 7 7 7 1 7 7 7 1 7 7 7 1 7 7 7 7 7 7 7 1]
31,7323; 487,7; 252719,6501;  [1 1 1 1 1 1 1 1 1 1 1 1 1 1 1 1 1 1 1 1 1 1 1 1 1 1 1 1 1 1 1 1 1 1 1 1 1 1 1 1 1 1 1 1 1 1 1 1 1 1 1 1 1 1 1 1 1 8 1 1 1 1 1 1 1 1 1 1 8 1 1 1 8 1 1 1 8 1 1 1 8 8 8 1 8 8 8 1 8 8 8 1 8 8 8 1 8 8 8 1 8 8 8 8 8 8 8 1]
34,7544; 484,7; 253101,2683;  [1 1 1 1 1 1 1 1 1 1 1 1 1 1 1 1 1 1 1 1 1 1 1 1 1 1 1 1 1 1 1 1 1 1 1 1 1 1 1 1 1 1 1 1 1 1 1 1 1 1 1 1 1 1 1 1 1 9 1 1 1 1 1 1 1 1 1 1 9 1 1 1 9 1 1 1 9 1 1 1 9 9 9 1 9 9 9 1 9 9 9 1 9 9 9 1 9 9 9 1 9 9 9 9 9 9 9 1]

Final Pareto Frontier:
0; 425,1; 204094,4371;  [1 1 1 1 1 1 1 1 1 1 1 1 1 1 1 1 1 1 1 1 1 1 1 1 1 1 1 1 1 1 1 1 1 1 1 1 1 1 1 1 1 1 1 1 1 1 1 1 1 1 1 1 1 1 1 1 1 1 1 1 1 1 1 1 1 1 1 1 1 1 1 1 1 1 1 1 1 1 1 1 1 1 1 1 1 1 1 1 1 1 1 1 1 1 1 1 1 1 1 1 1 1 1 1 1 1 1 1]
5,356; 419,8; 204610,295;  [1 1 1 1 1 1 1 1 1 1 1 1 1 1 1 1 1 1 1 1 1 1 1 1 1 1 1 1 1 1 1 1 1 1 1 1 1 1 1 1 1 1 1 1 1 1 1 1 1 1 1 1 1 1 1 1 1 2 1 1 1 1 1 1 1 1 1 1 2 1 1 1 2 1 1 1 2 1 1 1 2 2 2 1 2 2 2 1 2 2 2 1 2 2 2 1 2 2 2 1 2 2 2 2 2 2 2 1]

=============================================================
Instance #3
=============================================================

Cycle #0 (1155 ms; 2 best solutions)
0; 646,5; 310366,3487;  [1 1 1 1 1 1 1 1 1 1 1 1 1 1 1 1 1 1 1 1 1 1 1 1 1 1 1 1 1 1 1 1 1 1 1 1 1 1 1 1 1 1 1 1 1 1 1 1 1 1 1 1 1 1 1 1 1 1 1 1 1 1 1 1 1 1 1 1 1 1 1 1]
12,0973; 634,5; 311529,1714;  [1 1 1 1 1 1 1 1 1 1 1 1 1 1 1 1 1 1 1 1 2 1 1 1 2 1 1 1 1 1 1 1 2 1 1 1 1 1 1 1 2 1 1 1 2 1 1 1 1 1 1 1 2 1 1 1 2 1 1 1 2 2 2 1 2 2 2 1 2 2 2 2]
24,1627; 649,3; 325588,5752;  [1 1 1 1 1 1 1 1 1 1 1 1 1 1 1 1 1 1 1 1 3 1 1 1 3 1 1 1 1 1 1 1 3 1 1 1 1 1 1 1 3 1 1 1 3 1 1 1 1 1 1 1 3 1 1 1 3 1 1 1 3 3 3 1 3 3 3 1 3 3 3 3]
37,846; 685,9; 351033,243;  [1 1 1 1 1 1 1 1 1 1 1 1 1 1 1 1 1 1 1 1 4 1 1 1 4 1 1 1 1 1 1 1 4 1 1 1 1 1 1 1 4 1 1 1 4 1 1 1 1 1 1 1 4 1 1 1 4 1 1 1 4 4 4 1 4 4 4 1 4 4 4 4]
53,1764; 729,3; 380723,6621;  [1 1 1 1 1 1 1 1 1 1 1 1 1 1 1 1 1 1 1 1 5 1 1 1 5 1 1 1 1 1 1 1 5 1 1 1 1 1 1 1 5 1 1 1 5 1 1 1 1 1 1 1 5 1 1 1 5 1 1 1 5 5 5 1 5 5 5 1 5 5 5 5]
63,3052; 719,2; 381999,8955;  [1 1 1 1 1 1 1 1 1 1 1 1 1 1 1 1 1 1 1 1 6 1 1 1 6 1 1 1 1 1 1 1 6 1 1 1 1 1 1 1 6 1 1 1 6 1 1 1 1 1 1 1 6 1 1 1 6 1 1 1 6 6 6 1 6 6 6 1 6 6 6 6]
81,667; 775,5; 419978,6969;  [1 1 1 1 1 1 1 1 1 1 1 1 1 1 1 1 1 1 1 1 7 1 1 1 7 1 1 1 1 1 1 1 7 1 1 1 1 1 1 1 7 1 1 1 7 1 1 1 1 1 1 1 7 1 1 1 7 1 1 1 7 7 7 1 7 7 7 1 7 7 7 7]
103,9784; 846,4; 467236,3227;  [1 1 1 1 1 1 1 1 1 1 1 1 1 1 1 1 1 1 1 1 8 1 1 1 8 1 1 1 1 1 1 1 8 1 1 1 1 1 1 1 8 1 1 1 8 1 1 1 1 1 1 1 8 1 1 1 8 1 1 1 8 8 8 1 8 8 8 1 8 8 8 8]
113,8812; 836,5; 468484,79;  [1 1 1 1 1 1 1 1 1 1 1 1 1 1 1 1 1 1 1 1 9 1 1 1 9 1 1 1 1 1 1 1 9 1 1 1 1 1 1 1 9 1 1 1 9 1 1 1 1 1 1 1 9 1 1 1 9 1 1 1 9 9 9 1 9 9 9 1 9 9 9 9]

Final Pareto Frontier:
0; 646,5; 310366,3487;  [1 1 1 1 1 1 1 1 1 1 1 1 1 1 1 1 1 1 1 1 1 1 1 1 1 1 1 1 1 1 1 1 1 1 1 1 1 1 1 1 1 1 1 1 1 1 1 1 1 1 1 1 1 1 1 1 1 1 1 1 1 1 1 1 1 1 1 1 1 1 1 1]
12,0973; 634,5; 311529,1714;  [1 1 1 1 1 1 1 1 1 1 1 1 1 1 1 1 1 1 1 1 2 1 1 1 2 1 1 1 1 1 1 1 2 1 1 1 1 1 1 1 2 1 1 1 2 1 1 1 1 1 1 1 2 1 1 1 2 1 1 1 2 2 2 1 2 2 2 1 2 2 2 2]

=============================================================
Instance #4
=============================================================

Cycle #0 (596 ms; 4 best solutions)
0; 287,6; 138050,8273;  [1 1 1 1 1 1 1 1 1 1 1 1 1 1 1 1 1 1 1 1 1 1 1 1 1 1 1 1 1 1 1 1 1 1 1 1 1 1 1 1 1 1 1 1 1 1 1 1 1 1 1 1 1 1 1 1 1 1 1 1]
9,8061; 277,7; 138992,2149;  [2 2 2 2 1 2 2 1 1 2 2 1 1 2 2 1 1 2 2 1 1 2 2 1 1 2 2 1 1 2 2 1 1 2 2 1 1 2 2 1 1 2 2 1 1 2 2 1 1 2 2 1 1 2 2 1 1 2 2 1]
18,5425; 273,6; 142049,6804;  [3 3 3 3 1 3 3 1 1 3 3 1 1 3 3 1 1 3 3 1 1 3 3 1 1 3 3 1 1 3 3 1 1 3 3 1 1 3 3 1 1 3 3 1 1 3 3 1 1 3 3 1 1 3 3 1 1 3 3 1]
26,4026; 274,2; 146869,657;  [4 4 4 4 1 4 4 1 1 4 4 1 1 4 4 1 1 4 4 1 1 4 4 1 1 4 4 1 1 4 4 1 1 4 4 1 1 4 4 1 1 4 4 1 1 4 4 1 1 4 4 1 1 4 4 1 1 4 4 1]
33,5204; 276,8; 152173,9603;  [5 5 5 5 1 5 5 1 1 5 5 1 1 5 5 1 1 5 5 1 1 5 5 1 1 5 5 1 1 5 5 1 1 5 5 1 1 5 5 1 1 5 5 1 1 5 5 1 1 5 5 1 1 5 5 1 1 5 5 1]
39,9053; 270,4; 152979,0533;  [6 6 6 6 1 6 6 1 1 6 6 1 1 6 6 1 1 6 6 1 1 6 6 1 1 6 6 1 1 6 6 1 1 6 6 1 1 6 6 1 1 6 6 1 1 6 6 1 1 6 6 1 1 6 6 1 1 6 6 1]
45,8421; 276,3; 159416,5317;  [7 7 7 7 1 7 7 1 1 7 7 1 1 7 7 1 1 7 7 1 1 7 7 1 1 7 7 1 1 7 7 1 1 7 7 1 1 7 7 1 1 7 7 1 1 7 7 1 1 7 7 1 1 7 7 1 1 7 7 1]
51,3392; 285,1; 166948,9295;  [8 8 8 8 1 8 8 1 1 8 8 1 1 8 8 1 1 8 8 1 1 8 8 1 1 8 8 1 1 8 8 1 1 8 8 1 1 8 8 1 1 8 8 1 1 8 8 1 1 8 8 1 1 8 8 1 1 8 8 1]
56,2286; 280,2; 167564,9996;  [9 9 9 9 1 9 9 1 1 9 9 1 1 9 9 1 1 9 9 1 1 9 9 1 1 9 9 1 1 9 9 1 1 9 9 1 1 9 9 1 1 9 9 1 1 9 9 1 1 9 9 1 1 9 9 1 1 9 9 1]

Final Pareto Frontier:
0; 287,6; 138050,8273;  [1 1 1 1 1 1 1 1 1 1 1 1 1 1 1 1 1 1 1 1 1 1 1 1 1 1 1 1 1 1 1 1 1 1 1 1 1 1 1 1 1 1 1 1 1 1 1 1 1 1 1 1 1 1 1 1 1 1 1 1]
9,8061; 277,7; 138992,2149;  [2 2 2 2 1 2 2 1 1 2 2 1 1 2 2 1 1 2 2 1 1 2 2 1 1 2 2 1 1 2 2 1 1 2 2 1 1 2 2 1 1 2 2 1 1 2 2 1 1 2 2 1 1 2 2 1 1 2 2 1]
18,5425; 273,6; 142049,6804;  [3 3 3 3 1 3 3 1 1 3 3 1 1 3 3 1 1 3 3 1 1 3 3 1 1 3 3 1 1 3 3 1 1 3 3 1 1 3 3 1 1 3 3 1 1 3 3 1 1 3 3 1 1 3 3 1 1 3 3 1]
39,9053; 270,4; 152979,0533;  [6 6 6 6 1 6 6 1 1 6 6 1 1 6 6 1 1 6 6 1 1 6 6 1 1 6 6 1 1 6 6 1 1 6 6 1 1 6 6 1 1 6 6 1 1 6 6 1 1 6 6 1 1 6 6 1 1 6 6 1]

=============================================================
Instance #5
=============================================================

Cycle #0 (150 ms; 5 best solutions)
0; 169,8; 81525,6719;  [1 1 1 1 1 1 1 1 1 1 1 1 1 1 1 1 1 1 1 1 1 1 1 1 1 1 1 1 1 1 1 1 1 1 1 1 1 1 1 1 1 1 1 1]
6,5596; 163,2; 82155,8013;  [2 2 2 2 1 2 2 1 1 2 2 1 1 2 2 1 1 2 2 1 1 2 2 1 1 2 2 1 1 2 2 1 1 2 2 1 1 2 2 1 1 2 2 1]
12,482; 160,3; 84149,4685;  [3 3 3 3 1 3 3 1 1 3 3 1 1 3 3 1 1 3 3 1 1 3 3 1 1 3 3 1 1 3 3 1 1 3 3 1 1 3 3 1 1 3 3 1]
17,9794; 160,2; 87296,4992;  [4 4 4 4 1 4 4 1 1 4 4 1 1 4 4 1 1 4 4 1 1 4 4 1 1 4 4 1 1 4 4 1 1 4 4 1 1 4 4 1 1 4 4 1]
23,1289; 161,3; 90783,264;  [5 5 5 5 1 5 5 1 1 5 5 1 1 5 5 1 1 5 5 1 1 5 5 1 1 5 5 1 1 5 5 1 1 5 5 1 1 5 5 1 1 5 5 1]
27,5344; 156,9; 91338,3577;  [6 6 6 6 1 6 6 1 1 6 6 1 1 6 6 1 1 6 6 1 1 6 6 1 1 6 6 1 1 6 6 1 1 6 6 1 1 6 6 1 1 6 6 1]
32,1485; 160; 95612,3577;  [7 7 7 7 1 7 7 1 1 7 7 1 1 7 7 1 1 7 7 1 1 7 7 1 1 7 7 1 1 7 7 1 1 7 7 1 1 7 7 1 1 7 7 1]
36,7134; 164,8; 100655,1176;  [8 8 8 8 1 8 8 1 1 8 8 1 1 8 8 1 1 8 8 1 1 8 8 1 1 8 8 1 1 8 8 1 1 8 8 1 1 8 8 1 1 8 8 1]
40,2099; 161,3; 101095,6781;  [9 9 9 9 1 9 9 1 1 9 9 1 1 9 9 1 1 9 9 1 1 9 9 1 1 9 9 1 1 9 9 1 1 9 9 1 1 9 9 1 1 9 9 1]

Final Pareto Frontier:
0; 169,8; 81525,6719;  [1 1 1 1 1 1 1 1 1 1 1 1 1 1 1 1 1 1 1 1 1 1 1 1 1 1 1 1 1 1 1 1 1 1 1 1 1 1 1 1 1 1 1 1]
6,5596; 163,2; 82155,8013;  [2 2 2 2 1 2 2 1 1 2 2 1 1 2 2 1 1 2 2 1 1 2 2 1 1 2 2 1 1 2 2 1 1 2 2 1 1 2 2 1 1 2 2 1]
12,482; 160,3; 84149,4685;  [3 3 3 3 1 3 3 1 1 3 3 1 1 3 3 1 1 3 3 1 1 3 3 1 1 3 3 1 1 3 3 1 1 3 3 1 1 3 3 1 1 3 3 1]
17,9794; 160,2; 87296,4992;  [4 4 4 4 1 4 4 1 1 4 4 1 1 4 4 1 1 4 4 1 1 4 4 1 1 4 4 1 1 4 4 1 1 4 4 1 1 4 4 1 1 4 4 1]
27,5344; 156,9; 91338,3577;  [6 6 6 6 1 6 6 1 1 6 6 1 1 6 6 1 1 6 6 1 1 6 6 1 1 6 6 1 1 6 6 1 1 6 6 1 1 6 6 1 1 6 6 1]

