=============================================================
Instance #0
=============================================================

Cycle #0 (53 ms; 1 best solutions)
21,2852; 180,6; 99241,0764;  [1 1 1 1 1 1 1 1 9 1 1 1 9 1 1 1 9 1 1 1 9 9 9 1 1 1 1 1 1 1 1 1 1 1 1 1 9 9 9 9]

Final Pareto Frontier:
21,2852; 180,6; 99241,0764;  [1 1 1 1 1 1 1 1 9 1 1 1 9 1 1 1 9 1 1 1 9 9 9 1 1 1 1 1 1 1 1 1 1 1 1 1 9 9 9 9]

=============================================================
Instance #1
=============================================================

Cycle #0 (99 ms; 1 best solutions)
133,9506; 437,7; 288889,528;  [9 9 9 9 1 9 9 1 1 9 9 1 1 9 9 1 1 9 9 1 1 9 9 1 1 9 9 1 1 9 9 1 1 9 9 1 1 9 9 1 1 9 9 1 1 9 9 1 1 9 9 1 1 9 9 1 1 9 9 1 1 9 9 1 1 9 9 1 1 9 9 1 1 9 9 1 1 9 9 1 1 9 9 1]

Final Pareto Frontier:
133,9506; 437,7; 288889,528;  [9 9 9 9 1 9 9 1 1 9 9 1 1 9 9 1 1 9 9 1 1 9 9 1 1 9 9 1 1 9 9 1 1 9 9 1 1 9 9 1 1 9 9 1 1 9 9 1 1 9 9 1 1 9 9 1 1 9 9 1 1 9 9 1 1 9 9 1 1 9 9 1 1 9 9 1 1 9 9 1 1 9 9 1]

=============================================================
Instance #2
=============================================================

Cycle #0 (62 ms; 1 best solutions)
34,7544; 474; 247972,3945;  [1 1 1 1 1 1 1 1 1 1 1 1 1 1 1 1 1 1 1 1 1 1 1 1 1 1 1 1 1 1 1 1 1 1 1 1 1 1 1 1 1 1 1 1 1 1 1 1 1 1 1 1 1 1 1 1 1 9 1 1 1 1 1 1 1 1 1 1 9 1 1 1 9 1 1 1 9 1 1 1 9 9 9 1 9 9 9 1 9 9 9 1 9 9 9 1 9 9 9 1 9 9 9 9 9 9 9 1]

Final Pareto Frontier:
34,7544; 474; 247972,3945;  [1 1 1 1 1 1 1 1 1 1 1 1 1 1 1 1 1 1 1 1 1 1 1 1 1 1 1 1 1 1 1 1 1 1 1 1 1 1 1 1 1 1 1 1 1 1 1 1 1 1 1 1 1 1 1 1 1 9 1 1 1 1 1 1 1 1 1 1 9 1 1 1 9 1 1 1 9 1 1 1 9 9 9 1 9 9 9 1 9 9 9 1 9 9 9 1 9 9 9 1 9 9 9 9 9 9 9 1]

=============================================================
Instance #3
=============================================================

Cycle #0 (58 ms; 1 best solutions)
112,3331; 815,5; 457515,208;  [1 1 1 1 1 1 1 1 1 1 1 1 1 1 1 1 1 1 1 1 9 1 1 1 9 1 1 1 1 1 1 1 9 1 1 1 1 1 1 1 9 1 1 1 9 1 1 1 1 1 1 1 9 1 1 1 9 1 1 1 9 9 9 1 9 9 9 1 9 9 9 9]

Final Pareto Frontier:
112,3331; 815,5; 457515,208;  [1 1 1 1 1 1 1 1 1 1 1 1 1 1 1 1 1 1 1 1 9 1 1 1 9 1 1 1 1 1 1 1 9 1 1 1 1 1 1 1 9 1 1 1 9 1 1 1 1 1 1 1 9 1 1 1 9 1 1 1 9 9 9 1 9 9 9 1 9 9 9 9]

=============================================================
Instance #4
=============================================================

Cycle #0 (19 ms; 1 best solutions)
56,2286; 274,8; 165004,5881;  [9 9 9 9 1 9 9 1 1 9 9 1 1 9 9 1 1 9 9 1 1 9 9 1 1 9 9 1 1 9 9 1 1 9 9 1 1 9 9 1 1 9 9 1 1 9 9 1 1 9 9 1 1 9 9 1 1 9 9 1]

Final Pareto Frontier:
56,2286; 274,8; 165004,5881;  [9 9 9 9 1 9 9 1 1 9 9 1 1 9 9 1 1 9 9 1 1 9 9 1 1 9 9 1 1 9 9 1 1 9 9 1 1 9 9 1 1 9 9 1 1 9 9 1 1 9 9 1 1 9 9 1 1 9 9 1]

=============================================================
Instance #5
=============================================================

Cycle #0 (9 ms; 1 best solutions)
40,2099; 158,7; 99860,3313;  [9 9 9 9 1 9 9 1 1 9 9 1 1 9 9 1 1 9 9 1 1 9 9 1 1 9 9 1 1 9 9 1 1 9 9 1 1 9 9 1 1 9 9 1]

Final Pareto Frontier:
40,2099; 158,7; 99860,3313;  [9 9 9 9 1 9 9 1 1 9 9 1 1 9 9 1 1 9 9 1 1 9 9 1 1 9 9 1 1 9 9 1 1 9 9 1 1 9 9 1 1 9 9 1]

