config	inst	time	count	best	spr	hv	gd	
rs5k	I0	37234	11	3	0.6812	0.4385	0.0341	
rs5k	I0	55184	17	1	0.8691	0.4103	0.0665	
rs5k	I0	57590	17	0	0.9071	0.4101	0.0762	
rs5k	I0	58491	20	0	0.6191	0.3831	0.0427	
rs5k	I0	57979	21	0	0.7476	0.4254	0.0409	
rs5k	I0	57151	18	1	0.7896	0.4168	0.0489	
rs5k	I0	57187	16	2	0.5936	0.4287	0.0416	
rs5k	I0	56120	18	0	0.6714	0.4164	0.0468	
rs5k	I0	56713	19	0	0.8159	0.4051	0.0425	
rs5k	I0	55685	19	0	0.7261	0.2919	0.0582	
rs5k	I0	55045	14	2	0.7578	0.5395	0.0497	
rs5k	I0	56760	18	0	0.7283	0.3918	0.0483	
rs5k	I0	56525	12	0	0.6742	0.4581	0.0439	
rs5k	I0	56782	15	2	0.5673	0.4202	0.0425	
rs5k	I0	56635	18	0	0.7277	0.3001	0.0619	
rs5k	I0	55625	17	1	0.5812	0.4132	0.0465	
rs5k	I0	53990	18	0	0.6393	0.3343	0.0514	
rs5k	I0	55565	19	0	0.7064	0.3863	0.0483	
rs5k	I0	56006	15	0	0.7594	0.3613	0.0490	
rs5k	I0	56430	19	0	0.8245	0.4040	0.0374	
rs5k	I0	56348	16	1	0.5926	0.4541	0.0459	
rs5k	I0	57080	18	1	0.7826	0.4333	0.0553	
rs5k	I0	57520	10	2	0.5621	0.5805	0.0468	
rs5k	I0	56990	9	2	0.7459	0.5423	0.0948	
rs5k	I0	56372	25	0	0.7691	0.3777	0.0429	
rs5k	I0	54109	12	0	0.5971	0.4084	0.0431	
rs5k	I0	54181	15	1	0.7249	0.3905	0.0561	
rs5k	I0	54887	19	0	0.7172	0.3762	0.0529	
rs5k	I0	56383	15	0	0.7893	0.4948	0.0433	
rs5k	I0	56311	25	1	0.7218	0.3506	0.0549	
rs5k	I0	56268	21	0	0.6608	0.3028	0.0526	
rs5k	I0	55794	22	0	0.6913	0.3600	0.0485	
rs5k	I0	57101	19	0	0.7796	0.3973	0.0544	
rs5k	I0	58312	15	0	0.6762	0.3825	0.0452	
rs5k	I0	58004	13	0	0.7483	0.4619	0.0580	
rs5k	I0	58101	18	1	0.7210	0.3542	0.0482	
rs5k	I0	58579	18	0	0.8718	0.3854	0.0563	
rs5k	I0	57961	21	1	0.6559	0.3616	0.0445	
rs5k	I0	59387	22	0	0.6829	0.2993	0.0537	
rs5k	I0	57562	20	0	0.7009	0.3835	0.0457	
rs5k	I0	55320	23	0	0.7013	0.3106	0.0594	
rs5k	I0	52940	18	1	0.7348	0.4839	0.0490	
rs5k	I0	51610	20	0	0.8018	0.3895	0.0485	
rs5k	I0	56986	18	0	0.7134	0.3682	0.0491	
rs5k	I0	57880	16	1	0.7942	0.4092	0.0421	
rs5k	I0	57099	16	0	0.6547	0.3624	0.0614	
rs5k	I0	57273	9	2	0.5334	0.5478	0.0455	
rs5k	I0	58335	12	0	0.8225	0.3910	0.0546	
rs5k	I0	53722	19	0	0.8076	0.3523	0.0535	
rs5k	I0	57286	23	0	0.7106	0.3791	0.0435	
rs5k	I1	312808	31	0	0.5740	0.4657	0.0200	
rs5k	I1	313290	33	0	0.6351	0.4840	0.0188	
rs5k	I1	315004	31	0	0.6029	0.4703	0.0191	
rs5k	I1	319612	21	2	0.5188	0.5105	0.0193	
rs5k	I1	312216	22	1	0.7158	0.5308	0.0246	
rs5k	I1	324378	32	0	0.7010	0.4725	0.0205	
rs5k	I1	318702	32	1	0.6341	0.4929	0.0214	
rs5k	I1	322407	32	0	0.5840	0.4775	0.0195	
rs5k	I1	324421	27	3	0.6598	0.5514	0.0156	
rs5k	I1	326662	26	1	0.6420	0.5124	0.0201	
rs5k	I1	294982	34	1	0.6127	0.5063	0.0179	
rs5k	I1	279580	24	1	0.6060	0.4911	0.0231	
rs5k	I1	280482	32	0	0.6823	0.4820	0.0214	
rs5k	I1	279534	34	2	0.6981	0.4941	0.0205	
rs5k	I1	278836	26	1	0.5364	0.4995	0.0180	
rs5k	I1	278992	22	3	0.7278	0.5781	0.0196	
rs5k	I1	278806	26	0	0.6531	0.4971	0.0239	
rs5k	I1	278098	24	1	0.7914	0.5043	0.0195	
rs5k	I1	278744	29	1	0.6316	0.5073	0.0166	
rs5k	I1	278490	36	0	0.6594	0.4686	0.0182	
rs5k	I1	278859	23	2	0.6723	0.5191	0.0164	
rs5k	I1	278870	23	2	0.7110	0.5338	0.0169	
rs5k	I1	278409	26	0	0.6777	0.5138	0.0214	
rs5k	I1	278747	21	1	0.4351	0.5274	0.0172	
rs5k	I1	278482	34	0	0.6060	0.4882	0.0209	
rs5k	I1	278675	26	0	0.6921	0.5000	0.0182	
rs5k	I1	278948	28	1	0.6062	0.5016	0.0218	
rs5k	I1	277875	30	1	0.6549	0.4918	0.0192	
rs5k	I1	278315	25	0	0.6189	0.5027	0.0183	
rs5k	I1	278568	34	1	0.6788	0.4846	0.0189	
rs5k	I1	277969	37	1	0.6511	0.4966	0.0192	
rs5k	I1	278332	24	2	0.7096	0.5266	0.0246	
rs5k	I1	278842	34	1	0.6704	0.5080	0.0179	
rs5k	I1	278096	35	0	0.6888	0.4691	0.0204	
rs5k	I1	278227	25	3	0.7759	0.5305	0.0183	
rs5k	I1	278617	22	1	0.7181	0.5106	0.0186	
rs5k	I1	277684	27	1	0.5755	0.4990	0.0182	
rs5k	I1	278234	31	0	0.6641	0.4710	0.0201	
rs5k	I1	278221	31	1	0.6916	0.4980	0.0201	
rs5k	I1	278269	30	0	0.6823	0.5078	0.0183	
rs5k	I1	278073	29	0	0.6125	0.5029	0.0188	
rs5k	I1	278104	28	1	0.5924	0.5182	0.0184	
rs5k	I1	278261	28	1	0.5922	0.4923	0.0169	
rs5k	I1	278733	25	3	0.6503	0.4973	0.0253	
rs5k	I1	278246	29	1	0.6356	0.5234	0.0202	
rs5k	I1	278116	27	0	0.6766	0.5103	0.0199	
rs5k	I1	278202	31	3	0.6677	0.4992	0.0194	
rs5k	I1	278456	35	0	0.5105	0.4801	0.0187	
rs5k	I1	278569	33	0	0.6906	0.4742	0.0242	
rs5k	I1	277997	25	2	0.6746	0.5243	0.0167	
rs5k	I2	321415	22	0	0.6668	0.3648	0.0559	
rs5k	I2	321193	16	0	0.6074	0.4207	0.0496	
rs5k	I2	320927	14	0	0.7021	0.4293	0.0569	
rs5k	I2	321058	20	0	0.7297	0.3737	0.0466	
rs5k	I2	320962	18	0	0.6097	0.3876	0.0529	
rs5k	I2	321679	22	0	0.7298	0.3631	0.0532	
rs5k	I2	321234	18	0	0.9201	0.4140	0.0612	
rs5k	I2	321307	19	0	0.6806	0.3711	0.0507	
rs5k	I2	321463	21	2	0.5720	0.4085	0.0440	
rs5k	I2	321354	15	1	0.7298	0.4131	0.0514	
rs5k	I2	321381	8	2	0.6680	0.5526	0.0415	
rs5k	I2	321315	9	0	0.6357	0.4425	0.0492	
rs5k	I2	321395	9	1	0.7501	0.4873	0.0482	
rs5k	I2	321637	15	0	0.6244	0.4501	0.0498	
rs5k	I2	321594	15	2	0.6903	0.4643	0.0515	
rs5k	I2	321238	20	0	0.7413	0.4010	0.0483	
rs5k	I2	321351	22	0	0.8347	0.3789	0.0536	
rs5k	I2	321364	20	0	0.8027	0.3932	0.0521	
rs5k	I2	321627	13	0	0.5634	0.3625	0.0566	
rs5k	I2	320999	15	0	0.7400	0.4569	0.0550	
rs5k	I2	321458	8	3	0.7807	0.6566	0.0397	
rs5k	I2	321349	10	0	0.6945	0.5187	0.0451	
rs5k	I2	320818	14	1	0.7703	0.4910	0.0475	
rs5k	I2	321631	17	1	0.7303	0.4624	0.0471	
rs5k	I2	321242	15	1	0.8101	0.5514	0.0546	
rs5k	I2	321565	12	0	0.6322	0.4069	0.0592	
rs5k	I2	321774	11	0	0.6852	0.4457	0.0532	
rs5k	I2	321344	14	0	0.7900	0.4776	0.0510	
rs5k	I2	321815	13	1	0.7798	0.4397	0.0522	
rs5k	I2	321349	19	0	0.6981	0.3762	0.0486	
rs5k	I2	321404	15	0	0.6500	0.4016	0.0545	
rs5k	I2	321670	9	1	0.7869	0.4986	0.0594	
rs5k	I2	321158	22	0	0.9147	0.4257	0.0475	
rs5k	I2	321474	15	0	0.8170	0.4269	0.0432	
rs5k	I2	321208	22	0	0.5914	0.4446	0.0430	
rs5k	I2	320675	7	0	0.6836	0.5748	0.0619	
rs5k	I2	321520	22	0	0.8684	0.4414	0.0564	
rs5k	I2	321488	12	1	0.7232	0.4905	0.0528	
rs5k	I2	321239	20	0	0.7524	0.4344	0.0499	
rs5k	I2	321490	19	0	0.6066	0.3690	0.0490	
rs5k	I2	321123	18	0	0.6948	0.4503	0.0507	
rs5k	I2	320825	13	2	0.7237	0.5812	0.0421	
rs5k	I2	321795	18	0	0.6469	0.4775	0.0462	
rs5k	I2	321778	17	2	0.7674	0.4327	0.0468	
rs5k	I2	320932	19	1	0.5903	0.4541	0.0475	
rs5k	I2	321427	16	0	0.6295	0.4141	0.0522	
rs5k	I2	321524	11	2	0.6944	0.5289	0.0486	
rs5k	I2	321405	15	2	0.7620	0.4870	0.0542	
rs5k	I2	321930	17	0	0.6771	0.4166	0.0450	
rs5k	I2	321208	16	1	0.8136	0.5430	0.0520	
rs5k	I3	344662	19	0	0.3845	0.4313	0.0423	
rs5k	I3	345256	19	1	0.6063	0.4203	0.0378	
rs5k	I3	344802	18	0	0.5753	0.4296	0.0367	
rs5k	I3	344525	17	0	0.6735	0.4915	0.0492	
rs5k	I3	344869	17	0	0.6673	0.4731	0.0572	
rs5k	I3	345358	16	0	0.5058	0.4598	0.0452	
rs5k	I3	345347	18	1	0.8942	0.4474	0.0584	
rs5k	I3	344505	13	2	0.6836	0.5110	0.0442	
rs5k	I3	344839	21	2	0.5755	0.3977	0.0379	
rs5k	I3	344051	28	0	0.6814	0.4642	0.0423	
rs5k	I3	343874	22	0	0.6267	0.4375	0.0353	
rs5k	I3	345629	19	0	0.6488	0.4273	0.0416	
rs5k	I3	345018	13	0	0.7562	0.4443	0.0398	
rs5k	I3	344983	15	0	0.6783	0.5064	0.0526	
rs5k	I3	344913	20	1	0.8856	0.4403	0.0510	
rs5k	I3	347784	18	0	0.7940	0.5311	0.0398	
rs5k	I3	344384	23	0	0.7106	0.3994	0.0639	
rs5k	I3	344845	17	1	0.7000	0.4801	0.0404	
rs5k	I3	345225	25	0	0.7956	0.4146	0.0488	
rs5k	I3	344862	21	1	0.6377	0.4994	0.0341	
rs5k	I3	344336	20	1	0.6865	0.4738	0.0396	
rs5k	I3	344752	19	1	0.7279	0.4430	0.0504	
rs5k	I3	345653	18	1	0.8593	0.5098	0.0368	
rs5k	I3	344960	19	0	0.7726	0.4211	0.0487	
rs5k	I3	344502	17	0	0.7570	0.4255	0.0450	
rs5k	I3	344772	18	3	0.7885	0.4708	0.0421	
rs5k	I3	345125	18	0	0.8487	0.4932	0.0497	
rs5k	I3	344467	23	1	0.6977	0.4470	0.0436	
rs5k	I3	344845	17	2	0.6680	0.5586	0.0302	
rs5k	I3	344517	16	0	0.6651	0.4395	0.0462	
rs5k	I3	346139	14	1	0.6804	0.4742	0.0440	
rs5k	I3	345327	20	0	0.5551	0.3879	0.0493	
rs5k	I3	345520	18	0	0.7884	0.4584	0.0778	
rs5k	I3	344416	20	0	0.7849	0.4321	0.0468	
rs5k	I3	344494	23	0	0.5878	0.4069	0.0383	
rs5k	I3	344523	20	2	0.7685	0.5081	0.0532	
rs5k	I3	344758	18	0	0.6435	0.4831	0.0417	
rs5k	I3	344939	24	0	0.5928	0.3984	0.0358	
rs5k	I3	343706	17	2	0.7739	0.5069	0.0807	
rs5k	I3	344411	29	0	0.8421	0.3683	0.0585	
rs5k	I3	345453	18	0	0.5757	0.4054	0.0443	
rs5k	I3	344277	22	0	0.5830	0.4138	0.0380	
rs5k	I3	344552	19	0	0.7604	0.4956	0.0604	
rs5k	I3	345078	19	1	0.6842	0.4528	0.0391	
rs5k	I3	344332	20	1	0.7635	0.4741	0.0524	
rs5k	I3	344776	20	1	0.7416	0.5381	0.0399	
rs5k	I3	344781	21	1	0.5339	0.4652	0.0356	
rs5k	I3	345929	18	1	0.6536	0.4890	0.0365	
rs5k	I3	345240	24	0	0.8792	0.4269	0.0570	
rs5k	I3	344711	24	0	0.5859	0.4305	0.0366	
rs5k	I4	118818	27	1	0.7675	0.4006	0.0302	
rs5k	I4	119402	25	0	0.6783	0.4113	0.0292	
rs5k	I4	118987	28	0	0.6129	0.4158	0.0243	
rs5k	I4	118778	30	1	0.7715	0.3775	0.0329	
rs5k	I4	118941	28	3	0.6681	0.4507	0.0320	
rs5k	I4	119113	23	1	0.7904	0.4217	0.0316	
rs5k	I4	118720	38	1	0.7373	0.3946	0.0262	
rs5k	I4	118917	31	0	0.7189	0.4121	0.0260	
rs5k	I4	118768	24	1	0.5627	0.3979	0.0292	
rs5k	I4	118872	30	1	0.6899	0.3712	0.0277	
rs5k	I4	119218	29	0	0.7381	0.3740	0.0346	
rs5k	I4	118971	26	0	0.8359	0.4005	0.0315	
rs5k	I4	118980	24	3	0.7020	0.4460	0.0263	
rs5k	I4	119080	27	1	0.7450	0.3938	0.0286	
rs5k	I4	119248	25	1	0.8230	0.4298	0.0284	
rs5k	I4	118966	23	0	0.6550	0.3965	0.0290	
rs5k	I4	119115	31	0	0.6522	0.4086	0.0243	
rs5k	I4	119034	36	1	0.6688	0.3904	0.0223	
rs5k	I4	118677	29	0	0.7192	0.4200	0.0207	
rs5k	I4	119529	30	2	0.7234	0.3892	0.0320	
rs5k	I4	118351	26	0	0.5880	0.4290	0.0248	
rs5k	I4	118795	30	0	0.6854	0.3885	0.0292	
rs5k	I4	119292	26	1	0.8744	0.4342	0.0358	
rs5k	I4	118719	26	0	0.6139	0.4654	0.0190	
rs5k	I4	118693	39	0	0.6699	0.3974	0.0247	
rs5k	I4	118946	27	0	0.6219	0.4072	0.0264	
rs5k	I4	118626	29	1	0.6113	0.4220	0.0227	
rs5k	I4	118856	30	0	0.6810	0.3912	0.0278	
rs5k	I4	119166	25	1	0.7362	0.4228	0.0336	
rs5k	I4	119007	20	3	0.6973	0.4677	0.0290	
rs5k	I4	118878	23	0	0.6642	0.4424	0.0272	
rs5k	I4	119159	24	1	0.6113	0.4453	0.0220	
rs5k	I4	119134	33	0	0.7334	0.3883	0.0245	
rs5k	I4	118730	26	2	0.6616	0.4144	0.0230	
rs5k	I4	118705	22	3	0.8231	0.4166	0.0430	
rs5k	I4	119173	28	3	0.7238	0.4431	0.0234	
rs5k	I4	118975	29	3	0.7737	0.4246	0.0227	
rs5k	I4	119206	28	0	0.7200	0.3763	0.0310	
rs5k	I4	118859	19	1	0.7268	0.4185	0.0415	
rs5k	I4	118690	23	0	0.5850	0.4108	0.0243	
rs5k	I4	119050	23	2	0.7891	0.4513	0.0274	
rs5k	I4	119068	29	0	0.6355	0.4061	0.0276	
rs5k	I4	119019	26	2	0.6895	0.4369	0.0395	
rs5k	I4	118592	20	3	0.6471	0.4505	0.0261	
rs5k	I4	118664	28	1	0.6635	0.3673	0.0295	
rs5k	I4	119259	20	2	0.7083	0.3982	0.0267	
rs5k	I4	118873	27	0	0.6478	0.4100	0.0318	
rs5k	I4	118994	25	0	0.7340	0.3820	0.0485	
rs5k	I4	118768	25	1	0.6191	0.4241	0.0225	
rs5k	I4	119130	28	1	0.6340	0.4161	0.0313	
rs5k	I5	51415	22	1	0.6900	0.4866	0.0205	
rs5k	I5	51307	27	1	0.7733	0.5080	0.0223	
rs5k	I5	51377	32	0	0.6862	0.4643	0.0195	
rs5k	I5	51541	26	0	0.5796	0.4792	0.0178	
rs5k	I5	51535	19	0	0.6352	0.4746	0.0219	
rs5k	I5	51451	27	1	0.5467	0.4593	0.0231	
rs5k	I5	51485	29	0	0.6555	0.4520	0.0234	
rs5k	I5	51437	24	2	0.7200	0.5029	0.0220	
rs5k	I5	51202	26	1	0.6567	0.5046	0.0140	
rs5k	I5	51307	26	0	0.5556	0.4543	0.0222	
rs5k	I5	51312	30	0	0.6648	0.4675	0.0195	
rs5k	I5	51378	29	0	0.7069	0.4542	0.0226	
rs5k	I5	51330	31	1	0.6868	0.4766	0.0201	
rs5k	I5	51378	21	2	0.6329	0.5096	0.0224	
rs5k	I5	51427	18	1	0.5251	0.5001	0.0182	
rs5k	I5	51386	24	3	0.6978	0.4879	0.0161	
rs5k	I5	51153	23	2	0.6207	0.5102	0.0153	
rs5k	I5	51305	29	0	0.8123	0.4584	0.0237	
rs5k	I5	51480	25	2	0.6082	0.5055	0.0212	
rs5k	I5	51311	24	2	0.8432	0.5241	0.0230	
rs5k	I5	51575	19	3	0.7322	0.5195	0.0213	
rs5k	I5	51341	17	1	0.7119	0.4709	0.0213	
rs5k	I5	51410	36	1	0.7517	0.4294	0.0245	
rs5k	I5	51288	25	1	0.7211	0.4813	0.0206	
rs5k	I5	51122	21	1	0.6218	0.4777	0.0232	
rs5k	I5	51273	22	1	0.5622	0.4705	0.0205	
rs5k	I5	51341	20	2	0.6453	0.5118	0.0217	
rs5k	I5	51452	22	2	0.6773	0.4990	0.0179	
rs5k	I5	51400	23	0	0.6448	0.4890	0.0228	
rs5k	I5	51420	27	1	0.7333	0.4828	0.0224	
rs5k	I5	51408	24	1	0.7016	0.4725	0.0197	
rs5k	I5	51507	23	0	0.6967	0.5030	0.0296	
rs5k	I5	51441	27	3	0.6704	0.4726	0.0220	
rs5k	I5	51321	24	1	0.7746	0.4915	0.0234	
rs5k	I5	51403	28	0	0.6516	0.4825	0.0211	
rs5k	I5	51541	30	0	0.6969	0.4632	0.0221	
rs5k	I5	51550	23	1	0.8207	0.4818	0.0349	
rs5k	I5	51329	20	0	0.5403	0.4727	0.0271	
rs5k	I5	51414	18	2	0.5317	0.4787	0.0238	
rs5k	I5	51410	27	0	0.7774	0.4641	0.0212	
rs5k	I5	51350	26	0	0.6241	0.4660	0.0233	
rs5k	I5	51575	21	0	0.7347	0.5032	0.0260	
rs5k	I5	55906	26	1	0.6857	0.4523	0.0252	
rs5k	I5	51701	25	1	0.6912	0.4698	0.0188	
rs5k	I5	51583	29	1	0.7543	0.4727	0.0196	
rs5k	I5	51576	26	2	0.7645	0.4900	0.0209	
rs5k	I5	51684	29	0	0.7979	0.4757	0.0203	
rs5k	I5	51713	29	1	0.6601	0.4736	0.0206	
rs5k	I5	51749	31	0	0.5714	0.4369	0.0205	
rs5k	I5	51800	29	1	0.6347	0.4649	0.0191	
rs10k	I0	88844	25	1	0.7301	0.3871	0.0469	
rs10k	I0	111227	23	0	0.6820	0.4308	0.0392	
rs10k	I0	110601	19	1	0.7209	0.4503	0.0379	
rs10k	I0	108792	22	1	0.5422	0.4421	0.0347	
rs10k	I0	108727	20	1	0.8854	0.4747	0.0431	
rs10k	I0	106828	20	0	0.5968	0.4231	0.0416	
rs10k	I0	107788	22	1	0.6396	0.4150	0.0825	
rs10k	I0	108020	19	2	0.6731	0.5070	0.0363	
rs10k	I0	105858	18	1	0.6331	0.4416	0.0398	
rs10k	I0	106191	17	1	0.5820	0.4531	0.0320	
rs10k	I0	107875	20	1	0.7061	0.4032	0.0499	
rs10k	I0	109375	19	0	0.6890	0.4277	0.0383	
rs10k	I0	107626	22	2	0.8535	0.4296	0.0464	
rs10k	I0	105423	21	1	0.6632	0.4480	0.0368	
rs10k	I0	106567	19	0	0.5145	0.4378	0.0371	
rs10k	I0	107282	26	0	0.7163	0.4183	0.0382	
rs10k	I0	107966	23	0	0.7813	0.3872	0.0496	
rs10k	I0	109961	20	2	0.8097	0.5171	0.0832	
rs10k	I0	110750	14	2	0.6721	0.5385	0.0312	
rs10k	I0	110349	18	1	0.6497	0.5047	0.0388	
rs10k	I0	110084	18	0	0.6723	0.3998	0.0394	
rs10k	I0	104585	25	0	0.8239	0.3880	0.0438	
rs10k	I0	105029	21	1	0.7146	0.4064	0.0517	
rs10k	I0	109641	18	1	0.6413	0.4223	0.0384	
rs10k	I0	109175	24	1	0.7834	0.3708	0.0500	
rs10k	I0	106874	21	0	0.8188	0.3927	0.0535	
rs10k	I0	106502	24	0	0.7723	0.3963	0.0487	
rs10k	I0	107511	18	0	0.6842	0.4370	0.0461	
rs10k	I0	109143	17	2	0.7692	0.4901	0.0396	
rs10k	I0	108448	18	0	0.8322	0.4644	0.0554	
rs10k	I0	107781	16	1	0.6721	0.4501	0.0423	
rs10k	I0	107494	19	1	0.7762	0.4598	0.0370	
rs10k	I0	105953	19	0	0.7772	0.3749	0.0500	
rs10k	I0	109588	18	0	0.6206	0.4413	0.0418	
rs10k	I0	109404	21	2	0.7275	0.3834	0.0494	
rs10k	I0	110163	18	0	0.5495	0.4397	0.0449	
rs10k	I0	110060	19	0	0.7157	0.4294	0.0507	
rs10k	I0	108467	17	1	0.7279	0.4666	0.0734	
rs10k	I0	108284	21	0	0.7482	0.3499	0.0510	
rs10k	I0	103373	22	0	0.7348	0.4050	0.0448	
rs10k	I0	110122	21	0	0.5821	0.4109	0.0366	
rs10k	I0	111043	18	1	0.6815	0.4406	0.0370	
rs10k	I0	110122	17	1	0.7280	0.4575	0.0357	
rs10k	I0	108476	17	1	0.6689	0.3929	0.0414	
rs10k	I0	108771	20	0	0.7583	0.4357	0.0381	
rs10k	I0	108887	19	0	0.6506	0.4115	0.0418	
rs10k	I0	108679	24	0	0.6963	0.3775	0.0398	
rs10k	I0	109505	21	2	0.7341	0.4677	0.0457	
rs10k	I0	109465	15	1	0.7740	0.5166	0.0504	
rs10k	I0	109541	15	0	0.4596	0.4219	0.0357	
rs10k	I1	633519	29	4	0.6482	0.5440	0.0163	
rs10k	I1	566673	31	1	0.6165	0.4856	0.0178	
rs10k	I1	557300	30	1	0.5960	0.4996	0.0220	
rs10k	I1	554499	38	0	0.7521	0.4735	0.0204	
rs10k	I1	554189	29	3	0.7592	0.5072	0.0193	
rs10k	I1	553682	32	1	0.6639	0.5067	0.0174	
rs10k	I1	554531	33	1	0.6597	0.5383	0.0198	
rs10k	I1	553802	35	2	0.6801	0.5242	0.0140	
rs10k	I1	554742	31	2	0.7559	0.5265	0.0162	
rs10k	I1	556524	29	1	0.6202	0.4834	0.0160	
rs10k	I1	556945	44	0	0.6170	0.4693	0.0174	
rs10k	I1	556724	35	1	0.6415	0.4771	0.0187	
rs10k	I1	557619	39	0	0.7684	0.4904	0.0178	
rs10k	I1	557127	31	1	0.6702	0.4922	0.0167	
rs10k	I1	557805	29	1	0.7959	0.5002	0.0304	
rs10k	I1	557204	33	0	0.6265	0.4949	0.0215	
rs10k	I1	557033	37	1	0.6896	0.4841	0.0167	
rs10k	I1	557741	33	1	0.7365	0.4705	0.0184	
rs10k	I1	557082	36	1	0.6776	0.4663	0.0179	
rs10k	I1	558007	28	0	0.5921	0.4733	0.0199	
rs10k	I1	557230	33	0	0.7706	0.4909	0.0169	
rs10k	I1	551191	29	3	0.7340	0.5331	0.0168	
rs10k	I1	551034	36	1	0.6870	0.4789	0.0187	
rs10k	I1	550917	28	2	0.6576	0.5028	0.0199	
rs10k	I1	550347	30	2	0.6165	0.5140	0.0221	
rs10k	I1	550486	36	1	0.6564	0.5150	0.0202	
rs10k	I1	550713	30	4	0.6878	0.5263	0.0150	
rs10k	I1	550916	28	1	0.5507	0.5077	0.0180	
rs10k	I1	551495	36	0	0.6009	0.4730	0.0161	
rs10k	I1	549710	33	0	0.6221	0.4851	0.0166	
rs10k	I1	550266	26	2	0.6116	0.5211	0.0178	
rs10k	I1	551115	36	0	0.7272	0.4569	0.0194	
rs10k	I1	550614	30	1	0.6355	0.4690	0.0224	
rs10k	I1	550685	38	1	0.4989	0.4719	0.0150	
rs10k	I1	550452	28	0	0.5868	0.4786	0.0184	
rs10k	I1	551431	28	2	0.6048	0.4991	0.0169	
rs10k	I1	551195	32	1	0.7706	0.4734	0.0198	
rs10k	I1	550770	32	0	0.6997	0.5039	0.0188	
rs10k	I1	550694	33	1	0.7492	0.4690	0.0215	
rs10k	I1	549982	39	2	0.7048	0.4403	0.0212	
rs10k	I1	550286	31	3	0.8014	0.5117	0.0187	
rs10k	I1	550886	41	0	0.6579	0.4798	0.0168	
rs10k	I1	550677	30	0	0.6877	0.4865	0.0171	
rs10k	I1	551139	39	2	0.6786	0.4838	0.0188	
rs10k	I1	550202	26	1	0.7635	0.5006	0.0282	
rs10k	I1	550500	26	1	0.7772	0.5107	0.0304	
rs10k	I1	550209	33	1	0.5102	0.4659	0.0198	
rs10k	I1	550495	41	0	0.6863	0.4576	0.0180	
rs10k	I1	549934	34	0	0.5599	0.4894	0.0171	
rs10k	I1	550600	32	2	0.5888	0.4740	0.0178	
rs10k	I2	632672	15	2	0.7348	0.3049	0.0757	
rs10k	I2	631696	16	0	0.7851	0.2148	0.0867	
rs10k	I2	632259	15	1	0.8172	0.2299	0.0990	
rs10k	I2	631983	22	0	0.8233	0.1987	0.0775	
rs10k	I2	631856	17	1	0.7564	0.2980	0.0739	
rs10k	I2	631072	17	1	0.8424	0.2569	0.0570	
rs10k	I2	632302	17	0	0.6210	0.2061	0.0671	
rs10k	I2	631924	16	0	0.6197	0.2383	0.0855	
rs10k	I2	633763	13	1	0.6181	0.3029	0.0706	
rs10k	I2	631309	20	1	0.7353	0.2697	0.0768	
rs10k	I2	631970	12	1	0.7544	0.3773	0.0836	
rs10k	I2	632746	13	1	0.6760	0.2749	0.0797	
rs10k	I2	632528	14	2	0.6692	0.2747	0.0641	
rs10k	I2	631295	15	0	0.5603	0.2350	0.0548	
rs10k	I2	631434	17	0	0.6742	0.2464	0.0703	
rs10k	I2	631892	17	0	0.6466	0.1944	0.0668	
rs10k	I2	632233	12	2	0.7750	0.2959	0.1110	
rs10k	I2	631966	17	0	0.6432	0.2915	0.0602	
rs10k	I2	631071	14	1	0.6020	0.2856	0.0640	
rs10k	I2	631130	13	0	0.8675	0.3072	0.0899	
rs10k	I2	632343	11	0	0.7211	0.2706	0.1190	
rs10k	I2	631747	20	0	0.5771	0.2215	0.0567	
rs10k	I2	633205	20	0	0.8039	0.2035	0.0868	
rs10k	I2	633454	18	0	0.6117	0.1992	0.0608	
rs10k	I2	632476	22	0	0.7593	0.2466	0.0893	
rs10k	I2	631580	24	0	0.7140	0.1756	0.0770	
rs10k	I2	631249	18	1	0.6890	0.2707	0.0516	
rs10k	I2	634331	26	0	0.6205	0.1957	0.0632	
rs10k	I2	634896	25	0	0.8284	0.2206	0.0799	
rs10k	I2	634564	20	0	0.7609	0.2163	0.0698	
rs10k	I2	633550	23	0	0.9655	0.2130	0.0869	
rs10k	I2	634609	25	2	0.8786	0.2590	0.0740	
rs10k	I2	634642	14	0	0.5995	0.2482	0.0564	
rs10k	I2	633918	20	0	0.7592	0.2226	0.0908	
rs10k	I2	634895	21	0	0.7376	0.2527	0.0505	
rs10k	I2	634273	15	1	0.8238	0.3116	0.0840	
rs10k	I2	636118	16	0	0.8610	0.2425	0.0696	
rs10k	I2	642389	21	0	0.7134	0.2166	0.0765	
rs10k	I2	642823	21	1	0.6110	0.1966	0.0610	
rs10k	I2	642953	25	0	0.7358	0.1850	0.0626	
rs10k	I2	618259	13	1	0.8896	0.2227	0.1341	
rs10k	I2	486677	24	0	0.6921	0.1598	0.0635	
rs10k	I2	483745	11	0	0.6647	0.2401	0.0920	
rs10k	I2	484917	18	2	0.8388	0.2696	0.0650	
rs10k	I2	483341	17	0	0.6166	0.1768	0.0696	
rs10k	I2	485615	17	1	0.8141	0.3731	0.0962	
rs10k	I2	483591	21	0	0.7702	0.2369	0.0655	
rs10k	I2	483063	16	1	0.6932	0.2425	0.0645	
rs10k	I2	484093	10	2	0.7725	0.5122	0.0818	
rs10k	I2	483369	21	0	0.6080	0.1891	0.0822	
rs10k	I3	515205	18	0	0.7625	0.4584	0.0568	
rs10k	I3	514703	17	1	0.8180	0.4877	0.1313	
rs10k	I3	514467	23	3	0.7932	0.4779	0.0532	
rs10k	I3	515363	21	0	0.7474	0.4194	0.0575	
rs10k	I3	502672	24	2	0.6351	0.4939	0.0486	
rs10k	I3	340566	16	2	0.5411	0.4905	0.0470	
rs10k	I3	341232	22	1	0.7239	0.4670	0.0518	
rs10k	I3	341221	16	0	0.5693	0.4408	0.0460	
rs10k	I3	340108	28	0	0.7862	0.3909	0.0472	
rs10k	I3	340348	24	0	0.6266	0.4087	0.0456	
rs10k	I3	340608	26	0	0.6566	0.4172	0.0432	
rs10k	I3	340238	24	0	0.6620	0.4421	0.0417	
rs10k	I3	340351	20	1	0.6781	0.4453	0.0538	
rs10k	I3	340550	16	4	0.8179	0.5130	0.0768	
rs10k	I3	340796	24	1	0.9514	0.4199	0.0767	
rs10k	I3	340500	23	0	0.9874	0.4240	0.0704	
rs10k	I3	341175	29	0	0.6586	0.3641	0.0496	
rs10k	I3	340392	19	2	0.9636	0.4854	0.1120	
rs10k	I3	363330	19	1	0.6114	0.4379	0.0527	
rs10k	I3	341374	23	1	0.7132	0.4578	0.0439	
rs10k	I3	341416	26	1	0.8304	0.5268	0.0553	
rs10k	I3	339885	25	1	0.5974	0.4293	0.0414	
rs10k	I3	358197	26	0	0.7444	0.4383	0.0457	
rs10k	I3	371372	27	0	0.8677	0.3919	0.0639	
rs10k	I3	374697	17	0	0.6792	0.4133	0.0605	
rs10k	I3	381307	22	0	0.6673	0.3920	0.0511	
rs10k	I3	369397	17	0	0.7992	0.4691	0.0682	
rs10k	I3	379052	22	0	0.7559	0.4078	0.0471	
rs10k	I3	381896	20	0	0.6837	0.4113	0.0443	
rs10k	I3	381864	23	0	0.9505	0.4482	0.0709	
rs10k	I3	381949	15	0	0.7206	0.4267	0.0557	
rs10k	I3	382578	18	1	0.7609	0.4732	0.0589	
rs10k	I3	382572	19	1	0.9337	0.4446	0.0720	
rs10k	I3	379122	24	0	1.0166	0.3843	0.0948	
rs10k	I3	380250	23	1	0.6610	0.4540	0.0441	
rs10k	I3	383430	24	0	1.0110	0.3966	0.0865	
rs10k	I3	382027	22	0	0.8933	0.4172	0.0959	
rs10k	I3	382430	21	0	0.9828	0.4032	0.1025	
rs10k	I3	384188	26	0	0.9682	0.4054	0.0888	
rs10k	I3	377593	24	1	0.7158	0.4279	0.0549	
rs10k	I3	380966	22	0	0.6847	0.4362	0.0548	
rs10k	I3	383044	24	2	0.6724	0.4424	0.0481	
rs10k	I3	379523	18	2	0.7736	0.5070	0.0591	
rs10k	I3	379428	24	0	0.9746	0.4469	0.0589	
rs10k	I3	382570	25	0	0.6081	0.3802	0.0481	
rs10k	I3	383306	24	0	0.7610	0.4236	0.0463	
rs10k	I3	353767	18	2	0.7769	0.4842	0.0519	
rs10k	I3	341733	18	1	0.5903	0.4730	0.0466	
rs10k	I3	342538	16	0	0.6783	0.4410	0.0593	
rs10k	I3	340444	22	1	0.6100	0.4765	0.0626	
rs10k	I4	117871	33	0	0.5997	0.4269	0.0187	
rs10k	I4	117917	34	1	0.7512	0.4229	0.0198	
rs10k	I4	117826	27	1	0.6522	0.4300	0.0208	
rs10k	I4	117932	36	1	0.6401	0.4079	0.0203	
rs10k	I4	117774	25	1	0.5960	0.4324	0.0355	
rs10k	I4	117935	27	1	0.6936	0.4379	0.0203	
rs10k	I4	117940	30	2	0.6455	0.4281	0.0203	
rs10k	I4	118064	32	0	0.6019	0.4172	0.0200	
rs10k	I4	117721	29	0	0.6220	0.4066	0.0203	
rs10k	I4	117993	37	1	0.6768	0.4315	0.0239	
rs10k	I4	117872	23	4	0.6304	0.4640	0.0201	
rs10k	I4	117728	34	0	0.6026	0.4279	0.0213	
rs10k	I4	117868	29	1	0.5698	0.4173	0.0270	
rs10k	I4	117874	26	2	0.5740	0.4111	0.0211	
rs10k	I4	117879	19	2	0.4463	0.4575	0.0217	
rs10k	I4	117940	25	0	0.6228	0.4507	0.0217	
rs10k	I4	117794	29	1	0.6184	0.4253	0.0220	
rs10k	I4	117704	26	2	0.7236	0.4565	0.0176	
rs10k	I4	117909	30	1	0.8245	0.4758	0.0296	
rs10k	I4	117946	22	2	0.6350	0.4567	0.0299	
rs10k	I4	117800	33	1	0.6899	0.4571	0.0160	
rs10k	I4	117997	32	0	0.7163	0.4272	0.0246	
rs10k	I4	117767	32	1	0.7134	0.4487	0.0199	
rs10k	I4	117723	26	0	0.6965	0.4171	0.0199	
rs10k	I4	117997	33	0	0.7729	0.4188	0.0266	
rs10k	I4	117819	28	0	0.5431	0.4222	0.0234	
rs10k	I4	117698	28	1	0.7092	0.4466	0.0221	
rs10k	I4	117977	31	1	0.6294	0.4216	0.0219	
rs10k	I4	118100	34	0	0.5626	0.4216	0.0185	
rs10k	I4	118181	29	0	0.5966	0.4286	0.0207	
rs10k	I4	118044	34	0	0.6149	0.4115	0.0222	
rs10k	I4	117802	31	1	0.6466	0.3985	0.0255	
rs10k	I4	117800	27	1	0.5285	0.4457	0.0192	
rs10k	I4	117871	39	1	0.7117	0.3987	0.0199	
rs10k	I4	117782	22	1	0.5852	0.4542	0.0222	
rs10k	I4	118023	32	1	0.7020	0.4351	0.0214	
rs10k	I4	117850	23	1	0.5474	0.4250	0.0240	
rs10k	I4	117815	27	0	0.7240	0.4361	0.0280	
rs10k	I4	117870	30	1	0.6441	0.4206	0.0209	
rs10k	I4	117865	33	1	0.6411	0.4283	0.0201	
rs10k	I4	117815	35	0	0.5959	0.4066	0.0217	
rs10k	I4	117922	29	0	0.7624	0.4273	0.0278	
rs10k	I4	117819	30	0	0.5204	0.4155	0.0203	
rs10k	I4	117672	32	1	0.6479	0.4463	0.0173	
rs10k	I4	117725	18	3	0.6660	0.4547	0.0223	
rs10k	I4	118067	32	1	0.6640	0.4201	0.0257	
rs10k	I4	117728	24	2	0.6643	0.4489	0.0179	
rs10k	I4	117748	31	2	0.6754	0.4142	0.0198	
rs10k	I4	117867	17	3	0.5658	0.4671	0.0147	
rs10k	I4	117734	38	0	0.6972	0.4242	0.0204	
rs10k	I5	51095	37	1	0.7406	0.4194	0.0253	
rs10k	I5	51216	26	1	0.6222	0.4203	0.0248	
rs10k	I5	51089	27	1	0.6543	0.4123	0.0224	
rs10k	I5	51167	27	2	0.6624	0.4433	0.0189	
rs10k	I5	51120	26	1	0.6297	0.4084	0.0239	
rs10k	I5	51080	31	3	0.7625	0.4219	0.0250	
rs10k	I5	51083	22	0	0.6530	0.4301	0.0333	
rs10k	I5	51132	39	0	0.6650	0.3681	0.0269	
rs10k	I5	51037	26	2	0.6992	0.4850	0.0266	
rs10k	I5	51112	27	1	0.6235	0.4074	0.0258	
rs10k	I5	51148	26	1	0.6365	0.4380	0.0247	
rs10k	I5	51126	23	2	0.6483	0.4418	0.0393	
rs10k	I5	51179	24	1	0.6281	0.4123	0.0307	
rs10k	I5	51220	24	1	0.7135	0.4107	0.0283	
rs10k	I5	51076	26	3	0.6056	0.4436	0.0291	
rs10k	I5	51072	37	2	0.7148	0.3972	0.0236	
rs10k	I5	51146	27	1	0.6991	0.4053	0.0226	
rs10k	I5	51208	39	0	0.6750	0.3828	0.0292	
rs10k	I5	51160	32	0	0.6294	0.3924	0.0236	
rs10k	I5	51108	28	0	0.6323	0.4152	0.0229	
rs10k	I5	51045	24	1	0.7024	0.4275	0.0287	
rs10k	I5	51096	26	0	0.6464	0.4096	0.0269	
rs10k	I5	51162	25	0	0.6527	0.4061	0.0266	
rs10k	I5	51158	23	0	0.5943	0.4162	0.0358	
rs10k	I5	51396	27	1	0.6299	0.4126	0.0295	
rs10k	I5	51347	22	1	0.5615	0.4307	0.0228	
rs10k	I5	51241	34	0	0.7166	0.3821	0.0280	
rs10k	I5	51335	29	0	0.5315	0.3995	0.0239	
rs10k	I5	51103	30	0	0.7117	0.3885	0.0264	
rs10k	I5	51091	29	2	0.6427	0.4465	0.0245	
rs10k	I5	51186	23	1	0.6743	0.4302	0.0289	
rs10k	I5	51186	29	1	0.7571	0.4214	0.0216	
rs10k	I5	51073	25	2	0.6355	0.4154	0.0296	
rs10k	I5	51115	30	1	0.7434	0.4147	0.0291	
rs10k	I5	51065	31	0	0.7107	0.3902	0.0300	
rs10k	I5	51161	37	0	0.6419	0.4008	0.0268	
rs10k	I5	51182	32	0	0.4911	0.3973	0.0221	
rs10k	I5	51182	22	2	0.7644	0.4498	0.0228	
rs10k	I5	51174	22	0	0.6851	0.3997	0.0371	
rs10k	I5	51090	31	0	0.7567	0.4210	0.0264	
rs10k	I5	51111	28	2	0.6693	0.4420	0.0220	
rs10k	I5	51078	31	1	0.6881	0.4166	0.0210	
rs10k	I5	51177	24	4	0.7023	0.4612	0.0330	
rs10k	I5	51107	24	2	0.5498	0.4360	0.0211	
rs10k	I5	51216	31	0	0.6460	0.4153	0.0300	
rs10k	I5	51084	36	0	0.6998	0.4013	0.0236	
rs10k	I5	51076	34	1	0.6321	0.4098	0.0225	
rs10k	I5	51097	24	0	0.5448	0.4088	0.0236	
rs10k	I5	51126	31	2	0.7136	0.4135	0.0225	
rs10k	I5	51068	27	0	0.7143	0.4042	0.0346	
rs20k	I0	199233	27	0	0.7015	0.3759	0.0462	
rs20k	I0	219625	25	0	0.6359	0.3422	0.0449	
rs20k	I0	216436	17	0	0.5739	0.4401	0.0486	
rs20k	I0	218355	17	3	0.8301	0.4501	0.0732	
rs20k	I0	214493	28	1	0.7090	0.3853	0.0460	
rs20k	I0	220500	16	0	0.7121	0.4215	0.0416	
rs20k	I0	214991	25	0	0.8112	0.4062	0.0455	
rs20k	I0	218082	20	1	0.7369	0.5470	0.0474	
rs20k	I0	221877	19	0	0.7194	0.4185	0.0444	
rs20k	I0	224864	20	1	0.7374	0.4274	0.0476	
rs20k	I0	214010	18	1	0.8786	0.5060	0.0481	
rs20k	I0	219320	25	0	0.6941	0.4006	0.0399	
rs20k	I0	219473	26	0	0.6796	0.4042	0.0410	
rs20k	I0	216707	21	0	0.6179	0.3973	0.0369	
rs20k	I0	218641	23	1	0.7387	0.4450	0.0515	
rs20k	I0	217165	23	0	0.6862	0.3986	0.0375	
rs20k	I0	220161	21	2	0.5503	0.3960	0.0428	
rs20k	I0	222474	21	0	0.6297	0.4033	0.0416	
rs20k	I0	220983	28	0	0.6200	0.3546	0.0451	
rs20k	I0	214538	23	1	0.7396	0.3943	0.0484	
rs20k	I0	223485	12	3	0.7793	0.5595	0.0307	
rs20k	I0	221333	26	0	0.7563	0.3749	0.0438	
rs20k	I0	221966	19	2	0.8164	0.4359	0.0401	
rs20k	I0	222683	26	1	0.7994	0.4419	0.0356	
rs20k	I0	219765	26	0	0.8730	0.3900	0.0439	
rs20k	I0	217858	14	0	0.7139	0.4369	0.0442	
rs20k	I0	217927	18	1	0.7679	0.4744	0.0376	
rs20k	I0	216098	25	0	0.7405	0.3919	0.0365	
rs20k	I0	197462	17	1	0.8348	0.5003	0.0392	
rs20k	I0	195652	24	0	0.6988	0.3693	0.0442	
rs20k	I0	194787	19	0	0.6107	0.3902	0.0415	
rs20k	I0	195161	17	1	0.6636	0.4417	0.0518	
rs20k	I0	195297	18	0	0.8616	0.4405	0.0462	
rs20k	I0	194229	23	1	0.8074	0.4817	0.0332	
rs20k	I0	194241	21	0	0.6123	0.4253	0.0350	
rs20k	I0	193971	18	0	0.5747	0.5082	0.0476	
rs20k	I0	193983	19	3	0.6844	0.4146	0.0455	
rs20k	I0	194248	18	1	0.6754	0.4223	0.0504	
rs20k	I0	194545	24	1	0.9257	0.4398	0.0445	
rs20k	I0	194370	18	0	0.8532	0.4149	0.0737	
rs20k	I0	194505	25	0	0.8704	0.4109	0.0466	
rs20k	I0	194239	17	3	0.6475	0.4618	0.0384	
rs20k	I0	194250	18	1	0.6846	0.4292	0.0570	
rs20k	I0	194378	17	2	0.7085	0.4935	0.0498	
rs20k	I0	194079	23	2	0.7868	0.4695	0.0362	
rs20k	I0	194302	24	0	0.8357	0.4358	0.0484	
rs20k	I0	194202	25	0	0.7219	0.3475	0.0444	
rs20k	I0	194855	20	0	0.6181	0.3876	0.0418	
rs20k	I0	194214	24	1	0.8204	0.4119	0.0505	
rs20k	I0	194428	19	1	0.6237	0.4551	0.0395	
rs20k	I1	1083609	36	1	0.5903	0.4292	0.0166	
rs20k	I1	1083410	38	1	0.6952	0.4135	0.0191	
rs20k	I1	1082780	30	1	0.7308	0.4395	0.0204	
rs20k	I1	1084267	33	2	0.7317	0.4518	0.0240	
rs20k	I1	1082905	40	0	0.6442	0.4157	0.0166	
rs20k	I1	1083159	45	0	0.7011	0.4147	0.0161	
rs20k	I1	1091431	35	1	0.5837	0.4306	0.0177	
rs20k	I1	1093838	42	1	0.7230	0.4406	0.0161	
rs20k	I1	1095597	30	1	0.5584	0.4391	0.0159	
rs20k	I1	1094454	39	2	0.6222	0.4163	0.0155	
rs20k	I1	1094554	31	2	0.5771	0.4368	0.0187	
rs20k	I1	1094493	35	1	0.8091	0.4272	0.0192	
rs20k	I1	1092966	41	1	0.6116	0.4378	0.0155	
rs20k	I1	1095332	33	2	0.6968	0.4346	0.0182	
rs20k	I1	1095098	36	1	0.6423	0.4219	0.0228	
rs20k	I1	1094096	31	1	0.6493	0.4509	0.0213	
rs20k	I1	1095230	35	0	0.6689	0.4173	0.0201	
rs20k	I1	1094983	30	0	0.5271	0.4217	0.0209	
rs20k	I1	1094204	39	1	0.7130	0.4246	0.0182	
rs20k	I1	1093693	42	2	0.6617	0.4348	0.0137	
rs20k	I1	1098183	39	2	0.7670	0.4355	0.0239	
rs20k	I1	1121029	37	1	0.6594	0.4230	0.0145	
rs20k	I1	1120926	31	2	0.6878	0.4379	0.0230	
rs20k	I1	1121707	34	2	0.6563	0.4421	0.0167	
rs20k	I1	1121599	42	2	0.6616	0.4296	0.0162	
rs20k	I1	1123998	36	1	0.6975	0.4242	0.0176	
rs20k	I1	1121534	33	4	0.7641	0.4404	0.0243	
rs20k	I1	1123288	37	1	0.6898	0.4469	0.0197	
rs20k	I1	1122546	29	2	0.5237	0.4441	0.0155	
rs20k	I1	1120572	33	1	0.6265	0.4330	0.0209	
rs20k	I1	1121646	35	2	0.6346	0.4300	0.0189	
rs20k	I1	1121777	44	0	0.6966	0.4149	0.0145	
rs20k	I1	1120024	29	1	0.6723	0.4316	0.0190	
rs20k	I1	1122128	33	1	0.6524	0.4395	0.0219	
rs20k	I1	1123337	33	1	0.5954	0.4338	0.0160	
rs20k	I1	1121676	33	2	0.6252	0.4257	0.0182	
rs20k	I1	1115142	35	2	0.7855	0.4350	0.0249	
rs20k	I1	1113858	36	1	0.7582	0.4115	0.0221	
rs20k	I1	1113550	42	2	0.7232	0.4393	0.0180	
rs20k	I1	1113457	31	4	0.6309	0.4627	0.0139	
rs20k	I1	1113183	39	3	0.7749	0.4354	0.0252	
rs20k	I1	1107478	45	0	0.6147	0.4048	0.0183	
rs20k	I1	1095150	28	1	0.4804	0.4242	0.0196	
rs20k	I1	1098315	34	0	0.4668	0.4235	0.0155	
rs20k	I1	826020	33	1	0.5883	0.4395	0.0172	
rs20k	I1	822189	41	0	0.6174	0.4059	0.0165	
rs20k	I1	826167	45	1	0.7623	0.4224	0.0171	
rs20k	I1	826890	33	1	0.5637	0.4217	0.0177	
rs20k	I1	824365	35	1	0.7521	0.4248	0.0217	
rs20k	I1	824483	38	0	0.6329	0.4305	0.0185	
rs20k	I2	961182	20	0	0.6139	0.4287	0.0516	
rs20k	I2	962176	21	0	0.7086	0.3648	0.0589	
rs20k	I2	686383	17	0	0.7655	0.3971	0.0506	
rs20k	I2	652820	20	0	0.7059	0.4105	0.0496	
rs20k	I2	652140	18	1	0.7975	0.4179	0.0629	
rs20k	I2	652580	22	1	0.8144	0.5132	0.0481	
rs20k	I2	652453	28	0	0.9108	0.4029	0.0449	
rs20k	I2	653087	16	0	0.7362	0.3718	0.0581	
rs20k	I2	652909	20	0	0.9471	0.3694	0.0519	
rs20k	I2	675042	21	0	0.6575	0.4147	0.0518	
rs20k	I2	653382	25	0	0.6438	0.3910	0.0448	
rs20k	I2	696229	18	1	0.7392	0.4788	0.0576	
rs20k	I2	723694	26	2	0.7643	0.4665	0.0566	
rs20k	I2	713551	16	1	0.6951	0.3908	0.0500	
rs20k	I2	729720	19	0	0.6339	0.3864	0.0636	
rs20k	I2	731745	16	1	0.8211	0.5524	0.0495	
rs20k	I2	729289	16	0	0.6864	0.4517	0.0558	
rs20k	I2	729804	16	0	0.7060	0.4250	0.0551	
rs20k	I2	730294	21	0	0.8078	0.4452	0.0537	
rs20k	I2	732518	21	0	0.6488	0.3919	0.0515	
rs20k	I2	725954	13	1	0.7200	0.4537	0.0526	
rs20k	I2	727178	28	0	0.6879	0.3232	0.0453	
rs20k	I2	726664	18	0	0.6287	0.3926	0.0523	
rs20k	I2	711538	16	0	0.7992	0.4213	0.0540	
rs20k	I2	654708	16	1	0.5909	0.4785	0.0465	
rs20k	I2	652191	23	0	0.7056	0.3804	0.0515	
rs20k	I2	649560	15	0	0.7309	0.3946	0.0605	
rs20k	I2	649382	17	0	0.5085	0.3840	0.0512	
rs20k	I2	650021	12	0	0.7881	0.4961	0.0564	
rs20k	I2	649635	18	0	0.7801	0.4410	0.0567	
rs20k	I2	650010	21	0	0.5324	0.3892	0.0460	
rs20k	I2	649979	21	0	0.8762	0.4305	0.0507	
rs20k	I2	649707	15	0	0.7222	0.5048	0.0514	
rs20k	I2	649517	10	3	0.7196	0.6365	0.0749	
rs20k	I2	649801	21	1	0.6733	0.4915	0.0487	
rs20k	I2	651559	17	1	0.6676	0.4925	0.0459	
rs20k	I2	652371	19	0	0.8923	0.4722	0.0543	
rs20k	I2	651787	18	0	0.6591	0.4319	0.0456	
rs20k	I2	566260	19	0	0.6396	0.4082	0.0474	
rs20k	I2	397370	12	0	0.7038	0.4736	0.0454	
rs20k	I2	397441	22	1	0.5604	0.3859	0.0438	
rs20k	I2	397212	13	0	0.8041	0.4889	0.0562	
rs20k	I2	397149	20	1	0.6201	0.4691	0.0420	
rs20k	I2	397196	17	0	0.5660	0.4339	0.0523	
rs20k	I2	397392	21	1	0.7241	0.4336	0.0483	
rs20k	I2	397523	24	1	0.8341	0.4974	0.0345	
rs20k	I2	397130	16	1	0.6303	0.4492	0.0441	
rs20k	I2	397279	21	1	0.7225	0.4601	0.0408	
rs20k	I2	397238	19	0	0.6568	0.4430	0.0522	
rs20k	I2	396994	16	0	0.8089	0.4331	0.0518	
rs20k	I3	1489989	23	2	0.6260	0.4055	0.0389	
rs20k	I3	1509082	19	1	0.7005	0.4002	0.0565	
rs20k	I3	1533035	20	2	0.8044	0.4970	0.0576	
rs20k	I3	1540517	29	1	0.6729	0.3406	0.0521	
rs20k	I3	1346506	20	0	0.6989	0.4101	0.0672	
rs20k	I3	1335574	23	0	0.6997	0.3785	0.0481	
rs20k	I3	1340314	26	0	0.7302	0.3201	0.0499	
rs20k	I3	1345290	36	0	0.7838	0.2917	0.0549	
rs20k	I3	1346677	27	0	0.6967	0.3340	0.0464	
rs20k	I3	1348813	20	1	0.6342	0.3360	0.0530	
rs20k	I3	1346700	21	0	0.6764	0.3543	0.0565	
rs20k	I3	1345283	20	0	0.7711	0.3790	0.0751	
rs20k	I3	1354092	26	0	0.6853	0.3144	0.0589	
rs20k	I3	1358802	25	0	0.6764	0.3085	0.0600	
rs20k	I3	1355668	19	2	0.6727	0.4225	0.0532	
rs20k	I3	1359858	33	0	0.8889	0.2838	0.0626	
rs20k	I3	1356784	20	2	0.8229	0.3742	0.0617	
rs20k	I3	1358300	30	0	0.6691	0.3223	0.0425	
rs20k	I3	1356601	21	0	0.5474	0.3794	0.0547	
rs20k	I3	1354884	20	1	0.8196	0.3939	0.0848	
rs20k	I3	1358108	23	1	0.7992	0.3437	0.0638	
rs20k	I3	1356755	27	0	0.6100	0.3504	0.0495	
rs20k	I3	1358602	22	0	0.9596	0.3473	0.1332	
rs20k	I3	1359262	25	1	0.9829	0.3810	0.1184	
rs20k	I3	1341225	24	0	0.6437	0.3480	0.0455	
rs20k	I3	1340692	22	1	0.6227	0.3576	0.0510	
rs20k	I3	1343158	21	0	0.6219	0.3922	0.0494	
rs20k	I3	1337629	23	1	0.6781	0.4287	0.0416	
rs20k	I3	1339248	25	0	0.7860	0.3259	0.0640	
rs20k	I3	1339251	21	0	0.6563	0.3744	0.0526	
rs20k	I3	1339844	15	2	0.5953	0.5357	0.0547	
rs20k	I3	1338895	21	1	0.5999	0.3440	0.0504	
rs20k	I3	1339619	20	1	0.8218	0.4081	0.0580	
rs20k	I3	1339072	22	2	0.6464	0.3429	0.0520	
rs20k	I3	1340429	24	1	0.8307	0.4181	0.0430	
rs20k	I3	1338691	24	0	0.8823	0.3040	0.0900	
rs20k	I3	1338848	29	0	1.0049	0.3163	0.1164	
rs20k	I3	1347050	22	2	0.8819	0.4449	0.0698	
rs20k	I3	1346530	17	2	0.5698	0.4424	0.0435	
rs20k	I3	1346858	22	1	0.8788	0.4095	0.0727	
rs20k	I3	1346392	23	1	0.8872	0.3496	0.1032	
rs20k	I3	1359497	19	1	0.7577	0.3808	0.0541	
rs20k	I3	1366039	23	0	0.9433	0.3277	0.0827	
rs20k	I3	1127197	23	0	0.7373	0.2983	0.0580	
rs20k	I3	1037827	18	0	0.5386	0.3547	0.0467	
rs20k	I3	1032083	13	2	0.5813	0.4307	0.0599	
rs20k	I3	1034133	24	1	0.7610	0.3934	0.0635	
rs20k	I3	1040535	25	0	0.5756	0.4094	0.0392	
rs20k	I3	1041040	30	0	0.6703	0.3508	0.0420	
rs20k	I3	1040839	22	2	0.8108	0.3953	0.0517	
rs20k	I4	139478	30	2	0.6761	0.4824	0.0226	
rs20k	I4	139583	30	0	0.6603	0.4021	0.0203	
rs20k	I4	139561	37	0	0.6879	0.3743	0.0206	
rs20k	I4	139528	27	2	0.6258	0.4291	0.0312	
rs20k	I4	139600	37	1	0.7305	0.3819	0.0201	
rs20k	I4	139710	31	0	0.6010	0.4369	0.0232	
rs20k	I4	139710	33	1	0.7714	0.4255	0.0208	
rs20k	I4	139591	35	0	0.6263	0.4098	0.0173	
rs20k	I4	139678	38	1	0.6523	0.4056	0.0184	
rs20k	I4	139562	21	4	0.4622	0.4405	0.0202	
rs20k	I4	139656	31	2	0.6361	0.4146	0.0194	
rs20k	I4	139619	33	2	0.6446	0.4218	0.0258	
rs20k	I4	139952	25	0	0.6521	0.4170	0.0244	
rs20k	I4	139892	29	1	0.4433	0.4177	0.0170	
rs20k	I4	139589	39	1	0.6395	0.3942	0.0187	
rs20k	I4	139612	33	2	0.6185	0.4115	0.0257	
rs20k	I4	139571	35	0	0.7229	0.4039	0.0166	
rs20k	I4	139632	34	0	0.8026	0.3868	0.0249	
rs20k	I4	139640	30	3	0.6948	0.4306	0.0186	
rs20k	I4	139520	40	0	0.6686	0.3768	0.0261	
rs20k	I4	139621	28	1	0.6559	0.4163	0.0341	
rs20k	I4	139696	28	3	0.6699	0.4478	0.0172	
rs20k	I4	139449	36	1	0.6394	0.4120	0.0222	
rs20k	I4	139383	38	2	0.7274	0.4294	0.0177	
rs20k	I4	139439	37	1	0.7701	0.4044	0.0280	
rs20k	I4	139326	32	4	0.6942	0.4327	0.0244	
rs20k	I4	139354	33	0	0.5851	0.4069	0.0209	
rs20k	I4	139379	33	1	0.8793	0.4198	0.0305	
rs20k	I4	139415	43	1	0.6415	0.3991	0.0197	
rs20k	I4	139401	43	1	0.7697	0.3779	0.0195	
rs20k	I4	139388	29	0	0.5174	0.4164	0.0162	
rs20k	I4	139370	29	2	0.7044	0.4508	0.0201	
rs20k	I4	139520	32	2	0.6519	0.4228	0.0183	
rs20k	I4	139366	29	1	0.6702	0.4286	0.0161	
rs20k	I4	139379	30	1	0.7593	0.4069	0.0251	
rs20k	I4	139352	35	0	0.7835	0.3862	0.0244	
rs20k	I4	139364	33	1	0.7931	0.3888	0.0256	
rs20k	I4	139739	39	1	0.7555	0.3795	0.0267	
rs20k	I4	139404	34	2	0.6280	0.4331	0.0173	
rs20k	I4	139670	41	0	0.6862	0.3992	0.0200	
rs20k	I4	139822	31	3	0.6506	0.4224	0.0227	
rs20k	I4	139366	34	3	0.6356	0.4189	0.0247	
rs20k	I4	139457	33	2	0.6147	0.4087	0.0185	
rs20k	I4	139461	34	0	0.5092	0.3948	0.0175	
rs20k	I4	139383	40	1	0.7262	0.4005	0.0261	
rs20k	I4	139458	32	1	0.7357	0.4207	0.0194	
rs20k	I4	139394	45	0	0.6783	0.4080	0.0285	
rs20k	I4	139384	33	2	0.8043	0.4365	0.0202	
rs20k	I4	139403	29	1	0.5809	0.4187	0.0249	
rs20k	I4	139349	32	2	0.6259	0.4158	0.0161	
rs20k	I5	59384	36	1	0.7624	0.4741	0.0201	
rs20k	I5	59368	32	3	0.5577	0.5164	0.0184	
rs20k	I5	59346	34	1	0.6479	0.4591	0.0211	
rs20k	I5	59331	21	1	0.6799	0.5001	0.0207	
rs20k	I5	59374	22	2	0.7009	0.5228	0.0210	
rs20k	I5	59398	38	0	0.7639	0.4955	0.0166	
rs20k	I5	59428	31	1	0.6293	0.4841	0.0203	
rs20k	I5	59620	29	0	0.6136	0.4978	0.0193	
rs20k	I5	59604	31	0	0.6185	0.4926	0.0207	
rs20k	I5	59539	40	0	0.6814	0.4608	0.0167	
rs20k	I5	59480	35	1	0.7135	0.4852	0.0178	
rs20k	I5	59500	32	0	0.6661	0.4765	0.0203	
rs20k	I5	59512	31	1	0.5652	0.5015	0.0194	
rs20k	I5	59571	31	0	0.5917	0.5014	0.0193	
rs20k	I5	59565	34	0	0.6447	0.4559	0.0195	
rs20k	I5	59490	24	3	0.7287	0.5354	0.0206	
rs20k	I5	59525	37	1	0.6651	0.4993	0.0173	
rs20k	I5	59651	36	0	0.6592	0.4858	0.0172	
rs20k	I5	59557	29	1	0.7850	0.4893	0.0176	
rs20k	I5	59501	35	1	0.6396	0.4772	0.0181	
rs20k	I5	59547	35	0	0.6306	0.4824	0.0199	
rs20k	I5	59588	40	0	0.7141	0.4833	0.0177	
rs20k	I5	59491	32	1	0.6799	0.4805	0.0190	
rs20k	I5	59491	35	0	0.8187	0.4990	0.0181	
rs20k	I5	59593	27	0	0.7214	0.5003	0.0229	
rs20k	I5	59539	30	1	0.5276	0.5046	0.0179	
rs20k	I5	59530	32	2	0.6045	0.5240	0.0169	
rs20k	I5	59510	30	2	0.7539	0.4744	0.0224	
rs20k	I5	59611	35	1	0.6433	0.4790	0.0171	
rs20k	I5	59502	38	1	0.7117	0.4740	0.0197	
rs20k	I5	59493	28	2	0.5850	0.5167	0.0215	
rs20k	I5	59534	29	3	0.6732	0.5152	0.0171	
rs20k	I5	59592	39	0	0.7433	0.4712	0.0178	
rs20k	I5	59499	36	3	0.7251	0.5124	0.0189	
rs20k	I5	59481	36	1	0.6505	0.4888	0.0161	
rs20k	I5	59494	30	1	0.6427	0.5005	0.0160	
rs20k	I5	59541	23	2	0.6474	0.5093	0.0203	
rs20k	I5	59599	33	1	0.5766	0.5013	0.0188	
rs20k	I5	59718	30	1	0.7413	0.4979	0.0188	
rs20k	I5	59945	24	2	0.5867	0.5085	0.0140	
rs20k	I5	59809	27	2	0.6450	0.4999	0.0188	
rs20k	I5	59820	35	2	0.6548	0.4920	0.0186	
rs20k	I5	59519	34	0	0.5900	0.4823	0.0179	
rs20k	I5	59704	26	2	0.6103	0.4961	0.0230	
rs20k	I5	59516	24	1	0.7116	0.5038	0.0174	
rs20k	I5	59499	31	3	0.5733	0.5486	0.0174	
rs20k	I5	59477	35	0	0.5597	0.4836	0.0188	
rs20k	I5	59488	35	2	0.7360	0.4751	0.0190	
rs20k	I5	59590	30	3	0.6027	0.5272	0.0164	
rs20k	I5	59535	31	0	0.5891	0.4843	0.0165	
rs50k	I0	148649	20	2	0.4900	0.5648	0.0277	
rs50k	I0	151384	24	2	0.6575	0.5395	0.0320	
rs50k	I0	146740	24	0	0.6378	0.4866	0.0253	
rs50k	I0	146591	17	1	0.5542	0.5122	0.0279	
rs50k	I0	144961	22	1	0.7293	0.5730	0.0274	
rs50k	I0	145312	20	2	0.5939	0.5470	0.0308	
rs50k	I0	145383	24	1	0.5298	0.4915	0.0298	
rs50k	I0	145570	18	2	0.6640	0.4978	0.0347	
rs50k	I0	145437	23	0	0.7142	0.5272	0.0285	
rs50k	I0	144542	20	0	0.8543	0.5098	0.0400	
rs50k	I0	144503	25	0	0.6773	0.4762	0.0298	
rs50k	I0	144484	20	0	0.6740	0.4493	0.0348	
rs50k	I0	144510	25	0	0.7379	0.4783	0.0261	
rs50k	I0	144535	27	1	0.8166	0.4954	0.0327	
rs50k	I0	144443	19	0	0.6194	0.4957	0.0284	
rs50k	I0	144495	25	1	0.7179	0.5102	0.0407	
rs50k	I0	144464	27	1	0.7107	0.4801	0.0281	
rs50k	I0	144435	22	2	0.6714	0.5322	0.0260	
rs50k	I0	144434	19	2	0.6390	0.5463	0.0242	
rs50k	I0	144541	21	1	0.5906	0.5451	0.0314	
rs50k	I0	144429	23	0	0.6637	0.5069	0.0277	
rs50k	I0	144381	19	0	0.6184	0.5149	0.0307	
rs50k	I0	144375	22	1	0.9498	0.4721	0.0618	
rs50k	I0	144400	28	1	0.7396	0.4486	0.0325	
rs50k	I0	144422	23	3	0.6074	0.5238	0.0315	
rs50k	I0	144502	15	1	0.6863	0.5207	0.0337	
rs50k	I0	144481	27	0	0.6423	0.4812	0.0271	
rs50k	I0	144586	19	3	0.6137	0.5243	0.0335	
rs50k	I0	144533	15	0	0.5143	0.5319	0.0304	
rs50k	I0	144531	31	0	0.8310	0.4872	0.0309	
rs50k	I0	144627	29	1	0.8248	0.4763	0.0426	
rs50k	I0	144755	22	0	0.7049	0.4533	0.0353	
rs50k	I0	144859	20	1	0.7886	0.5354	0.0336	
rs50k	I0	145046	28	0	0.7473	0.4797	0.0336	
rs50k	I0	145570	25	1	0.6684	0.4906	0.0309	
rs50k	I0	144837	26	0	0.6662	0.4841	0.0331	
rs50k	I0	144673	25	0	0.8752	0.5014	0.0321	
rs50k	I0	144776	24	1	0.7823	0.5012	0.0393	
rs50k	I0	144570	27	0	0.7317	0.4837	0.0280	
rs50k	I0	144487	23	2	0.6615	0.5109	0.0330	
rs50k	I0	144498	28	0	0.8360	0.4559	0.0286	
rs50k	I0	144522	27	0	0.7871	0.4930	0.0278	
rs50k	I0	144421	20	1	0.8240	0.5275	0.0357	
rs50k	I0	144498	26	0	0.7571	0.4786	0.0366	
rs50k	I0	144659	27	0	0.7052	0.4890	0.0288	
rs50k	I0	144602	23	0	0.8746	0.4800	0.0302	
rs50k	I0	144545	21	0	0.8654	0.4744	0.0390	
rs50k	I0	144437	18	1	0.7238	0.5121	0.0327	
rs50k	I0	144442	24	1	0.6952	0.5651	0.0258	
rs50k	I0	144571	31	0	0.7844	0.4801	0.0278	
rs50k	I1	845983	49	1	0.6603	0.4255	0.0161	
rs50k	I1	846837	38	2	0.6294	0.4565	0.0145	
rs50k	I1	845818	46	0	0.7633	0.4297	0.0174	
rs50k	I1	844494	38	0	0.7413	0.4410	0.0196	
rs50k	I1	843693	32	2	0.5584	0.4558	0.0148	
rs50k	I1	843562	41	2	0.5834	0.4412	0.0137	
rs50k	I1	844261	36	0	0.5988	0.4387	0.0166	
rs50k	I1	843511	49	0	0.7252	0.4379	0.0153	
rs50k	I1	843284	40	0	0.6302	0.4344	0.0164	
rs50k	I1	843611	41	1	0.6901	0.4455	0.0163	
rs50k	I1	844207	40	1	0.6272	0.4448	0.0139	
rs50k	I1	843353	45	2	0.6970	0.4330	0.0164	
rs50k	I1	843369	36	0	0.6475	0.4307	0.0155	
rs50k	I1	843224	36	1	0.5918	0.4495	0.0127	
rs50k	I1	843735	38	1	0.8082	0.4576	0.0187	
rs50k	I1	844214	38	1	0.6177	0.4428	0.0192	
rs50k	I1	843383	35	2	0.6280	0.4718	0.0140	
rs50k	I1	843263	40	0	0.7159	0.4287	0.0191	
rs50k	I1	843652	43	1	0.6551	0.4475	0.0154	
rs50k	I1	844129	40	1	0.6204	0.4258	0.0175	
rs50k	I1	843111	40	3	0.6118	0.4500	0.0139	
rs50k	I1	843337	47	2	0.7001	0.4437	0.0153	
rs50k	I1	843400	48	0	0.5878	0.4223	0.0150	
rs50k	I1	843493	31	1	0.5570	0.4508	0.0165	
rs50k	I1	844111	37	1	0.6563	0.4769	0.0134	
rs50k	I1	843487	41	0	0.5551	0.4286	0.0143	
rs50k	I1	843594	34	3	0.6437	0.4593	0.0193	
rs50k	I1	843606	45	1	0.6566	0.4515	0.0152	
rs50k	I1	844216	45	1	0.8059	0.4271	0.0173	
rs50k	I1	843475	33	2	0.6519	0.4330	0.0193	
rs50k	I1	843436	32	1	0.6251	0.4614	0.0167	
rs50k	I1	843544	44	2	0.6343	0.4375	0.0142	
rs50k	I1	843334	45	0	0.6601	0.4208	0.0149	
rs50k	I1	843995	32	3	0.6547	0.4590	0.0172	
rs50k	I1	843637	36	1	0.6188	0.4535	0.0152	
rs50k	I1	843587	44	0	0.5404	0.4295	0.0147	
rs50k	I1	843641	38	0	0.6157	0.4398	0.0146	
rs50k	I1	845440	36	3	0.6909	0.4612	0.0175	
rs50k	I1	842969	43	1	0.6116	0.4504	0.0152	
rs50k	I1	843383	47	0	0.6465	0.4243	0.0150	
rs50k	I1	842933	36	3	0.6532	0.4527	0.0137	
rs50k	I1	843084	40	0	0.6911	0.4395	0.0180	
rs50k	I1	843873	55	1	0.6000	0.4214	0.0145	
rs50k	I1	843228	43	2	0.6528	0.4459	0.0151	
rs50k	I1	844033	34	1	0.6758	0.4588	0.0154	
rs50k	I1	844141	43	0	0.6381	0.4376	0.0181	
rs50k	I1	844925	30	0	0.6273	0.4337	0.0162	
rs50k	I1	844647	28	4	0.8242	0.5067	0.0156	
rs50k	I1	843316	33	1	0.7050	0.4387	0.0178	
rs50k	I1	843117	40	0	0.6872	0.4244	0.0219	
rs50k	I2	988666	20	3	0.6705	0.3856	0.0421	
rs50k	I2	976861	20	0	0.4932	0.3345	0.0480	
rs50k	I2	975680	27	1	0.7706	0.2991	0.0578	
rs50k	I2	976765	17	1	0.8346	0.4628	0.0720	
rs50k	I2	976570	20	0	0.8269	0.3246	0.0865	
rs50k	I2	976639	19	0	0.5996	0.3489	0.0438	
rs50k	I2	975316	16	1	0.8197	0.3598	0.0586	
rs50k	I2	975458	20	0	0.7650	0.3329	0.0569	
rs50k	I2	976383	23	0	0.8109	0.3319	0.0581	
rs50k	I2	975398	21	1	0.6572	0.3391	0.0467	
rs50k	I2	975068	18	1	0.6601	0.3281	0.0397	
rs50k	I2	975596	22	0	0.8159	0.3570	0.0599	
rs50k	I2	976116	22	0	0.7401	0.3568	0.0436	
rs50k	I2	976523	25	0	0.7785	0.3241	0.0547	
rs50k	I2	976537	19	1	0.8462	0.3139	0.0499	
rs50k	I2	977064	23	0	0.6556	0.3006	0.0614	
rs50k	I2	977572	14	2	0.8290	0.4213	0.0751	
rs50k	I2	976820	22	1	0.6951	0.3476	0.0500	
rs50k	I2	976255	21	1	0.7095	0.3660	0.0581	
rs50k	I2	975019	20	0	0.6479	0.3085	0.0648	
rs50k	I2	976530	14	1	0.6421	0.4455	0.0494	
rs50k	I2	975573	17	2	0.7063	0.4056	0.0836	
rs50k	I2	977163	20	0	0.7873	0.4043	0.0482	
rs50k	I2	975980	17	0	0.6696	0.3434	0.0422	
rs50k	I2	976464	20	0	0.7542	0.3779	0.0537	
rs50k	I2	975591	20	0	0.7472	0.3203	0.0615	
rs50k	I2	977141	22	0	0.8158	0.3504	0.0510	
rs50k	I2	977899	21	0	0.7055	0.3255	0.0472	
rs50k	I2	976497	18	1	0.7190	0.3800	0.0613	
rs50k	I2	1029393	25	0	0.7033	0.2908	0.0512	
rs50k	I2	1108184	24	2	0.5699	0.3586	0.0409	
rs50k	I2	1072777	17	2	0.7988	0.3860	0.0669	
rs50k	I2	1016030	19	0	0.7664	0.3317	0.0529	
rs50k	I2	992752	18	0	0.7539	0.4391	0.0434	
rs50k	I2	992459	21	0	0.8902	0.3229	0.0640	
rs50k	I2	992455	21	0	0.6401	0.3350	0.0465	
rs50k	I2	991557	27	0	0.8198	0.3611	0.0489	
rs50k	I2	991827	25	2	0.6919	0.3667	0.0461	
rs50k	I2	991964	14	3	0.8578	0.5284	0.0847	
rs50k	I2	992806	27	0	0.8004	0.2743	0.0455	
rs50k	I2	991790	21	1	0.7366	0.3644	0.0481	
rs50k	I2	991958	19	1	0.6170	0.3995	0.0412	
rs50k	I2	992518	26	0	0.6174	0.3128	0.0362	
rs50k	I2	992205	20	2	0.6244	0.3622	0.0408	
rs50k	I2	991935	17	1	0.7375	0.3573	0.0553	
rs50k	I2	991666	25	0	0.7378	0.3254	0.0386	
rs50k	I2	992125	22	0	0.6769	0.3398	0.0536	
rs50k	I2	991548	23	0	0.6931	0.3164	0.0392	
rs50k	I2	991930	32	0	0.8671	0.3120	0.0442	
rs50k	I2	991909	15	0	0.7025	0.3979	0.0528	
rs50k	I3	1190667	26	0	0.6452	0.4110	0.0329	
rs50k	I3	1059994	31	1	0.7840	0.4563	0.0348	
rs50k	I3	1051279	27	0	0.6374	0.3927	0.0291	
rs50k	I3	1050374	31	1	0.7266	0.4609	0.0309	
rs50k	I3	1050588	33	0	0.8613	0.4125	0.0337	
rs50k	I3	1050456	31	0	0.6821	0.4128	0.0330	
rs50k	I3	1042210	27	3	0.6342	0.4713	0.0299	
rs50k	I3	1041062	21	0	0.5527	0.4178	0.0322	
rs50k	I3	1041216	26	0	0.9488	0.4038	0.0820	
rs50k	I3	1042534	38	0	0.9439	0.3833	0.0549	
rs50k	I3	1041301	33	1	0.8293	0.4235	0.0629	
rs50k	I3	1042510	27	1	0.7185	0.3882	0.0373	
rs50k	I3	1041534	26	0	0.5836	0.4108	0.0286	
rs50k	I3	1041772	24	0	0.6726	0.4306	0.0267	
rs50k	I3	1041543	27	1	0.6539	0.3834	0.0344	
rs50k	I3	1040900	22	2	0.9326	0.4306	0.0710	
rs50k	I3	1042477	37	0	0.6445	0.3608	0.0301	
rs50k	I3	1042884	30	0	0.6161	0.3664	0.0364	
rs50k	I3	1042483	27	2	0.6534	0.4647	0.0332	
rs50k	I3	1041789	25	1	0.6442	0.4264	0.0328	
rs50k	I3	1042160	25	2	0.6925	0.4584	0.0420	
rs50k	I3	1042033	27	1	0.7872	0.4370	0.0348	
rs50k	I3	1042351	37	0	1.0584	0.3817	0.0710	
rs50k	I3	1041098	28	1	0.6433	0.4086	0.0331	
rs50k	I3	1043803	31	1	0.7190	0.4370	0.0265	
rs50k	I3	1041900	23	2	0.5617	0.4556	0.0278	
rs50k	I3	1042466	25	1	0.6366	0.4392	0.0312	
rs50k	I3	1043402	30	0	0.6705	0.3929	0.0298	
rs50k	I3	1042262	32	0	0.7764	0.4303	0.0290	
rs50k	I3	1042218	26	1	0.8574	0.4288	0.0365	
rs50k	I3	1043200	32	1	0.6792	0.3725	0.0312	
rs50k	I3	1042758	24	2	1.0914	0.4898	0.0866	
rs50k	I3	1048988	23	1	0.6664	0.4479	0.0371	
rs50k	I3	1049433	25	2	0.7120	0.4510	0.0336	
rs50k	I3	1048815	28	1	0.6491	0.4307	0.0449	
rs50k	I3	1049274	31	1	0.9017	0.4366	0.0525	
rs50k	I3	1048805	23	1	0.6192	0.4294	0.0309	
rs50k	I3	1049040	30	2	0.7006	0.3989	0.0312	
rs50k	I3	1049110	16	1	0.6170	0.4780	0.0359	
rs50k	I3	1048060	23	3	0.6136	0.4944	0.0289	
rs50k	I3	1097524	25	1	0.7509	0.4577	0.0305	
rs50k	I3	1062512	32	0	0.9669	0.3990	0.0664	
rs50k	I3	1052172	30	1	0.6576	0.3836	0.0359	
rs50k	I3	1048824	25	0	0.9066	0.4277	0.0821	
rs50k	I3	1048812	22	1	0.7359	0.4436	0.0312	
rs50k	I3	1049118	33	0	0.7150	0.3882	0.0385	
rs50k	I3	1048994	35	0	0.7519	0.3873	0.0328	
rs50k	I3	1048275	30	0	0.8410	0.4087	0.0502	
rs50k	I3	1048334	30	2	0.8940	0.5216	0.0509	
rs50k	I3	1049102	26	2	0.7262	0.3882	0.0349	
rs50k	I4	364391	42	0	0.7384	0.5678	0.0120	
rs50k	I4	364862	36	3	0.6667	0.5598	0.0108	
rs50k	I4	364293	40	2	0.6232	0.5466	0.0106	
rs50k	I4	364275	34	2	0.7127	0.5574	0.0109	
rs50k	I4	359837	40	1	0.7297	0.5303	0.0123	
rs50k	I4	359909	44	0	0.6583	0.5344	0.0116	
rs50k	I4	358569	34	2	0.6083	0.5772	0.0105	
rs50k	I4	358354	37	1	0.8494	0.5458	0.0115	
rs50k	I4	358589	37	1	0.6358	0.5514	0.0114	
rs50k	I4	358466	38	2	0.6717	0.5642	0.0121	
rs50k	I4	358560	42	1	0.6768	0.5683	0.0114	
rs50k	I4	358832	34	0	0.7213	0.5626	0.0107	
rs50k	I4	358664	47	2	0.6847	0.5571	0.0108	
rs50k	I4	358368	40	1	0.6557	0.5358	0.0132	
rs50k	I4	358229	32	1	0.7610	0.5469	0.0144	
rs50k	I4	358569	48	0	0.7092	0.5339	0.0111	
rs50k	I4	358247	37	1	0.6281	0.5377	0.0118	
rs50k	I4	358192	36	2	0.6310	0.5441	0.0133	
rs50k	I4	358465	38	1	0.6331	0.5642	0.0132	
rs50k	I4	358327	35	1	0.6257	0.5566	0.0115	
rs50k	I4	358460	38	2	0.7046	0.5486	0.0133	
rs50k	I4	358957	40	0	0.6808	0.5368	0.0109	
rs50k	I4	359677	34	1	0.6785	0.5583	0.0101	
rs50k	I4	358544	39	2	0.5860	0.5555	0.0112	
rs50k	I4	358342	44	0	0.7498	0.5458	0.0105	
rs50k	I4	358613	37	1	0.6924	0.5436	0.0124	
rs50k	I4	358499	38	3	0.6128	0.5838	0.0108	
rs50k	I4	358455	39	1	0.6436	0.5392	0.0117	
rs50k	I4	358762	45	0	0.6701	0.5314	0.0129	
rs50k	I4	358335	41	2	0.7053	0.5519	0.0112	
rs50k	I4	358393	39	0	0.6367	0.5481	0.0131	
rs50k	I4	358498	34	2	0.7469	0.5937	0.0106	
rs50k	I4	358815	40	2	0.6755	0.5509	0.0115	
rs50k	I4	358883	38	0	0.6450	0.5418	0.0123	
rs50k	I4	358293	33	2	0.7535	0.5710	0.0105	
rs50k	I4	358458	32	1	0.8071	0.5448	0.0134	
rs50k	I4	358303	37	2	0.6567	0.5714	0.0100	
rs50k	I4	358398	48	1	0.7542	0.5550	0.0108	
rs50k	I4	358463	34	1	0.5735	0.5398	0.0106	
rs50k	I4	358226	29	2	0.6700	0.5703	0.0134	
rs50k	I4	358397	38	0	0.6417	0.5575	0.0094	
rs50k	I4	358345	44	0	0.7321	0.5589	0.0096	
rs50k	I4	358300	27	3	0.7596	0.5660	0.0127	
rs50k	I4	359214	39	1	0.6460	0.5491	0.0109	
rs50k	I4	358425	38	2	0.7082	0.5435	0.0118	
rs50k	I4	358323	37	0	0.6927	0.5579	0.0119	
rs50k	I4	358806	35	1	0.6942	0.5584	0.0126	
rs50k	I4	358981	35	0	0.6561	0.5500	0.0124	
rs50k	I4	358745	37	0	0.6582	0.5583	0.0111	
rs50k	I4	358452	46	0	0.6537	0.5208	0.0127	
rs50k	I5	150495	31	1	0.6450	0.5029	0.0147	
rs50k	I5	150627	32	1	0.7438	0.4958	0.0168	
rs50k	I5	150728	30	4	0.6824	0.5185	0.0164	
rs50k	I5	150561	40	1	0.6386	0.5023	0.0169	
rs50k	I5	150453	34	1	0.7013	0.5092	0.0163	
rs50k	I5	150596	34	1	0.6867	0.5208	0.0142	
rs50k	I5	150573	38	1	0.8005	0.4980	0.0160	
rs50k	I5	150607	36	1	0.6979	0.4881	0.0184	
rs50k	I5	150747	32	3	0.7442	0.5495	0.0156	
rs50k	I5	151194	33	1	0.6892	0.5522	0.0167	
rs50k	I5	150770	34	1	0.6245	0.4966	0.0142	
rs50k	I5	150552	29	1	0.6485	0.4859	0.0166	
rs50k	I5	150581	37	2	0.7928	0.5054	0.0171	
rs50k	I5	150602	30	3	0.6791	0.4884	0.0162	
rs50k	I5	150555	29	1	0.6472	0.5148	0.0159	
rs50k	I5	150493	37	1	0.6491	0.5005	0.0194	
rs50k	I5	150527	38	2	0.7328	0.4997	0.0173	
rs50k	I5	150497	42	0	0.6484	0.4727	0.0161	
rs50k	I5	150523	38	1	0.6886	0.4986	0.0177	
rs50k	I5	150702	34	0	0.6450	0.4935	0.0162	
rs50k	I5	150949	38	1	0.7015	0.4983	0.0165	
rs50k	I5	150799	39	1	0.6991	0.4951	0.0178	
rs50k	I5	150900	33	3	0.6829	0.5220	0.0178	
rs50k	I5	150779	32	2	0.5303	0.5062	0.0162	
rs50k	I5	150828	37	0	0.6316	0.4672	0.0160	
rs50k	I5	150824	31	0	0.7023	0.5061	0.0172	
rs50k	I5	150664	34	3	0.6911	0.5044	0.0169	
rs50k	I5	150621	35	0	0.6030	0.4975	0.0170	
rs50k	I5	150533	40	0	0.6154	0.4962	0.0133	
rs50k	I5	150619	33	4	0.6589	0.5192	0.0143	
rs50k	I5	150494	41	0	0.6180	0.4813	0.0156	
rs50k	I5	150569	39	0	0.7168	0.5021	0.0160	
rs50k	I5	150568	24	1	0.7816	0.5508	0.0134	
rs50k	I5	150668	38	0	0.6972	0.4912	0.0177	
rs50k	I5	151198	31	1	0.6658	0.4943	0.0151	
rs50k	I5	150838	31	1	0.5514	0.5167	0.0180	
rs50k	I5	150606	36	1	0.7684	0.4976	0.0154	
rs50k	I5	150723	32	0	0.7514	0.4806	0.0167	
rs50k	I5	150517	33	1	0.7110	0.4978	0.0140	
rs50k	I5	150546	27	1	0.6786	0.4980	0.0162	
rs50k	I5	150535	42	3	0.6779	0.5012	0.0144	
rs50k	I5	150518	44	1	0.6911	0.4750	0.0153	
rs50k	I5	150527	32	1	0.7980	0.5228	0.0149	
rs50k	I5	150591	27	0	0.5921	0.5071	0.0168	
rs50k	I5	150710	37	0	0.5621	0.4842	0.0163	
rs50k	I5	150712	38	0	0.6700	0.4705	0.0170	
rs50k	I5	150450	41	0	0.5890	0.4715	0.0174	
rs50k	I5	150601	40	1	0.6408	0.4787	0.0168	
rs50k	I5	150517	41	0	0.8480	0.4924	0.0153	
rs50k	I5	150529	35	3	0.7059	0.4936	0.0168