config	inst	time	count	best	spr	hv	gd	
nsga50k2x	#0	260784	75	0.0174	0.6259	0.4537	0.0068	
nsga50k2x	#0	192872	67	0.0609	0.6865	0.4734	0.0108	
nsga50k2x	#0	193045	80	0.0000	0.6533	0.4496	0.0068	
nsga50k2x	#0	191555	78	0.0087	0.5899	0.4639	0.0059	
nsga50k2x	#0	193213	76	0.1217	0.6041	0.4812	0.0044	
nsga50k2x	#0	190540	76	0.0174	0.6626	0.4643	0.0065	
nsga50k2x	#0	185911	67	0.0348	0.6293	0.4747	0.0056	
nsga50k2x	#0	187290	75	0.0174	0.7276	0.4595	0.0092	
nsga50k2x	#0	186670	80	0.0000	0.5906	0.4606	0.0055	
nsga50k2x	#0	186438	79	0.0087	0.5487	0.4620	0.0052	
nsga50k2x	#0	187111	70	0.0000	0.6070	0.4587	0.0060	
nsga50k2x	#0	187044	70	0.0174	0.6563	0.4658	0.0057	
nsga50k2x	#0	187732	76	0.0435	0.5854	0.4779	0.0050	
nsga50k2x	#0	186563	73	0.0000	0.5982	0.4587	0.0067	
nsga50k2x	#0	188540	72	0.0174	0.6487	0.4525	0.0065	
nsga50k2x	#0	187031	80	0.0000	0.6963	0.4530	0.0079	
nsga50k2x	#0	186336	80	0.0174	0.7145	0.4578	0.0076	
nsga50k2x	#0	187254	71	0.0348	0.6322	0.4727	0.0068	
nsga50k2x	#0	185683	75	0.0174	0.6105	0.4577	0.0060	
nsga50k2x	#0	187545	71	0.0087	0.6226	0.4592	0.0058	
nsga50k2x	#0	188136	66	0.0261	0.6870	0.4824	0.0064	
nsga50k2x	#0	186314	79	0.0174	0.7172	0.4615	0.0069	
nsga50k2x	#0	187268	65	0.0000	0.5976	0.4645	0.0068	
nsga50k2x	#0	187422	77	0.0174	0.5957	0.4551	0.0088	
nsga50k2x	#0	187688	75	0.0174	0.6023	0.4721	0.0056	
nsga50k2x	#0	187483	80	0.0087	0.6688	0.4627	0.0084	
nsga50k2x	#0	187188	69	0.0000	0.7046	0.4557	0.0088	
nsga50k2x	#0	186735	76	0.0435	0.5326	0.4748	0.0042	
nsga50k2x	#0	186007	68	0.0522	0.6488	0.4706	0.0047	
nsga50k2x	#0	187032	67	0.0348	0.6482	0.4724	0.0053	
nsga50k2x	#0	187306	80	0.0174	0.6334	0.4488	0.0081	
nsga50k2x	#0	186410	70	0.0261	0.5617	0.4774	0.0049	
nsga50k2x	#0	187067	65	0.0609	0.7201	0.4821	0.0050	
nsga50k2x	#0	187427	73	0.0000	0.6709	0.4562	0.0067	
nsga50k2x	#0	186366	67	0.0087	0.6034	0.4614	0.0058	
nsga50k2x	#0	187066	72	0.0087	0.7360	0.4620	0.0081	
nsga50k2x	#0	186358	69	0.0348	0.6777	0.4647	0.0074	
nsga50k2x	#0	187640	65	0.0000	0.6016	0.4604	0.0059	
nsga50k2x	#0	187165	77	0.0087	0.6416	0.4648	0.0062	
nsga50k2x	#0	187199	79	0.0174	0.5407	0.4669	0.0051	
nsga50k2x	#0	187344	74	0.0261	0.7354	0.4643	0.0075	
nsga50k2x	#0	186866	72	0.0348	0.6569	0.4684	0.0049	
nsga50k2x	#0	187857	78	0.0174	0.6758	0.4585	0.0133	
nsga50k2x	#0	186565	80	0.0348	0.5675	0.4661	0.0048	
nsga50k2x	#0	186292	71	0.0087	0.5381	0.4622	0.0068	
nsga50k2x	#0	186863	68	0.0000	0.6113	0.4544	0.0070	
nsga50k2x	#0	186766	80	0.0261	0.6730	0.4658	0.0054	
nsga50k2x	#0	187337	76	0.0000	0.5431	0.4465	0.0071	
nsga50k2x	#0	187099	70	0.0000	0.6590	0.4640	0.0068	
nsga50k2x	#0	186435	69	0.0087	0.6770	0.4688	0.0072	
rs50k	#0	148649	20	0.0000	0.6738	0.1118	0.1146	
rs50k	#0	151384	24	0.0000	0.7270	0.0897	0.1111	
rs50k	#0	146740	24	0.0000	0.7742	0.0814	0.1206	
rs50k	#0	146591	17	0.0000	0.6599	0.0885	0.1424	
rs50k	#0	144961	22	0.0000	0.8014	0.1163	0.1340	
rs50k	#0	145312	20	0.0000	0.6546	0.1027	0.1242	
rs50k	#0	145383	24	0.0000	0.6198	0.0755	0.1180	
rs50k	#0	145570	18	0.0000	0.7197	0.0794	0.1324	
rs50k	#0	145437	23	0.0000	0.8015	0.0933	0.1134	
rs50k	#0	144542	20	0.0000	0.8758	0.0815	0.1329	
rs50k	#0	144503	25	0.0000	0.7685	0.0745	0.1094	
rs50k	#0	144484	20	0.0000	0.7305	0.0649	0.1308	
rs50k	#0	144510	25	0.0000	0.8195	0.0767	0.1100	
rs50k	#0	144535	27	0.0000	0.8598	0.0870	0.1231	
rs50k	#0	144443	19	0.0000	0.7061	0.0821	0.1227	
rs50k	#0	144495	25	0.0000	0.7726	0.0902	0.1390	
rs50k	#0	144464	27	0.0000	0.8017	0.0792	0.1066	
rs50k	#0	144435	22	0.0000	0.7400	0.0887	0.1018	
rs50k	#0	144434	19	0.0000	0.7608	0.1017	0.1153	
rs50k	#0	144541	21	0.0000	0.7229	0.1048	0.1292	
rs50k	#0	144429	23	0.0000	0.7657	0.0893	0.1174	
rs50k	#0	144381	19	0.0000	0.6871	0.0868	0.1171	
rs50k	#0	144375	22	0.0000	0.9566	0.0729	0.1419	
rs50k	#0	144400	28	0.0000	0.8128	0.0647	0.1172	
rs50k	#0	144422	23	0.0000	0.6956	0.0904	0.1276	
rs50k	#0	144502	15	0.0000	0.6997	0.0877	0.1267	
rs50k	#0	144481	27	0.0000	0.7534	0.0782	0.1070	
rs50k	#0	144586	19	0.0000	0.7266	0.0942	0.1443	
rs50k	#0	144533	15	0.0000	0.6443	0.0957	0.1372	
rs50k	#0	144531	31	0.0000	0.8739	0.0826	0.1114	
rs50k	#0	144627	29	0.0000	0.8738	0.0798	0.1277	
rs50k	#0	144755	22	0.0000	0.7918	0.0663	0.1258	
rs50k	#0	144859	20	0.0000	0.8433	0.0993	0.1280	
rs50k	#0	145046	28	0.0000	0.8213	0.0760	0.1259	
rs50k	#0	145570	25	0.0000	0.7911	0.0851	0.1119	
rs50k	#0	144837	26	0.0000	0.7638	0.0779	0.1323	
rs50k	#0	144673	25	0.0000	0.9124	0.0825	0.1106	
rs50k	#0	144776	24	0.0000	0.8343	0.0877	0.1327	
rs50k	#0	144570	27	0.0000	0.8100	0.0798	0.1196	
rs50k	#0	144487	23	0.0000	0.7906	0.0870	0.1156	
rs50k	#0	144498	28	0.0000	0.8840	0.0701	0.1030	
rs50k	#0	144522	27	0.0000	0.8528	0.0835	0.1103	
rs50k	#0	144421	20	0.0000	0.8627	0.0967	0.1585	
rs50k	#0	144498	26	0.0000	0.8062	0.0765	0.1220	
rs50k	#0	144659	27	0.0000	0.7976	0.0808	0.1102	
rs50k	#0	144602	23	0.0000	0.9026	0.0766	0.1137	
rs50k	#0	144545	21	0.0000	0.9005	0.0762	0.1537	
rs50k	#0	144437	18	0.0000	0.8221	0.0868	0.1304	
rs50k	#0	144442	24	0.0000	0.7984	0.1140	0.1324	
rs50k	#0	144571	31	0.0000	0.8344	0.0779	0.0910	
nsga50k2x	#1	1098460	88	0.0147	0.6968	0.4726	0.0042	
nsga50k2x	#1	1100129	88	0.0221	0.5992	0.4640	0.0043	
nsga50k2x	#1	1096114	88	0.0294	0.6012	0.4727	0.0041	
nsga50k2x	#1	1098150	115	0.0147	0.5671	0.4602	0.0041	
nsga50k2x	#1	1097285	101	0.0147	0.5598	0.4566	0.0045	
nsga50k2x	#1	1096857	93	0.0368	0.6643	0.4789	0.0038	
nsga50k2x	#1	1095407	95	0.0221	0.6019	0.4575	0.0047	
nsga50k2x	#1	1101591	100	0.0441	0.6969	0.4694	0.0050	
nsga50k2x	#1	1099697	95	0.0221	0.6164	0.4691	0.0039	
nsga50k2x	#1	1092858	87	0.0441	0.5544	0.4720	0.0040	
nsga50k2x	#1	1098637	120	0.0000	0.6223	0.4467	0.0047	
nsga50k2x	#1	1099963	82	0.0221	0.6475	0.4666	0.0052	
nsga50k2x	#1	1095877	100	0.0147	0.7175	0.4636	0.0053	
nsga50k2x	#1	1098877	96	0.0000	0.6530	0.4613	0.0042	
nsga50k2x	#1	1099493	95	0.0074	0.6607	0.4651	0.0046	
nsga50k2x	#1	1099527	94	0.0147	0.6417	0.4627	0.0046	
nsga50k2x	#1	1099130	87	0.0074	0.5998	0.4598	0.0051	
nsga50k2x	#1	1103098	100	0.0221	0.6197	0.4676	0.0039	
nsga50k2x	#1	1097308	108	0.0000	0.6431	0.4546	0.0044	
nsga50k2x	#1	1101456	97	0.0074	0.6089	0.4610	0.0044	
nsga50k2x	#1	1094419	109	0.0074	0.5760	0.4559	0.0044	
nsga50k2x	#1	1097901	88	0.0221	0.6258	0.4603	0.0052	
nsga50k2x	#1	1094957	96	0.0221	0.6099	0.4724	0.0043	
nsga50k2x	#1	1097405	91	0.0074	0.5677	0.4666	0.0043	
nsga50k2x	#1	1098278	83	0.0221	0.6399	0.4648	0.0041	
nsga50k2x	#1	1101191	93	0.0000	0.6343	0.4615	0.0049	
nsga50k2x	#1	1096362	101	0.0147	0.6652	0.4676	0.0043	
nsga50k2x	#1	1095377	96	0.0221	0.6439	0.4624	0.0043	
nsga50k2x	#1	1097014	90	0.0368	0.6708	0.4669	0.0044	
nsga50k2x	#1	1093206	83	0.0147	0.5888	0.4712	0.0042	
nsga50k2x	#1	1099063	97	0.0294	0.5765	0.4638	0.0044	
nsga50k2x	#1	1101036	94	0.0147	0.5860	0.4676	0.0043	
nsga50k2x	#1	1096799	103	0.0221	0.6628	0.4691	0.0044	
nsga50k2x	#1	1285359	82	0.0221	0.6378	0.4708	0.0044	
nsga50k2x	#1	1213972	95	0.0147	0.6111	0.4685	0.0045	
nsga50k2x	#1	1103769	92	0.0000	0.5800	0.4509	0.0050	
nsga50k2x	#1	1110688	86	0.0294	0.6634	0.4685	0.0043	
nsga50k2x	#1	1105700	105	0.0147	0.6741	0.4646	0.0041	
nsga50k2x	#1	1104035	86	0.0441	0.6188	0.4712	0.0044	
nsga50k2x	#1	1105009	93	0.0074	0.5743	0.4668	0.0043	
nsga50k2x	#1	1101761	93	0.0588	0.6325	0.4690	0.0042	
nsga50k2x	#1	1103736	103	0.0368	0.7509	0.4619	0.0054	
nsga50k2x	#1	1105183	91	0.0441	0.5957	0.4689	0.0040	
nsga50k2x	#1	1108797	92	0.0147	0.6205	0.4651	0.0041	
nsga50k2x	#1	1107660	93	0.0147	0.6087	0.4663	0.0046	
nsga50k2x	#1	1108256	102	0.0000	0.5930	0.4614	0.0048	
nsga50k2x	#1	1105925	98	0.0074	0.5780	0.4724	0.0035	
nsga50k2x	#1	1108460	87	0.0515	0.6540	0.4717	0.0039	
nsga50k2x	#1	1109426	94	0.0147	0.6007	0.4708	0.0042	
nsga50k2x	#1	1122209	98	0.0294	0.6695	0.4665	0.0045	
rs50k	#1	845983	49	0.0000	0.7187	0.1822	0.0470	
rs50k	#1	846837	38	0.0000	0.7061	0.1930	0.0511	
rs50k	#1	845818	46	0.0000	0.8016	0.1783	0.0502	
rs50k	#1	844494	38	0.0000	0.7784	0.1852	0.0564	
rs50k	#1	843693	32	0.0000	0.6563	0.1933	0.0568	
rs50k	#1	843562	41	0.0000	0.6786	0.1850	0.0495	
rs50k	#1	844261	36	0.0000	0.6833	0.1845	0.0530	
rs50k	#1	843511	49	0.0000	0.7719	0.1848	0.0482	
rs50k	#1	843284	40	0.0000	0.7094	0.1821	0.0505	
rs50k	#1	843611	41	0.0000	0.7331	0.1858	0.0541	
rs50k	#1	844207	40	0.0000	0.6998	0.1872	0.0478	
rs50k	#1	843353	45	0.0000	0.7533	0.1829	0.0494	
rs50k	#1	843369	36	0.0000	0.7317	0.1805	0.0532	
rs50k	#1	843224	36	0.0000	0.6698	0.1909	0.0500	
rs50k	#1	843735	38	0.0000	0.8356	0.1938	0.0533	
rs50k	#1	844214	38	0.0000	0.6998	0.1847	0.0544	
rs50k	#1	843383	35	0.0000	0.7113	0.2003	0.0506	
rs50k	#1	843263	40	0.0000	0.7641	0.1786	0.0549	
rs50k	#1	843652	43	0.0000	0.7184	0.1900	0.0461	
rs50k	#1	844129	40	0.0000	0.7075	0.1834	0.0555	
rs50k	#1	843111	40	0.0000	0.6899	0.1908	0.0491	
rs50k	#1	843337	47	0.0000	0.7600	0.1861	0.0488	
rs50k	#1	843400	48	0.0000	0.6783	0.1768	0.0464	
rs50k	#1	843493	31	0.0000	0.6506	0.1892	0.0578	
rs50k	#1	844111	37	0.0000	0.7290	0.2052	0.0465	
rs50k	#1	843487	41	0.0000	0.6641	0.1806	0.0516	
rs50k	#1	843594	34	0.0000	0.7022	0.1931	0.0601	
rs50k	#1	843606	45	0.0000	0.7201	0.1911	0.0464	
rs50k	#1	844216	45	0.0000	0.8366	0.1772	0.0520	
rs50k	#1	843475	33	0.0000	0.7179	0.1802	0.0615	
rs50k	#1	843436	32	0.0000	0.6941	0.1948	0.0569	
rs50k	#1	843544	44	0.0000	0.7211	0.1831	0.0482	
rs50k	#1	843334	45	0.0000	0.7261	0.1764	0.0471	
rs50k	#1	843995	32	0.0000	0.7279	0.1931	0.0549	
rs50k	#1	843637	36	0.0000	0.6914	0.1921	0.0522	
rs50k	#1	843587	44	0.0000	0.6540	0.1792	0.0498	
rs50k	#1	843641	38	0.0000	0.6924	0.1847	0.0531	
rs50k	#1	845440	36	0.0000	0.7405	0.1948	0.0585	
rs50k	#1	842969	43	0.0000	0.6826	0.1899	0.0504	
rs50k	#1	843383	47	0.0000	0.7192	0.1779	0.0474	
rs50k	#1	842933	36	0.0000	0.7249	0.1938	0.0513	
rs50k	#1	843084	40	0.0000	0.7477	0.1857	0.0506	
rs50k	#1	843873	55	0.0000	0.6890	0.1773	0.0442	
rs50k	#1	843228	43	0.0000	0.7196	0.1881	0.0477	
rs50k	#1	844033	34	0.0000	0.7325	0.1946	0.0542	
rs50k	#1	844141	43	0.0000	0.6968	0.1826	0.0524	
rs50k	#1	844925	30	0.0000	0.6934	0.1814	0.0591	
rs50k	#1	844647	28	0.0000	0.8583	0.2156	0.0596	
rs50k	#1	843316	33	0.0000	0.7498	0.1833	0.0557	
rs50k	#1	843117	40	0.0000	0.7422	0.1772	0.0569	
nsga50k2x	#2	1365834	61	0.0220	0.6248	0.4791	0.0097	
nsga50k2x	#2	1266060	51	0.0440	0.6544	0.4949	0.0092	
nsga50k2x	#2	1268851	52	0.0110	0.5915	0.4828	0.0094	
nsga50k2x	#2	1269164	45	0.0110	0.6287	0.4953	0.0081	
nsga50k2x	#2	1268429	50	0.0769	0.7719	0.5073	0.0084	
nsga50k2x	#2	1267914	56	0.0330	0.5810	0.5093	0.0064	
nsga50k2x	#2	1267804	72	0.0000	0.6991	0.4617	0.0098	
nsga50k2x	#2	1268293	63	0.0110	0.7528	0.4984	0.0098	
nsga50k2x	#2	1267764	60	0.0220	0.6228	0.4912	0.0085	
nsga50k2x	#2	1263624	52	0.0110	0.7425	0.4858	0.0115	
nsga50k2x	#2	1265095	47	0.0110	0.5604	0.4859	0.0092	
nsga50k2x	#2	1269179	54	0.0110	0.5831	0.4777	0.0090	
nsga50k2x	#2	1263979	51	0.0110	0.6499	0.4971	0.0085	
nsga50k2x	#2	1265675	56	0.0000	0.6851	0.4796	0.0097	
nsga50k2x	#2	1266611	61	0.0110	0.7134	0.4857	0.0087	
nsga50k2x	#2	1265350	53	0.0220	0.6487	0.4798	0.0093	
nsga50k2x	#2	1264199	50	0.0220	0.6223	0.4863	0.0096	
nsga50k2x	#2	1264994	47	0.0110	0.6473	0.4944	0.0082	
nsga50k2x	#2	1265156	55	0.0110	0.7134	0.4830	0.0108	
nsga50k2x	#2	1265505	53	0.0330	0.6462	0.4947	0.0083	
nsga50k2x	#2	1265362	51	0.0330	0.7691	0.4985	0.0086	
nsga50k2x	#2	1263516	54	0.0110	0.7496	0.4961	0.0080	
nsga50k2x	#2	1266423	61	0.0220	0.5392	0.4738	0.0097	
nsga50k2x	#2	1265186	47	0.0000	0.6123	0.4855	0.0106	
nsga50k2x	#2	1267084	59	0.0220	0.5701	0.4956	0.0084	
nsga50k2x	#2	1263880	67	0.0110	0.7416	0.4856	0.0096	
nsga50k2x	#2	1267132	68	0.0000	0.6452	0.4716	0.0096	
nsga50k2x	#2	1268118	58	0.0440	0.6838	0.4923	0.0081	
nsga50k2x	#2	1265644	54	0.0000	0.5661	0.4854	0.0082	
nsga50k2x	#2	1264805	58	0.0769	0.7007	0.5034	0.0093	
nsga50k2x	#2	1263826	62	0.0110	0.5925	0.4885	0.0086	
nsga50k2x	#2	1268177	55	0.0440	0.6024	0.4930	0.0094	
nsga50k2x	#2	1264813	60	0.0220	0.5656	0.4925	0.0087	
nsga50k2x	#2	1265068	56	0.0000	0.6221	0.4687	0.0095	
nsga50k2x	#2	1262728	62	0.0110	0.5977	0.4669	0.0109	
nsga50k2x	#2	1267144	58	0.0330	0.6073	0.4949	0.0075	
nsga50k2x	#2	1508470	55	0.0000	0.6907	0.4779	0.0086	
nsga50k2x	#2	1323884	51	0.0110	0.6989	0.4935	0.0091	
nsga50k2x	#2	1271455	63	0.0110	0.7100	0.4725	0.0090	
nsga50k2x	#2	1270622	53	0.0000	0.6291	0.4920	0.0085	
nsga50k2x	#2	1270624	57	0.0110	0.6732	0.4835	0.0103	
nsga50k2x	#2	1270222	54	0.0440	0.7179	0.5042	0.0087	
nsga50k2x	#2	1273894	50	0.0330	0.6593	0.4914	0.0080	
nsga50k2x	#2	1271576	46	0.0440	0.7041	0.5013	0.0097	
nsga50k2x	#2	1274127	58	0.0110	0.7275	0.4888	0.0090	
nsga50k2x	#2	1271256	56	0.0110	0.7056	0.4832	0.0106	
nsga50k2x	#2	1270708	56	0.0110	0.7605	0.5030	0.0080	
nsga50k2x	#2	1272421	58	0.0549	0.6926	0.5046	0.0082	
nsga50k2x	#2	1272197	52	0.0330	0.6467	0.5018	0.0076	
nsga50k2x	#2	1268970	57	0.0000	0.6649	0.4901	0.0086	
rs50k	#2	988666	20	0.0000	0.7705	0.0421	0.1318	
rs50k	#2	976861	20	0.0000	0.6855	0.0362	0.1454	
rs50k	#2	975680	27	0.0000	0.8265	0.0270	0.1388	
rs50k	#2	976765	17	0.0000	0.8619	0.0636	0.1647	
rs50k	#2	976570	20	0.0000	0.8453	0.0316	0.1606	
rs50k	#2	976639	19	0.0000	0.7320	0.0383	0.1465	
rs50k	#2	975316	16	0.0000	0.8633	0.0379	0.1532	
rs50k	#2	975458	20	0.0000	0.8127	0.0348	0.1499	
rs50k	#2	976383	23	0.0000	0.8779	0.0353	0.1289	
rs50k	#2	975398	21	0.0000	0.7663	0.0364	0.1393	
rs50k	#2	975068	18	0.0000	0.7564	0.0314	0.1371	
rs50k	#2	975596	22	0.0000	0.8519	0.0399	0.1471	
rs50k	#2	976116	22	0.0000	0.8103	0.0411	0.1237	
rs50k	#2	976523	25	0.0000	0.8163	0.0349	0.1305	
rs50k	#2	976537	19	0.0000	0.8879	0.0293	0.1360	
rs50k	#2	977064	23	0.0000	0.7572	0.0284	0.1494	
rs50k	#2	977572	14	0.0000	0.8329	0.0524	0.1591	
rs50k	#2	976820	22	0.0000	0.7784	0.0370	0.1441	
rs50k	#2	976255	21	0.0000	0.7859	0.0437	0.1478	
rs50k	#2	975019	20	0.0000	0.7565	0.0299	0.1619	
rs50k	#2	976530	14	0.0000	0.7609	0.0594	0.1630	
rs50k	#2	975573	17	0.0000	0.7653	0.0497	0.1802	
rs50k	#2	977163	20	0.0000	0.8452	0.0490	0.1529	
rs50k	#2	975980	17	0.0000	0.7818	0.0384	0.1295	
rs50k	#2	976464	20	0.0000	0.8136	0.0450	0.1434	
rs50k	#2	975591	20	0.0000	0.8125	0.0316	0.1433	
rs50k	#2	977141	22	0.0000	0.8684	0.0390	0.1453	
rs50k	#2	977899	21	0.0000	0.7901	0.0331	0.1381	
rs50k	#2	976497	18	0.0000	0.7722	0.0456	0.1449	
rs50k	#2	1029393	25	0.0000	0.7699	0.0267	0.1187	
rs50k	#2	1108184	24	0.0000	0.7266	0.0424	0.1331	
rs50k	#2	1072777	17	0.0000	0.8347	0.0463	0.1664	
rs50k	#2	1016030	19	0.0000	0.8092	0.0350	0.1677	
rs50k	#2	992752	18	0.0000	0.8337	0.0595	0.1401	
rs50k	#2	992459	21	0.0000	0.9357	0.0318	0.1273	
rs50k	#2	992455	21	0.0000	0.7597	0.0347	0.1452	
rs50k	#2	991557	27	0.0000	0.8609	0.0431	0.1312	
rs50k	#2	991827	25	0.0000	0.7892	0.0436	0.1064	
rs50k	#2	991964	14	0.0000	0.8880	0.0781	0.1593	
rs50k	#2	992806	27	0.0000	0.8556	0.0223	0.1272	
rs50k	#2	991790	21	0.0000	0.8178	0.0419	0.1220	
rs50k	#2	991958	19	0.0000	0.7663	0.0499	0.1474	
rs50k	#2	992518	26	0.0000	0.7641	0.0298	0.1258	
rs50k	#2	992205	20	0.0000	0.7689	0.0398	0.1442	
rs50k	#2	991935	17	0.0000	0.7965	0.0382	0.1646	
rs50k	#2	991666	25	0.0000	0.8222	0.0335	0.1146	
rs50k	#2	992125	22	0.0000	0.7841	0.0348	0.1539	
rs50k	#2	991548	23	0.0000	0.7938	0.0303	0.1203	
rs50k	#2	991930	32	0.0000	0.8900	0.0311	0.1103	
rs50k	#2	991909	15	0.0000	0.7854	0.0491	0.1530	
nsga50k2x	#3	1216641	74	0.0360	0.6413	0.4228	0.0131	
nsga50k2x	#3	1223916	71	0.0270	0.7541	0.4101	0.0143	
nsga50k2x	#3	1222287	72	0.0270	0.5903	0.4120	0.0101	
nsga50k2x	#3	1226697	69	0.0090	0.9543	0.4183	0.0302	
nsga50k2x	#3	1219850	72	0.0090	0.6239	0.4090	0.0106	
nsga50k2x	#3	1220552	54	0.0270	0.6277	0.4440	0.0090	
nsga50k2x	#3	1228608	68	0.0180	0.7172	0.4375	0.0128	
nsga50k2x	#3	1220206	82	0.0000	0.9489	0.3999	0.0246	
nsga50k2x	#3	1219786	77	0.0090	0.6843	0.4049	0.0115	
nsga50k2x	#3	1225220	79	0.0270	0.6161	0.4326	0.0085	
nsga50k2x	#3	1226959	77	0.0360	0.5821	0.4356	0.0088	
nsga50k2x	#3	1225575	82	0.0180	0.6678	0.4239	0.0080	
nsga50k2x	#3	1225697	76	0.0180	0.8084	0.4134	0.0211	
nsga50k2x	#3	1210077	76	0.0000	0.8508	0.3932	0.0258	
nsga50k2x	#3	1222080	84	0.0090	0.6832	0.4010	0.0118	
nsga50k2x	#3	1222795	76	0.0000	0.7075	0.4122	0.0139	
nsga50k2x	#3	1217178	72	0.0000	0.5743	0.4029	0.0106	
nsga50k2x	#3	1217600	67	0.0270	0.6467	0.4277	0.0107	
nsga50k2x	#3	1225601	63	0.0090	0.6859	0.4178	0.0103	
nsga50k2x	#3	1222009	65	0.0270	0.8492	0.4241	0.0209	
nsga50k2x	#3	1227963	69	0.0180	0.6477	0.4408	0.0117	
nsga50k2x	#3	1227794	79	0.0090	0.6906	0.4246	0.0090	
nsga50k2x	#3	1223116	81	0.0000	0.6837	0.3936	0.0125	
nsga50k2x	#3	1227007	62	0.0450	0.7450	0.4387	0.0089	
nsga50k2x	#3	1222107	68	0.0270	0.6259	0.4189	0.0092	
nsga50k2x	#3	1232588	63	0.0360	0.7701	0.4277	0.0150	
nsga50k2x	#3	1224159	67	0.0000	0.6505	0.4193	0.0128	
nsga50k2x	#3	1233019	63	0.0450	0.7368	0.4321	0.0179	
nsga50k2x	#3	1145147	56	0.0450	0.6726	0.4532	0.0086	
nsga50k2x	#3	745821	62	0.0270	0.6950	0.4383	0.0135	
nsga50k2x	#3	749805	75	0.0090	0.6480	0.4140	0.0103	
nsga50k2x	#3	748079	77	0.0000	0.6228	0.4226	0.0089	
nsga50k2x	#3	748496	65	0.0180	0.6212	0.3995	0.0124	
nsga50k2x	#3	756407	62	0.0270	0.7434	0.4339	0.0151	
nsga50k2x	#3	751614	70	0.0360	0.6616	0.4345	0.0116	
nsga50k2x	#3	752142	68	0.0000	0.6970	0.4123	0.0118	
nsga50k2x	#3	747995	69	0.0360	0.6307	0.4251	0.0098	
nsga50k2x	#3	745005	65	0.0270	0.7176	0.4343	0.0124	
nsga50k2x	#3	747281	77	0.0000	0.6839	0.4031	0.0108	
nsga50k2x	#3	750805	63	0.0180	0.7099	0.3979	0.0159	
nsga50k2x	#3	745419	68	0.0180	0.5169	0.4127	0.0090	
nsga50k2x	#3	750721	72	0.0270	0.6313	0.4244	0.0095	
nsga50k2x	#3	757079	64	0.0270	0.6537	0.4158	0.0199	
nsga50k2x	#3	750131	74	0.0090	0.7870	0.4115	0.0178	
nsga50k2x	#3	749381	59	0.0270	0.6738	0.4378	0.0093	
nsga50k2x	#3	750029	65	0.0270	0.6622	0.4355	0.0091	
nsga50k2x	#3	746973	54	0.0450	0.6632	0.4297	0.0129	
nsga50k2x	#3	749123	61	0.0180	0.6172	0.4256	0.0126	
nsga50k2x	#3	750252	74	0.0360	0.7233	0.4369	0.0114	
nsga50k2x	#3	747584	60	0.0090	0.5852	0.4327	0.0092	
rs50k	#3	1190667	26	0.0000	0.7938	0.0000	0.2175	
rs50k	#3	1059994	31	0.0000	0.8544	0.0032	0.2419	
rs50k	#3	1051279	27	0.0000	0.7953	0.0000	0.2207	
rs50k	#3	1050374	31	0.0000	0.8258	0.0000	0.2400	
rs50k	#3	1050588	33	0.0000	0.9147	0.0000	0.1950	
rs50k	#3	1050456	31	0.0000	0.7934	0.0000	0.2193	
rs50k	#3	1042210	27	0.0000	0.7669	0.0000	0.2428	
rs50k	#3	1041062	21	0.0000	0.7098	0.0000	0.2332	
rs50k	#3	1041216	26	0.0000	0.9711	0.0000	0.2609	
rs50k	#3	1042534	38	0.0000	0.9606	0.0000	0.2065	
rs50k	#3	1041301	33	0.0000	0.8873	0.0000	0.2558	
rs50k	#3	1042510	27	0.0000	0.8148	0.0000	0.2465	
rs50k	#3	1041534	26	0.0000	0.7220	0.0000	0.2074	
rs50k	#3	1041772	24	0.0000	0.7770	0.0000	0.1911	
rs50k	#3	1041543	27	0.0000	0.7996	0.0000	0.2266	
rs50k	#3	1040900	22	0.0000	0.9599	0.0000	0.2815	
rs50k	#3	1042477	37	0.0000	0.7817	0.0000	0.2009	
rs50k	#3	1042884	30	0.0000	0.7766	0.0000	0.2004	
rs50k	#3	1042483	27	0.0000	0.7670	0.0000	0.2002	
rs50k	#3	1041789	25	0.0000	0.7681	0.0000	0.2549	
rs50k	#3	1042160	25	0.0000	0.7990	0.0000	0.2518	
rs50k	#3	1042033	27	0.0000	0.8686	0.0000	0.1956	
rs50k	#3	1042351	37	0.0000	1.0513	0.0000	0.2277	
rs50k	#3	1041098	28	0.0000	0.7726	0.0000	0.2025	
rs50k	#3	1043803	31	0.0000	0.8168	0.0000	0.2222	
rs50k	#3	1041900	23	0.0000	0.7313	0.0000	0.2373	
rs50k	#3	1042466	25	0.0000	0.7735	0.0000	0.2207	
rs50k	#3	1043402	30	0.0000	0.7863	0.0000	0.1871	
rs50k	#3	1042262	32	0.0000	0.8596	0.0000	0.1959	
rs50k	#3	1042218	26	0.0000	0.9142	0.0000	0.2120	
rs50k	#3	1043200	32	0.0000	0.8134	0.0000	0.2032	
rs50k	#3	1042758	24	0.0000	1.0744	0.0012	0.2620	
rs50k	#3	1048988	23	0.0000	0.7706	0.0000	0.2097	
rs50k	#3	1049433	25	0.0000	0.8347	0.0000	0.2010	
rs50k	#3	1048815	28	0.0000	0.7695	0.0000	0.2554	
rs50k	#3	1049274	31	0.0000	0.9320	0.0000	0.2185	
rs50k	#3	1048805	23	0.0000	0.7403	0.0000	0.2385	
rs50k	#3	1049040	30	0.0000	0.8074	0.0000	0.2176	
rs50k	#3	1049110	16	0.0000	0.7057	0.0000	0.2824	
rs50k	#3	1048060	23	0.0000	0.7476	0.0000	0.2252	
rs50k	#3	1097524	25	0.0000	0.8568	0.0000	0.2255	
rs50k	#3	1062512	32	0.0000	0.9793	0.0000	0.2505	
rs50k	#3	1052172	30	0.0000	0.7841	0.0000	0.2322	
rs50k	#3	1048824	25	0.0000	0.9458	0.0000	0.2683	
rs50k	#3	1048812	22	0.0000	0.8187	0.0000	0.1965	
rs50k	#3	1049118	33	0.0000	0.8090	0.0000	0.2408	
rs50k	#3	1048994	35	0.0000	0.8428	0.0000	0.2196	
rs50k	#3	1048275	30	0.0000	0.8962	0.0000	0.2305	
rs50k	#3	1048334	30	0.0000	0.9287	0.0115	0.2456	
rs50k	#3	1049102	26	0.0000	0.8283	0.0000	0.2115	
nsga50k2x	#4	478522	118	0.0169	0.5443	0.4815	0.0030	
nsga50k2x	#4	478258	114	0.0113	0.5444	0.4796	0.0031	
nsga50k2x	#4	475657	115	0.0508	0.5161	0.4855	0.0027	
nsga50k2x	#4	477796	119	0.0056	0.5357	0.4754	0.0030	
nsga50k2x	#4	475009	118	0.0226	0.5699	0.4750	0.0042	
nsga50k2x	#4	478496	114	0.0169	0.5552	0.4790	0.0034	
nsga50k2x	#4	477652	120	0.0113	0.5065	0.4820	0.0030	
nsga50k2x	#4	477174	120	0.0339	0.6284	0.4822	0.0030	
nsga50k2x	#4	478493	117	0.0226	0.6150	0.4797	0.0035	
nsga50k2x	#4	478626	120	0.0226	0.6101	0.4811	0.0031	
nsga50k2x	#4	478083	116	0.0169	0.5457	0.4737	0.0037	
nsga50k2x	#4	477719	112	0.0226	0.6586	0.4809	0.0033	
nsga50k2x	#4	476684	118	0.0113	0.6696	0.4790	0.0038	
nsga50k2x	#4	476626	120	0.0226	0.6127	0.4768	0.0034	
nsga50k2x	#4	478521	119	0.0056	0.5612	0.4795	0.0031	
nsga50k2x	#4	478157	120	0.0508	0.5614	0.4832	0.0031	
nsga50k2x	#4	478457	118	0.0226	0.6203	0.4813	0.0029	
nsga50k2x	#4	477727	119	0.0113	0.6005	0.4829	0.0029	
nsga50k2x	#4	478848	117	0.0113	0.6521	0.4805	0.0030	
nsga50k2x	#4	477060	119	0.0113	0.6187	0.4812	0.0029	
nsga50k2x	#4	475661	120	0.0169	0.5945	0.4754	0.0032	
nsga50k2x	#4	477818	120	0.0000	0.5365	0.4707	0.0034	
nsga50k2x	#4	476743	117	0.0056	0.4978	0.4733	0.0035	
nsga50k2x	#4	478021	117	0.0282	0.6315	0.4841	0.0029	
nsga50k2x	#4	477681	111	0.0282	0.6439	0.4783	0.0035	
nsga50k2x	#4	476973	117	0.0113	0.5477	0.4711	0.0036	
nsga50k2x	#4	479351	116	0.0226	0.5133	0.4772	0.0031	
nsga50k2x	#4	477667	117	0.0508	0.6137	0.4873	0.0026	
nsga50k2x	#4	474235	118	0.0056	0.5713	0.4765	0.0036	
nsga50k2x	#4	479025	120	0.0113	0.5338	0.4793	0.0029	
nsga50k2x	#4	477392	120	0.0565	0.5531	0.4770	0.0030	
nsga50k2x	#4	477547	113	0.0226	0.5849	0.4801	0.0036	
nsga50k2x	#4	477094	117	0.0339	0.5937	0.4753	0.0040	
nsga50k2x	#4	477635	114	0.0056	0.6127	0.4799	0.0034	
nsga50k2x	#4	476913	115	0.0226	0.6053	0.4785	0.0031	
nsga50k2x	#4	476617	120	0.0000	0.5973	0.4670	0.0043	
nsga50k2x	#4	478793	112	0.0226	0.5901	0.4822	0.0030	
nsga50k2x	#4	478334	113	0.0000	0.6081	0.4831	0.0028	
nsga50k2x	#4	477575	120	0.0056	0.5619	0.4758	0.0033	
nsga50k2x	#4	478801	120	0.0000	0.5702	0.4792	0.0030	
nsga50k2x	#4	476966	115	0.0791	0.6631	0.4871	0.0029	
nsga50k2x	#4	476827	117	0.0282	0.5837	0.4843	0.0027	
nsga50k2x	#4	476901	115	0.0226	0.6028	0.4821	0.0040	
nsga50k2x	#4	477142	116	0.0282	0.5636	0.4816	0.0032	
nsga50k2x	#4	477644	111	0.0056	0.6440	0.4754	0.0036	
nsga50k2x	#4	476859	120	0.0226	0.6470	0.4816	0.0039	
nsga50k2x	#4	479474	120	0.0226	0.5815	0.4859	0.0027	
nsga50k2x	#4	476740	102	0.0282	0.5921	0.4805	0.0035	
nsga50k2x	#4	478146	119	0.0056	0.5069	0.4768	0.0031	
nsga50k2x	#4	477554	119	0.0056	0.5219	0.4751	0.0032	
rs50k	#4	364391	42	0.0000	0.7047	0.2237	0.0429	
rs50k	#4	364862	36	0.0000	0.7224	0.2220	0.0500	
rs50k	#4	364293	40	0.0000	0.6530	0.2135	0.0445	
rs50k	#4	364275	34	0.0000	0.7435	0.2233	0.0496	
rs50k	#4	359837	40	0.0000	0.8095	0.2056	0.0502	
rs50k	#4	359909	44	0.0000	0.7501	0.2092	0.0477	
rs50k	#4	358569	34	0.0000	0.6175	0.2326	0.0482	
rs50k	#4	358354	37	0.0000	0.9004	0.2116	0.0510	
rs50k	#4	358589	37	0.0000	0.6616	0.2163	0.0498	
rs50k	#4	358466	38	0.0000	0.7215	0.2297	0.0478	
rs50k	#4	358560	42	0.0000	0.7411	0.2299	0.0478	
rs50k	#4	358832	34	0.0000	0.7311	0.2243	0.0430	
rs50k	#4	358664	47	0.0000	0.7762	0.2220	0.0447	
rs50k	#4	358368	40	0.0000	0.7212	0.2077	0.0533	
rs50k	#4	358229	32	0.0000	0.7985	0.2161	0.0596	
rs50k	#4	358569	48	0.0000	0.7621	0.2065	0.0442	
rs50k	#4	358247	37	0.0000	0.6366	0.2089	0.0498	
rs50k	#4	358192	36	0.0000	0.6411	0.2153	0.0520	
rs50k	#4	358465	38	0.0000	0.7090	0.2285	0.0576	
rs50k	#4	358327	35	0.0000	0.6600	0.2235	0.0484	
rs50k	#4	358460	38	0.0000	0.7305	0.2198	0.0506	
rs50k	#4	358957	40	0.0000	0.7255	0.2092	0.0481	
rs50k	#4	359677	34	0.0000	0.7389	0.2239	0.0466	
rs50k	#4	358544	39	0.0000	0.6603	0.2204	0.0479	
rs50k	#4	358342	44	0.0000	0.8138	0.2187	0.0461	
rs50k	#4	358613	37	0.0000	0.7532	0.2146	0.0513	
rs50k	#4	358499	38	0.0000	0.6206	0.2332	0.0455	
rs50k	#4	358455	39	0.0000	0.7009	0.2108	0.0498	
rs50k	#4	358762	45	0.0000	0.7212	0.2054	0.0521	
rs50k	#4	358335	41	0.0000	0.7273	0.2160	0.0464	
rs50k	#4	358393	39	0.0000	0.6840	0.2150	0.0511	
rs50k	#4	358498	34	0.0000	0.7807	0.2425	0.0473	
rs50k	#4	358815	40	0.0000	0.7089	0.2169	0.0472	
rs50k	#4	358883	38	0.0000	0.6601	0.2113	0.0479	
rs50k	#4	358293	33	0.0000	0.7775	0.2333	0.0493	
rs50k	#4	358458	32	0.0000	0.7932	0.2135	0.0516	
rs50k	#4	358303	37	0.0000	0.6904	0.2283	0.0440	
rs50k	#4	358398	48	0.0000	0.7703	0.2190	0.0399	
rs50k	#4	358463	34	0.0000	0.6126	0.2113	0.0521	
rs50k	#4	358226	29	0.0000	0.6533	0.2313	0.0561	
rs50k	#4	358397	38	0.0000	0.6624	0.2219	0.0426	
rs50k	#4	358345	44	0.0000	0.7297	0.2219	0.0408	
rs50k	#4	358300	27	0.0000	0.7880	0.2282	0.0568	
rs50k	#4	359214	39	0.0000	0.6996	0.2178	0.0465	
rs50k	#4	358425	38	0.0000	0.7764	0.2124	0.0491	
rs50k	#4	358323	37	0.0000	0.7180	0.2188	0.0462	
rs50k	#4	358806	35	0.0000	0.7572	0.2261	0.0612	
rs50k	#4	358981	35	0.0000	0.7254	0.2145	0.0484	
rs50k	#4	358745	37	0.0000	0.7211	0.2179	0.0474	
rs50k	#4	358452	46	0.0000	0.7328	0.2014	0.0462	
nsga50k2x	#5	206497	86	0.0063	0.5272	0.4922	0.0038	
nsga50k2x	#5	206078	88	0.0063	0.4663	0.4888	0.0038	
nsga50k2x	#5	207757	88	0.0063	0.6023	0.4939	0.0037	
nsga50k2x	#5	206850	88	0.0440	0.5035	0.5038	0.0029	
nsga50k2x	#5	208146	84	0.0377	0.5228	0.4897	0.0040	
nsga50k2x	#5	207015	88	0.0755	0.5896	0.5055	0.0033	
nsga50k2x	#5	207083	87	0.0126	0.5648	0.4961	0.0036	
nsga50k2x	#5	206057	88	0.0440	0.4247	0.4867	0.0039	
nsga50k2x	#5	207425	88	0.0629	0.4938	0.5054	0.0028	
nsga50k2x	#5	207361	88	0.0818	0.5231	0.5080	0.0031	
nsga50k2x	#5	207213	87	0.0126	0.5128	0.4898	0.0041	
nsga50k2x	#5	206643	88	0.0314	0.5824	0.4961	0.0033	
nsga50k2x	#5	207914	88	0.0377	0.5177	0.4936	0.0035	
nsga50k2x	#5	206696	82	0.0440	0.5382	0.4976	0.0038	
nsga50k2x	#5	207111	85	0.0314	0.5407	0.4970	0.0035	
nsga50k2x	#5	207646	86	0.0126	0.5624	0.4932	0.0034	
nsga50k2x	#5	207258	87	0.0000	0.5719	0.4761	0.0050	
nsga50k2x	#5	207185	88	0.0126	0.5015	0.4912	0.0035	
nsga50k2x	#5	208392	87	0.0314	0.5431	0.5015	0.0029	
nsga50k2x	#5	206022	86	0.0000	0.4871	0.4885	0.0035	
nsga50k2x	#5	207220	88	0.0063	0.4787	0.4875	0.0041	
nsga50k2x	#5	207258	88	0.0126	0.5894	0.4907	0.0038	
nsga50k2x	#5	207336	88	0.0063	0.4653	0.4919	0.0039	
nsga50k2x	#5	206975	88	0.0189	0.5142	0.4942	0.0040	
nsga50k2x	#5	207692	88	0.0000	0.4639	0.4820	0.0049	
nsga50k2x	#5	206303	88	0.0189	0.4826	0.4946	0.0031	
nsga50k2x	#5	206876	88	0.0377	0.5425	0.4962	0.0039	
nsga50k2x	#5	207859	87	0.0189	0.5239	0.4966	0.0031	
nsga50k2x	#5	207537	88	0.0189	0.5308	0.4943	0.0035	
nsga50k2x	#5	207447	87	0.0189	0.5429	0.4860	0.0039	
nsga50k2x	#5	206574	88	0.0126	0.5471	0.4867	0.0040	
nsga50k2x	#5	205968	88	0.0063	0.4890	0.4908	0.0037	
nsga50k2x	#5	207122	88	0.0189	0.5439	0.4924	0.0034	
nsga50k2x	#5	207121	85	0.0063	0.4348	0.4922	0.0032	
nsga50k2x	#5	208273	88	0.0126	0.5344	0.4924	0.0035	
nsga50k2x	#5	207227	88	0.0252	0.6030	0.5049	0.0031	
nsga50k2x	#5	207157	85	0.0252	0.5947	0.4916	0.0041	
nsga50k2x	#5	206560	87	0.0063	0.5207	0.4937	0.0039	
nsga50k2x	#5	206439	88	0.0189	0.4813	0.4885	0.0042	
nsga50k2x	#5	207654	88	0.0000	0.5013	0.4809	0.0052	
nsga50k2x	#5	207253	85	0.0000	0.5792	0.4901	0.0040	
nsga50k2x	#5	206282	87	0.0189	0.5658	0.4913	0.0034	
nsga50k2x	#5	207542	88	0.0189	0.5508	0.4881	0.0041	
nsga50k2x	#5	207049	88	0.0189	0.5346	0.4898	0.0044	
nsga50k2x	#5	207546	88	0.0000	0.5296	0.4855	0.0054	
nsga50k2x	#5	207023	88	0.0000	0.5462	0.4849	0.0043	
nsga50k2x	#5	205964	88	0.0314	0.4837	0.4868	0.0040	
nsga50k2x	#5	206923	88	0.0063	0.5015	0.4879	0.0045	
nsga50k2x	#5	207141	87	0.0000	0.4861	0.4875	0.0037	
nsga50k2x	#5	207743	88	0.0252	0.5248	0.4988	0.0032	
rs50k	#5	150495	31	0.0000	0.6635	0.2203	0.0517	
rs50k	#5	150627	32	0.0000	0.7862	0.2173	0.0550	
rs50k	#5	150728	30	0.0000	0.7386	0.2306	0.0571	
rs50k	#5	150561	40	0.0000	0.7127	0.2205	0.0532	
rs50k	#5	150453	34	0.0000	0.7549	0.2239	0.0533	
rs50k	#5	150596	34	0.0000	0.7044	0.2302	0.0465	
rs50k	#5	150573	38	0.0000	0.8446	0.2183	0.0526	
rs50k	#5	150607	36	0.0000	0.7355	0.2108	0.0543	
rs50k	#5	150747	32	0.0000	0.8025	0.2507	0.0559	
rs50k	#5	151194	33	0.0000	0.7316	0.2497	0.0512	
rs50k	#5	150770	34	0.0000	0.6799	0.2161	0.0519	
rs50k	#5	150552	29	0.0000	0.6938	0.2131	0.0560	
rs50k	#5	150581	37	0.0000	0.8203	0.2252	0.0544	
rs50k	#5	150602	30	0.0000	0.7149	0.2150	0.0565	
rs50k	#5	150555	29	0.0000	0.6809	0.2274	0.0551	
rs50k	#5	150493	37	0.0000	0.7009	0.2209	0.0571	
rs50k	#5	150527	38	0.0000	0.7731	0.2205	0.0564	
rs50k	#5	150497	42	0.0000	0.7051	0.2042	0.0518	
rs50k	#5	150523	38	0.0000	0.7304	0.2193	0.0516	
rs50k	#5	150702	34	0.0000	0.6858	0.2168	0.0530	
rs50k	#5	150949	38	0.0000	0.7405	0.2198	0.0543	
rs50k	#5	150799	39	0.0000	0.7546	0.2174	0.0570	
rs50k	#5	150900	33	0.0000	0.7341	0.2314	0.0563	
rs50k	#5	150779	32	0.0000	0.6075	0.2242	0.0546	
rs50k	#5	150828	37	0.0000	0.6950	0.2037	0.0526	
rs50k	#5	150824	31	0.0000	0.7589	0.2242	0.0542	
rs50k	#5	150664	34	0.0000	0.7566	0.2233	0.0553	
rs50k	#5	150621	35	0.0000	0.6626	0.2164	0.0552	
rs50k	#5	150533	40	0.0000	0.6894	0.2168	0.0485	
rs50k	#5	150619	33	0.0000	0.7218	0.2318	0.0575	
rs50k	#5	150494	41	0.0000	0.6761	0.2097	0.0497	
rs50k	#5	150569	39	0.0000	0.7604	0.2206	0.0536	
rs50k	#5	150568	24	0.0000	0.7782	0.2432	0.0551	
rs50k	#5	150668	38	0.0000	0.7613	0.2149	0.0547	
rs50k	#5	151198	31	0.0000	0.7166	0.2169	0.0548	
rs50k	#5	150838	31	0.0000	0.6458	0.2325	0.0599	
rs50k	#5	150606	36	0.0000	0.7931	0.2177	0.0508	
rs50k	#5	150723	32	0.0000	0.8007	0.2106	0.0565	
rs50k	#5	150517	33	0.0000	0.7450	0.2193	0.0523	
rs50k	#5	150546	27	0.0000	0.6876	0.2198	0.0565	
rs50k	#5	150535	42	0.0000	0.7453	0.2181	0.0504	
rs50k	#5	150518	44	0.0000	0.7501	0.2081	0.0529	
rs50k	#5	150527	32	0.0000	0.8092	0.2246	0.0499	
rs50k	#5	150591	27	0.0000	0.6521	0.2260	0.0572	
rs50k	#5	150710	37	0.0000	0.6607	0.2115	0.0550	
rs50k	#5	150712	38	0.0000	0.7276	0.2043	0.0529	
rs50k	#5	150450	41	0.0000	0.6725	0.2049	0.0508	
rs50k	#5	150601	40	0.0000	0.7212	0.2080	0.0553	
rs50k	#5	150517	41	0.0000	0.8660	0.2157	0.0467	
rs50k	#5	150529	35	0.0000	0.7645	0.2168	0.0577	
