config	inst	time	count	best	spr	hv	gd	
nsga5k2x	I0	33088	32	1	0.5516	0.5098	0.0146	
nsga5k2x	I0	30865	37	1	0.6293	0.5113	0.0156	
nsga5k2x	I0	31015	45	0	0.8093	0.5019	0.0137	
nsga5k2x	I0	30762	37	3	0.6040	0.5071	0.0128	
nsga5k2x	I0	31159	45	2	0.8365	0.5415	0.0243	
nsga5k2x	I0	30882	38	2	0.6630	0.4941	0.0181	
nsga5k2x	I0	30868	46	2	0.6236	0.5083	0.0113	
nsga5k2x	I0	31369	37	2	0.5905	0.4965	0.0194	
nsga5k2x	I0	30920	37	1	0.6131	0.4961	0.0132	
nsga5k2x	I0	31118	43	0	0.6279	0.4880	0.0151	
nsga5k2x	I0	30858	39	1	0.6411	0.5213	0.0124	
nsga5k2x	I0	31031	34	1	0.7710	0.4893	0.0228	
nsga5k2x	I0	31205	40	2	0.7351	0.4960	0.0154	
nsga5k2x	I0	31077	27	3	0.6289	0.5082	0.0155	
nsga5k2x	I0	30916	44	0	0.7138	0.5037	0.0115	
nsga5k2x	I0	31052	38	1	0.5973	0.5028	0.0126	
nsga5k2x	I0	31143	40	1	0.7668	0.5329	0.0146	
nsga5k2x	I0	31069	42	1	0.6667	0.4825	0.0158	
nsga5k2x	I0	30989	33	1	0.4978	0.4920	0.0153	
nsga5k2x	I0	31031	31	2	0.6223	0.5090	0.0154	
nsga5k2x	I0	30875	36	0	0.6097	0.4780	0.0167	
nsga5k2x	I0	31049	31	3	0.6790	0.5630	0.0116	
nsga5k2x	I0	30814	44	0	0.5341	0.4710	0.0159	
nsga5k2x	I0	31166	34	3	0.6512	0.5402	0.0096	
nsga5k2x	I0	30883	36	0	0.5670	0.4696	0.0186	
nsga5k2x	I0	30845	46	2	0.7064	0.4802	0.0170	
nsga5k2x	I0	30795	35	4	0.6766	0.5138	0.0154	
nsga5k2x	I0	31027	29	1	0.7101	0.5001	0.0172	
nsga5k2x	I0	31065	32	0	0.7192	0.4755	0.0190	
nsga5k2x	I0	30150	41	3	0.6711	0.5154	0.0133	
nsga5k2x	I0	29774	39	1	0.6777	0.5257	0.0133	
nsga5k2x	I0	29606	39	0	0.6958	0.5020	0.0120	
nsga5k2x	I0	30077	42	1	0.6873	0.4920	0.0165	
nsga5k2x	I0	29712	39	1	0.6704	0.5229	0.0122	
nsga5k2x	I0	29769	46	6	0.6847	0.5420	0.0089	
nsga5k2x	I0	29349	28	1	0.6330	0.4741	0.0204	
nsga5k2x	I0	29570	40	1	0.8051	0.4999	0.0162	
nsga5k2x	I0	29352	35	1	0.6709	0.5267	0.0135	
nsga5k2x	I0	29429	43	3	0.6515	0.5212	0.0131	
nsga5k2x	I0	29365	48	2	0.7471	0.5239	0.0108	
nsga5k2x	I0	29519	30	4	0.6524	0.5447	0.0116	
nsga5k2x	I0	29509	42	3	0.7512	0.5167	0.0144	
nsga5k2x	I0	29386	32	0	0.6425	0.4623	0.0206	
nsga5k2x	I0	29323	46	0	0.6529	0.4839	0.0133	
nsga5k2x	I0	29274	36	1	0.7300	0.5122	0.0144	
nsga5k2x	I0	29431	33	4	0.6378	0.5427	0.0122	
nsga5k2x	I0	29419	35	0	0.5689	0.5105	0.0132	
nsga5k2x	I0	29340	43	0	0.6658	0.4763	0.0168	
nsga5k2x	I0	29190	37	0	0.7538	0.5238	0.0173	
nsga5k2x	I0	29391	37	2	0.5848	0.5083	0.0131	
nsga5k2x	I1	173462	50	3	0.6305	0.4760	0.0083	
nsga5k2x	I1	173147	49	1	0.6132	0.4399	0.0111	
nsga5k2x	I1	172667	48	3	0.6560	0.4530	0.0148	
nsga5k2x	I1	172545	62	2	0.5823	0.4638	0.0076	
nsga5k2x	I1	172315	45	2	0.5649	0.4680	0.0085	
nsga5k2x	I1	173375	52	0	0.5798	0.4486	0.0098	
nsga5k2x	I1	172826	56	1	0.6471	0.4538	0.0110	
nsga5k2x	I1	173139	50	2	0.6395	0.4672	0.0089	
nsga5k2x	I1	172925	45	2	0.6328	0.4708	0.0085	
nsga5k2x	I1	171503	58	1	0.7682	0.4557	0.0109	
nsga5k2x	I1	171892	45	2	0.6188	0.4565	0.0109	
nsga5k2x	I1	171509	54	0	0.6321	0.4314	0.0112	
nsga5k2x	I1	173038	52	0	0.6059	0.4577	0.0090	
nsga5k2x	I1	172105	40	3	0.7172	0.4876	0.0113	
nsga5k2x	I1	171826	58	1	0.5854	0.4515	0.0091	
nsga5k2x	I1	171288	51	1	0.5362	0.4501	0.0084	
nsga5k2x	I1	171606	54	1	0.7052	0.4605	0.0087	
nsga5k2x	I1	171771	39	7	0.7026	0.4866	0.0118	
nsga5k2x	I1	172420	47	2	0.6490	0.4654	0.0099	
nsga5k2x	I1	171267	48	2	0.5975	0.4668	0.0084	
nsga5k2x	I1	171726	53	2	0.6640	0.4782	0.0084	
nsga5k2x	I1	171536	47	2	0.7112	0.4708	0.0119	
nsga5k2x	I1	171777	53	0	0.6383	0.4222	0.0147	
nsga5k2x	I1	172128	51	1	0.6689	0.4585	0.0112	
nsga5k2x	I1	171151	53	1	0.5974	0.4663	0.0122	
nsga5k2x	I1	171115	52	2	0.5567	0.4695	0.0099	
nsga5k2x	I1	170689	59	1	0.6479	0.4550	0.0095	
nsga5k2x	I1	171408	50	3	0.5975	0.4715	0.0082	
nsga5k2x	I1	171223	53	1	0.5932	0.4410	0.0100	
nsga5k2x	I1	171647	58	3	0.6221	0.4569	0.0088	
nsga5k2x	I1	170762	53	1	0.7533	0.4498	0.0097	
nsga5k2x	I1	171913	51	0	0.5965	0.4484	0.0115	
nsga5k2x	I1	171753	48	2	0.5390	0.4643	0.0088	
nsga5k2x	I1	170499	55	1	0.6826	0.4390	0.0122	
nsga5k2x	I1	170806	52	4	0.5755	0.4592	0.0083	
nsga5k2x	I1	171596	56	0	0.6147	0.4479	0.0096	
nsga5k2x	I1	171541	47	2	0.7119	0.4683	0.0103	
nsga5k2x	I1	171883	45	1	0.5983	0.4716	0.0108	
nsga5k2x	I1	171421	49	1	0.6042	0.4719	0.0092	
nsga5k2x	I1	171750	49	2	0.6054	0.4583	0.0096	
nsga5k2x	I1	171268	52	2	0.6054	0.4605	0.0089	
nsga5k2x	I1	171293	51	1	0.6200	0.4575	0.0115	
nsga5k2x	I1	171468	54	3	0.5850	0.4642	0.0089	
nsga5k2x	I1	170932	49	0	0.5880	0.4491	0.0101	
nsga5k2x	I1	171348	45	0	0.6089	0.4440	0.0116	
nsga5k2x	I1	171017	51	0	0.5889	0.4520	0.0098	
nsga5k2x	I1	171243	37	3	0.5948	0.4518	0.0104	
nsga5k2x	I1	171700	54	1	0.6559	0.4261	0.0133	
nsga5k2x	I1	171063	51	2	0.6740	0.4451	0.0113	
nsga5k2x	I1	171537	41	4	0.6268	0.4760	0.0113	
nsga5k2x	I2	196333	34	0	0.7420	0.3562	0.0348	
nsga5k2x	I2	197121	23	0	0.5412	0.3859	0.0270	
nsga5k2x	I2	196871	23	0	0.7002	0.3968	0.0341	
nsga5k2x	I2	197392	22	1	0.6842	0.4204	0.0239	
nsga5k2x	I2	197433	23	0	0.6991	0.4093	0.0349	
nsga5k2x	I2	197473	24	0	0.6587	0.4187	0.0212	
nsga5k2x	I2	197553	27	0	0.6477	0.3851	0.0279	
nsga5k2x	I2	196899	22	2	0.5877	0.4454	0.0214	
nsga5k2x	I2	197040	27	2	0.7867	0.4037	0.0276	
nsga5k2x	I2	196965	24	0	0.6532	0.4058	0.0340	
nsga5k2x	I2	197097	28	0	0.5824	0.3751	0.0335	
nsga5k2x	I2	197053	38	3	0.5549	0.4002	0.0203	
nsga5k2x	I2	197636	28	0	0.5988	0.3828	0.0279	
nsga5k2x	I2	196719	27	2	0.6592	0.4383	0.0217	
nsga5k2x	I2	197359	33	0	0.4801	0.3818	0.0235	
nsga5k2x	I2	197387	27	1	0.6162	0.4099	0.0265	
nsga5k2x	I2	196923	24	0	0.6245	0.4039	0.0227	
nsga5k2x	I2	196600	19	2	0.5567	0.4328	0.0195	
nsga5k2x	I2	197152	36	0	0.6512	0.3938	0.0219	
nsga5k2x	I2	197032	28	1	0.5452	0.3829	0.0264	
nsga5k2x	I2	197343	23	2	0.5681	0.4099	0.0244	
nsga5k2x	I2	196674	22	2	0.5860	0.4151	0.0306	
nsga5k2x	I2	196844	32	0	0.6531	0.4360	0.0176	
nsga5k2x	I2	196941	35	0	0.7048	0.3868	0.0228	
nsga5k2x	I2	196862	26	0	0.6768	0.4111	0.0335	
nsga5k2x	I2	197126	28	2	0.4770	0.4324	0.0200	
nsga5k2x	I2	196798	33	0	0.7977	0.4099	0.0266	
nsga5k2x	I2	197452	26	3	0.5839	0.4447	0.0208	
nsga5k2x	I2	196615	32	1	0.7279	0.4247	0.0223	
nsga5k2x	I2	197258	27	1	0.6136	0.3954	0.0236	
nsga5k2x	I2	196748	32	0	0.7286	0.3814	0.0316	
nsga5k2x	I2	196787	25	0	0.6519	0.4282	0.0176	
nsga5k2x	I2	196817	30	1	0.7136	0.4305	0.0324	
nsga5k2x	I2	197119	20	2	0.6261	0.4062	0.0289	
nsga5k2x	I2	196793	28	1	0.8768	0.4189	0.0355	
nsga5k2x	I2	196982	28	0	0.6118	0.3783	0.0291	
nsga5k2x	I2	197043	29	0	0.7365	0.3921	0.0329	
nsga5k2x	I2	196983	26	2	0.5873	0.4105	0.0252	
nsga5k2x	I2	197023	28	1	0.6822	0.4134	0.0207	
nsga5k2x	I2	197098	29	1	0.5915	0.4346	0.0224	
nsga5k2x	I2	196746	29	1	0.6979	0.4013	0.0240	
nsga5k2x	I2	196925	26	0	0.7150	0.4088	0.0273	
nsga5k2x	I2	196841	25	1	0.5380	0.4340	0.0212	
nsga5k2x	I2	197029	26	2	0.7995	0.4387	0.0221	
nsga5k2x	I2	197418	29	0	0.6890	0.3899	0.0242	
nsga5k2x	I2	197169	25	0	0.6462	0.4133	0.0226	
nsga5k2x	I2	197511	18	3	0.6918	0.4740	0.0178	
nsga5k2x	I2	197063	27	0	0.6857	0.4330	0.0222	
nsga5k2x	I2	196451	19	1	0.6302	0.4200	0.0404	
nsga5k2x	I2	196751	29	0	0.7283	0.4399	0.0185	
nsga5k2x	I3	189573	31	3	0.5888	0.4338	0.0219	
nsga5k2x	I3	188808	39	3	0.8157	0.3629	0.0326	
nsga5k2x	I3	190629	30	0	0.6993	0.3776	0.0308	
nsga5k2x	I3	190995	26	1	0.6510	0.3471	0.0436	
nsga5k2x	I3	189884	29	1	0.6192	0.3611	0.0360	
nsga5k2x	I3	189089	32	2	0.4788	0.3864	0.0254	
nsga5k2x	I3	189835	29	2	0.9374	0.3378	0.0649	
nsga5k2x	I3	190188	30	3	0.5895	0.4227	0.0251	
nsga5k2x	I3	190757	30	0	0.6467	0.3645	0.0289	
nsga5k2x	I3	188012	41	0	0.5439	0.2931	0.0346	
nsga5k2x	I3	190288	28	1	0.6396	0.3641	0.0299	
nsga5k2x	I3	189360	27	1	0.6734	0.4056	0.0268	
nsga5k2x	I3	188870	38	0	0.6338	0.3773	0.0265	
nsga5k2x	I3	187995	33	1	0.5784	0.3962	0.0236	
nsga5k2x	I3	189479	36	0	0.6235	0.3766	0.0266	
nsga5k2x	I3	190456	34	5	0.6034	0.4391	0.0246	
nsga5k2x	I3	189424	39	0	0.8194	0.3316	0.0531	
nsga5k2x	I3	189074	28	0	0.6460	0.3882	0.0426	
nsga5k2x	I3	188059	37	0	0.6608	0.3871	0.0262	
nsga5k2x	I3	187895	38	3	0.6736	0.3932	0.0282	
nsga5k2x	I3	189693	37	0	0.7494	0.3290	0.0403	
nsga5k2x	I3	191460	27	0	0.6933	0.3539	0.0381	
nsga5k2x	I3	190769	32	0	0.6413	0.3378	0.0379	
nsga5k2x	I3	189658	29	1	0.6332	0.3646	0.0304	
nsga5k2x	I3	189160	33	1	0.5092	0.3701	0.0257	
nsga5k2x	I3	190341	27	3	0.7376	0.4104	0.0318	
nsga5k2x	I3	190279	37	0	0.9300	0.3599	0.0827	
nsga5k2x	I3	189364	36	0	0.5212	0.3356	0.0313	
nsga5k2x	I3	187301	30	0	0.6799	0.3534	0.0376	
nsga5k2x	I3	189444	34	1	0.7377	0.3577	0.0383	
nsga5k2x	I3	190836	37	0	0.6386	0.3527	0.0319	
nsga5k2x	I3	189518	35	0	0.6901	0.3590	0.0352	
nsga5k2x	I3	189362	23	2	0.5579	0.4171	0.0308	
nsga5k2x	I3	189677	34	0	0.8125	0.3285	0.0434	
nsga5k2x	I3	191300	27	1	0.9552	0.3935	0.1230	
nsga5k2x	I3	190597	38	1	0.9945	0.3808	0.0613	
nsga5k2x	I3	190413	37	0	0.8316	0.3552	0.0417	
nsga5k2x	I3	189026	33	2	0.4709	0.4226	0.0193	
nsga5k2x	I3	189686	35	1	0.8416	0.3388	0.0349	
nsga5k2x	I3	189726	27	2	0.7253	0.3996	0.0276	
nsga5k2x	I3	188938	21	5	0.6731	0.4855	0.0391	
nsga5k2x	I3	189686	29	2	0.6836	0.4366	0.0308	
nsga5k2x	I3	190076	34	0	0.8083	0.3714	0.0358	
nsga5k2x	I3	188481	36	1	0.6638	0.3984	0.0228	
nsga5k2x	I3	187681	32	5	0.6140	0.4295	0.0259	
nsga5k2x	I3	190813	36	2	0.5796	0.3931	0.0202	
nsga5k2x	I3	189185	39	1	0.6533	0.3565	0.0305	
nsga5k2x	I3	188890	35	0	0.7005	0.3575	0.0279	
nsga5k2x	I3	190281	28	0	0.8798	0.3702	0.0739	
nsga5k2x	I3	188286	33	3	0.8392	0.3954	0.0560	
nsga5k2x	I4	72379	55	1	0.5804	0.4739	0.0095	
nsga5k2x	I4	71651	54	1	0.5846	0.4802	0.0073	
nsga5k2x	I4	71548	56	1	0.6238	0.4657	0.0081	
nsga5k2x	I4	71812	63	1	0.6148	0.4787	0.0077	
nsga5k2x	I4	71838	56	6	0.5949	0.4881	0.0068	
nsga5k2x	I4	71590	53	3	0.5922	0.4762	0.0070	
nsga5k2x	I4	71691	75	0	0.5626	0.4710	0.0069	
nsga5k2x	I4	71746	59	1	0.6523	0.4930	0.0058	
nsga5k2x	I4	71978	59	2	0.6879	0.4912	0.0066	
nsga5k2x	I4	71468	54	1	0.5001	0.4898	0.0063	
nsga5k2x	I4	71754	66	1	0.6755	0.4738	0.0067	
nsga5k2x	I4	71674	61	2	0.6194	0.4804	0.0063	
nsga5k2x	I4	72129	62	0	0.6375	0.4746	0.0071	
nsga5k2x	I4	71567	67	0	0.6214	0.4617	0.0080	
nsga5k2x	I4	71796	67	4	0.6387	0.4885	0.0059	
nsga5k2x	I4	71706	65	2	0.6117	0.4930	0.0060	
nsga5k2x	I4	71921	68	2	0.6279	0.4703	0.0083	
nsga5k2x	I4	71727	54	6	0.5949	0.5043	0.0064	
nsga5k2x	I4	71697	58	0	0.5754	0.4627	0.0090	
nsga5k2x	I4	72019	55	2	0.6410	0.4816	0.0074	
nsga5k2x	I4	71715	60	3	0.5669	0.4784	0.0065	
nsga5k2x	I4	72021	67	1	0.6068	0.4842	0.0058	
nsga5k2x	I4	71743	74	2	0.6221	0.4887	0.0052	
nsga5k2x	I4	71587	72	3	0.5754	0.4907	0.0054	
nsga5k2x	I4	71835	64	4	0.6250	0.4917	0.0069	
nsga5k2x	I4	71816	67	1	0.5587	0.4721	0.0064	
nsga5k2x	I4	71669	61	2	0.5708	0.4865	0.0061	
nsga5k2x	I4	71252	62	4	0.6079	0.4938	0.0059	
nsga5k2x	I4	71423	58	1	0.7157	0.4761	0.0075	
nsga5k2x	I4	71962	58	3	0.7050	0.4862	0.0077	
nsga5k2x	I4	71449	71	0	0.5707	0.4569	0.0082	
nsga5k2x	I4	71475	64	1	0.6479	0.4815	0.0063	
nsga5k2x	I4	71354	53	4	0.6967	0.4889	0.0076	
nsga5k2x	I4	71846	65	1	0.6158	0.4846	0.0075	
nsga5k2x	I4	71738	73	4	0.6946	0.4925	0.0058	
nsga5k2x	I4	71671	54	3	0.6920	0.4896	0.0063	
nsga5k2x	I4	71450	48	3	0.5715	0.4924	0.0068	
nsga5k2x	I4	71629	66	6	0.5319	0.4958	0.0049	
nsga5k2x	I4	71766	61	3	0.6126	0.4863	0.0069	
nsga5k2x	I4	71874	61	0	0.6411	0.4714	0.0077	
nsga5k2x	I4	71540	60	3	0.5895	0.4626	0.0088	
nsga5k2x	I4	71723	63	3	0.6552	0.4890	0.0074	
nsga5k2x	I4	72036	55	0	0.5970	0.4698	0.0075	
nsga5k2x	I4	71645	62	3	0.5932	0.4851	0.0063	
nsga5k2x	I4	71553	67	1	0.5610	0.4740	0.0078	
nsga5k2x	I4	71837	58	2	0.5799	0.4789	0.0073	
nsga5k2x	I4	71714	67	0	0.6265	0.4818	0.0063	
nsga5k2x	I4	71459	63	3	0.6232	0.4724	0.0081	
nsga5k2x	I4	71460	55	3	0.6880	0.4881	0.0076	
nsga5k2x	I4	71512	63	2	0.6984	0.4830	0.0078	
nsga5k2x	I5	31256	54	5	0.6352	0.4872	0.0093	
nsga5k2x	I5	31381	56	1	0.7265	0.4802	0.0085	
nsga5k2x	I5	31253	58	0	0.5535	0.4550	0.0105	
nsga5k2x	I5	31337	43	1	0.6466	0.4514	0.0202	
nsga5k2x	I5	31172	65	0	0.6697	0.4491	0.0124	
nsga5k2x	I5	31153	57	3	0.6329	0.4831	0.0068	
nsga5k2x	I5	31212	61	2	0.6950	0.4662	0.0094	
nsga5k2x	I5	31337	44	0	0.5621	0.4828	0.0090	
nsga5k2x	I5	31290	54	0	0.5530	0.4654	0.0094	
nsga5k2x	I5	31233	52	0	0.6460	0.4568	0.0120	
nsga5k2x	I5	31122	49	3	0.5873	0.4887	0.0079	
nsga5k2x	I5	31162	57	1	0.6168	0.4709	0.0104	
nsga5k2x	I5	31040	55	2	0.5770	0.4584	0.0107	
nsga5k2x	I5	31290	63	0	0.6022	0.4649	0.0101	
nsga5k2x	I5	31320	53	9	0.6908	0.4789	0.0081	
nsga5k2x	I5	31471	61	1	0.6317	0.4640	0.0098	
nsga5k2x	I5	31324	48	0	0.5220	0.4667	0.0091	
nsga5k2x	I5	31150	63	2	0.6989	0.4765	0.0076	
nsga5k2x	I5	31283	55	2	0.5394	0.4735	0.0087	
nsga5k2x	I5	31340	51	0	0.6103	0.4585	0.0113	
nsga5k2x	I5	31638	42	8	0.5979	0.5086	0.0058	
nsga5k2x	I5	31357	54	0	0.6119	0.4732	0.0090	
nsga5k2x	I5	31347	67	0	0.6936	0.4518	0.0106	
nsga5k2x	I5	31441	53	4	0.5749	0.4894	0.0067	
nsga5k2x	I5	31256	59	0	0.5546	0.4634	0.0098	
nsga5k2x	I5	31099	59	2	0.5490	0.4682	0.0075	
nsga5k2x	I5	31302	56	1	0.5932	0.4714	0.0092	
nsga5k2x	I5	31293	56	2	0.5261	0.4837	0.0080	
nsga5k2x	I5	31390	60	5	0.5681	0.4861	0.0082	
nsga5k2x	I5	31231	51	3	0.6737	0.4933	0.0072	
nsga5k2x	I5	31285	55	1	0.6661	0.4757	0.0107	
nsga5k2x	I5	31272	55	6	0.5832	0.4733	0.0089	
nsga5k2x	I5	31316	60	0	0.5409	0.4509	0.0100	
nsga5k2x	I5	31216	62	0	0.6654	0.4670	0.0080	
nsga5k2x	I5	31155	47	4	0.6262	0.4939	0.0072	
nsga5k2x	I5	31335	64	1	0.6705	0.4621	0.0083	
nsga5k2x	I5	31360	55	2	0.6422	0.4760	0.0078	
nsga5k2x	I5	31219	53	0	0.6111	0.4397	0.0126	
nsga5k2x	I5	31466	55	2	0.6415	0.4947	0.0068	
nsga5k2x	I5	31538	66	0	0.4898	0.4811	0.0068	
nsga5k2x	I5	31257	47	2	0.6261	0.4719	0.0092	
nsga5k2x	I5	31307	70	0	0.5596	0.4575	0.0087	
nsga5k2x	I5	31154	54	7	0.6770	0.5008	0.0070	
nsga5k2x	I5	31463	58	4	0.6104	0.4805	0.0069	
nsga5k2x	I5	31296	55	0	0.5818	0.4589	0.0094	
nsga5k2x	I5	31329	49	4	0.6951	0.4814	0.0082	
nsga5k2x	I5	31244	62	3	0.6402	0.4710	0.0085	
nsga5k2x	I5	31193	49	2	0.6354	0.4792	0.0085	
nsga5k2x	I5	31309	53	1	0.6082	0.4712	0.0100	
nsga5k2x	I5	31263	53	0	0.6254	0.4492	0.0112	
nsga10k2x	I0	61631	59	0	0.6945	0.4868	0.0117	
nsga10k2x	I0	59009	46	2	0.6799	0.4875	0.0135	
nsga10k2x	I0	59717	54	0	0.6329	0.5024	0.0107	
nsga10k2x	I0	59267	57	0	0.7138	0.4772	0.0122	
nsga10k2x	I0	59027	51	0	0.5694	0.4934	0.0110	
nsga10k2x	I0	59101	51	2	0.6352	0.4626	0.0127	
nsga10k2x	I0	58651	51	3	0.6440	0.4813	0.0136	
nsga10k2x	I0	58781	45	2	0.6883	0.5238	0.0113	
nsga10k2x	I0	59341	47	1	0.6544	0.5126	0.0115	
nsga10k2x	I0	58842	49	9	0.6753	0.5417	0.0095	
nsga10k2x	I0	59138	49	1	0.7552	0.5052	0.0113	
nsga10k2x	I0	59181	43	0	0.6933	0.4760	0.0148	
nsga10k2x	I0	58879	49	0	0.7739	0.4789	0.0149	
nsga10k2x	I0	58884	48	2	0.6149	0.5142	0.0092	
nsga10k2x	I0	58967	43	4	0.8311	0.5016	0.0171	
nsga10k2x	I0	57765	50	0	0.6293	0.4723	0.0141	
nsga10k2x	I0	56599	47	0	0.7701	0.4980	0.0166	
nsga10k2x	I0	56735	51	1	0.6991	0.4833	0.0124	
nsga10k2x	I0	57517	59	0	0.6032	0.4786	0.0129	
nsga10k2x	I0	58455	39	0	0.6845	0.4734	0.0137	
nsga10k2x	I0	58127	54	0	0.6521	0.5098	0.0097	
nsga10k2x	I0	58236	40	2	0.7212	0.4883	0.0176	
nsga10k2x	I0	58248	51	0	0.7080	0.5127	0.0128	
nsga10k2x	I0	57979	53	1	0.6355	0.5200	0.0097	
nsga10k2x	I0	58290	44	3	0.6681	0.5176	0.0117	
nsga10k2x	I0	58083	47	3	0.7124	0.4796	0.0126	
nsga10k2x	I0	57824	46	2	0.6369	0.5001	0.0117	
nsga10k2x	I0	57826	47	1	0.6835	0.4810	0.0127	
nsga10k2x	I0	57400	45	1	0.5706	0.4844	0.0134	
nsga10k2x	I0	57722	44	1	0.6566	0.5211	0.0097	
nsga10k2x	I0	57942	46	1	0.5823	0.4768	0.0144	
nsga10k2x	I0	57787	51	1	0.7218	0.4790	0.0140	
nsga10k2x	I0	57835	46	0	0.7958	0.4891	0.0188	
nsga10k2x	I0	57493	51	2	0.6575	0.5225	0.0107	
nsga10k2x	I0	57616	48	6	0.7499	0.5608	0.0073	
nsga10k2x	I0	57779	48	9	0.6828	0.5066	0.0108	
nsga10k2x	I0	57320	45	2	0.6527	0.5024	0.0111	
nsga10k2x	I0	57798	52	0	0.6252	0.4914	0.0112	
nsga10k2x	I0	57553	48	1	0.6219	0.5035	0.0109	
nsga10k2x	I0	57709	47	1	0.6111	0.4947	0.0099	
nsga10k2x	I0	57811	51	1	0.7655	0.4796	0.0149	
nsga10k2x	I0	57522	44	2	0.6283	0.5329	0.0100	
nsga10k2x	I0	57691	56	0	0.5886	0.4726	0.0123	
nsga10k2x	I0	57440	48	2	0.6466	0.5058	0.0107	
nsga10k2x	I0	57493	47	0	0.5957	0.4920	0.0117	
nsga10k2x	I0	57721	52	2	0.6811	0.4930	0.0130	
nsga10k2x	I0	57804	56	0	0.5914	0.5016	0.0108	
nsga10k2x	I0	57401	48	2	0.6704	0.4904	0.0126	
nsga10k2x	I0	57352	50	1	0.7397	0.4762	0.0157	
nsga10k2x	I0	57639	48	0	0.6268	0.4646	0.0148	
nsga10k2x	I1	340940	61	4	0.6409	0.4369	0.0092	
nsga10k2x	I1	340785	84	1	0.6149	0.4411	0.0062	
nsga10k2x	I1	340658	62	1	0.6553	0.4445	0.0073	
nsga10k2x	I1	339810	72	0	0.5725	0.4240	0.0077	
nsga10k2x	I1	339299	70	1	0.6298	0.4264	0.0077	
nsga10k2x	I1	340100	71	4	0.7161	0.4476	0.0068	
nsga10k2x	I1	340468	66	2	0.5856	0.4470	0.0076	
nsga10k2x	I1	341134	66	3	0.7113	0.4442	0.0074	
nsga10k2x	I1	338325	57	1	0.5884	0.4408	0.0074	
nsga10k2x	I1	336038	63	1	0.6258	0.4538	0.0062	
nsga10k2x	I1	336839	58	1	0.5790	0.4527	0.0067	
nsga10k2x	I1	336234	71	4	0.5799	0.4555	0.0060	
nsga10k2x	I1	336468	59	0	0.5686	0.4264	0.0089	
nsga10k2x	I1	336637	65	1	0.6113	0.4400	0.0077	
nsga10k2x	I1	336351	70	3	0.6455	0.4524	0.0060	
nsga10k2x	I1	336206	74	1	0.6000	0.4229	0.0089	
nsga10k2x	I1	336870	69	0	0.6533	0.4341	0.0076	
nsga10k2x	I1	336949	65	1	0.6013	0.4355	0.0080	
nsga10k2x	I1	336428	67	0	0.6270	0.4337	0.0082	
nsga10k2x	I1	335987	63	2	0.6614	0.4379	0.0082	
nsga10k2x	I1	335806	64	5	0.5902	0.4299	0.0085	
nsga10k2x	I1	335329	74	5	0.6240	0.4481	0.0071	
nsga10k2x	I1	336710	53	5	0.6520	0.4546	0.0061	
nsga10k2x	I1	336770	71	1	0.6303	0.4352	0.0073	
nsga10k2x	I1	338084	61	3	0.6145	0.4466	0.0077	
nsga10k2x	I1	337088	71	1	0.6212	0.4182	0.0106	
nsga10k2x	I1	338330	68	6	0.6231	0.4483	0.0076	
nsga10k2x	I1	337431	63	2	0.6137	0.4371	0.0075	
nsga10k2x	I1	337001	68	0	0.5843	0.4233	0.0086	
nsga10k2x	I1	336974	61	0	0.6065	0.4348	0.0074	
nsga10k2x	I1	337799	58	0	0.6095	0.4428	0.0096	
nsga10k2x	I1	336136	64	1	0.5839	0.4352	0.0076	
nsga10k2x	I1	337776	59	2	0.5859	0.4443	0.0079	
nsga10k2x	I1	337381	66	10	0.6099	0.4597	0.0054	
nsga10k2x	I1	337263	67	2	0.6912	0.4440	0.0081	
nsga10k2x	I1	337180	67	3	0.7135	0.4384	0.0076	
nsga10k2x	I1	336942	61	4	0.6958	0.4422	0.0093	
nsga10k2x	I1	338105	72	0	0.6125	0.4350	0.0076	
nsga10k2x	I1	339248	70	0	0.5884	0.4419	0.0069	
nsga10k2x	I1	337282	52	1	0.5596	0.4303	0.0089	
nsga10k2x	I1	337709	57	1	0.6323	0.4370	0.0085	
nsga10k2x	I1	338419	55	1	0.5815	0.4365	0.0096	
nsga10k2x	I1	336475	60	2	0.6595	0.4462	0.0083	
nsga10k2x	I1	338653	56	5	0.6755	0.4543	0.0081	
nsga10k2x	I1	338967	68	0	0.5099	0.4202	0.0086	
nsga10k2x	I1	337525	79	1	0.6208	0.4430	0.0064	
nsga10k2x	I1	338038	59	2	0.6042	0.4327	0.0094	
nsga10k2x	I1	338170	49	1	0.7148	0.4422	0.0096	
nsga10k2x	I1	337573	53	3	0.6289	0.4538	0.0066	
nsga10k2x	I1	337510	65	3	0.6392	0.4434	0.0081	
nsga10k2x	I2	390928	49	1	0.6961	0.5057	0.0127	
nsga10k2x	I2	394033	30	2	0.6696	0.5102	0.0132	
nsga10k2x	I2	393673	37	2	0.6375	0.4875	0.0150	
nsga10k2x	I2	394805	37	2	0.7956	0.4932	0.0217	
nsga10k2x	I2	394249	42	1	0.5811	0.4976	0.0131	
nsga10k2x	I2	393833	50	1	0.6496	0.4720	0.0130	
nsga10k2x	I2	393754	27	5	0.5881	0.5206	0.0147	
nsga10k2x	I2	394728	40	1	0.7505	0.4817	0.0137	
nsga10k2x	I2	393494	41	1	0.8522	0.4969	0.0143	
nsga10k2x	I2	394001	37	1	0.6601	0.4871	0.0152	
nsga10k2x	I2	393676	43	0	0.7050	0.5022	0.0112	
nsga10k2x	I2	394099	42	1	0.5933	0.5052	0.0128	
nsga10k2x	I2	393241	40	2	0.7871	0.4986	0.0110	
nsga10k2x	I2	393631	32	1	0.6260	0.5144	0.0118	
nsga10k2x	I2	393323	30	3	0.6227	0.5097	0.0143	
nsga10k2x	I2	394132	26	2	0.6086	0.5091	0.0137	
nsga10k2x	I2	393597	38	1	0.8381	0.4925	0.0158	
nsga10k2x	I2	393647	40	0	0.6934	0.4637	0.0151	
nsga10k2x	I2	393800	36	0	0.6519	0.4938	0.0130	
nsga10k2x	I2	394753	33	2	0.5240	0.4896	0.0148	
nsga10k2x	I2	394124	35	1	0.6907	0.4905	0.0179	
nsga10k2x	I2	393607	34	1	0.6367	0.4944	0.0173	
nsga10k2x	I2	394113	39	1	0.6268	0.5076	0.0114	
nsga10k2x	I2	393863	33	0	0.6385	0.4736	0.0151	
nsga10k2x	I2	393300	35	0	0.6149	0.4791	0.0141	
nsga10k2x	I2	392291	33	1	0.6591	0.4929	0.0133	
nsga10k2x	I2	391606	39	1	0.6489	0.5019	0.0145	
nsga10k2x	I2	392726	35	3	0.6279	0.5133	0.0129	
nsga10k2x	I2	391967	42	0	0.6643	0.4992	0.0117	
nsga10k2x	I2	392363	30	2	0.6090	0.5075	0.0132	
nsga10k2x	I2	391075	35	2	0.6226	0.5073	0.0129	
nsga10k2x	I2	391618	41	2	0.7210	0.4973	0.0135	
nsga10k2x	I2	392651	39	1	0.6598	0.5077	0.0111	
nsga10k2x	I2	392248	32	3	0.5551	0.5193	0.0120	
nsga10k2x	I2	391033	41	1	0.7103	0.4977	0.0137	
nsga10k2x	I2	391244	33	0	0.6900	0.4790	0.0159	
nsga10k2x	I2	390570	40	0	0.5968	0.4980	0.0137	
nsga10k2x	I2	344736	36	2	0.7049	0.4879	0.0151	
nsga10k2x	I2	258766	37	0	0.5906	0.4832	0.0148	
nsga10k2x	I2	257826	36	3	0.6370	0.5122	0.0112	
nsga10k2x	I2	259268	31	1	0.6210	0.4989	0.0146	
nsga10k2x	I2	259103	40	2	0.6546	0.5000	0.0112	
nsga10k2x	I2	258414	39	1	0.7100	0.4850	0.0151	
nsga10k2x	I2	258061	42	0	0.7213	0.4919	0.0136	
nsga10k2x	I2	258516	37	0	0.6578	0.4950	0.0131	
nsga10k2x	I2	258340	48	2	0.6844	0.4994	0.0103	
nsga10k2x	I2	257902	42	2	0.7443	0.4963	0.0161	
nsga10k2x	I2	258149	35	0	0.6355	0.4830	0.0139	
nsga10k2x	I2	258732	33	1	0.6805	0.5053	0.0117	
nsga10k2x	I2	257409	38	2	0.6639	0.5102	0.0123	
nsga10k2x	I3	250761	38	1	0.8049	0.4363	0.0211	
nsga10k2x	I3	249985	36	2	0.5767	0.4541	0.0233	
nsga10k2x	I3	250097	36	5	0.8308	0.5606	0.0185	
nsga10k2x	I3	249026	44	0	0.7372	0.4340	0.0191	
nsga10k2x	I3	248609	48	1	0.9756	0.4686	0.0413	
nsga10k2x	I3	250022	56	1	0.6835	0.3996	0.0233	
nsga10k2x	I3	250712	34	4	0.7646	0.5120	0.0283	
nsga10k2x	I3	248960	45	1	0.7142	0.4367	0.0195	
nsga10k2x	I3	248852	39	2	0.6203	0.5040	0.0161	
nsga10k2x	I3	249386	37	0	0.8085	0.4338	0.0237	
nsga10k2x	I3	250576	43	0	0.7404	0.4319	0.0193	
nsga10k2x	I3	250191	39	0	0.6180	0.4389	0.0231	
nsga10k2x	I3	248215	50	0	0.8241	0.4041	0.0196	
nsga10k2x	I3	248822	45	0	0.6841	0.4642	0.0165	
nsga10k2x	I3	247929	41	1	0.7590	0.4364	0.0211	
nsga10k2x	I3	248726	39	0	0.6183	0.4163	0.0223	
nsga10k2x	I3	247531	48	2	0.8598	0.4549	0.0219	
nsga10k2x	I3	249812	35	3	0.5839	0.4826	0.0217	
nsga10k2x	I3	249589	50	0	0.7035	0.4275	0.0205	
nsga10k2x	I3	249790	41	0	0.6383	0.4222	0.0218	
nsga10k2x	I3	249782	43	0	0.5880	0.4384	0.0209	
nsga10k2x	I3	251746	34	4	0.7018	0.5107	0.0155	
nsga10k2x	I3	248773	39	0	0.6147	0.4162	0.0241	
nsga10k2x	I3	249900	47	2	0.7617	0.4406	0.0237	
nsga10k2x	I3	248427	41	1	0.8011	0.4477	0.0219	
nsga10k2x	I3	250630	38	3	0.7019	0.4326	0.0234	
nsga10k2x	I3	250018	40	1	0.7890	0.4618	0.0226	
nsga10k2x	I3	250146	46	0	1.0230	0.4319	0.0448	
nsga10k2x	I3	250810	34	1	0.6202	0.4450	0.0231	
nsga10k2x	I3	248754	46	0	0.6692	0.4321	0.0219	
nsga10k2x	I3	249695	41	0	0.6782	0.4643	0.0195	
nsga10k2x	I3	249434	45	0	0.6946	0.4200	0.0204	
nsga10k2x	I3	248183	38	0	0.6686	0.4408	0.0215	
nsga10k2x	I3	249084	50	0	0.7177	0.4187	0.0239	
nsga10k2x	I3	250135	36	2	0.7061	0.4567	0.0235	
nsga10k2x	I3	250482	48	0	0.7859	0.4126	0.0236	
nsga10k2x	I3	248851	39	1	0.6753	0.4809	0.0179	
nsga10k2x	I3	250628	38	2	0.9138	0.4696	0.0652	
nsga10k2x	I3	249790	36	0	0.6766	0.4274	0.0245	
nsga10k2x	I3	249947	36	3	0.6861	0.4781	0.0183	
nsga10k2x	I3	249550	40	2	0.8310	0.4592	0.0212	
nsga10k2x	I3	249622	42	5	0.8130	0.4877	0.0219	
nsga10k2x	I3	249705	51	0	0.6265	0.4412	0.0179	
nsga10k2x	I3	251745	35	3	0.6594	0.4635	0.0238	
nsga10k2x	I3	248938	37	1	0.6512	0.4175	0.0247	
nsga10k2x	I3	250585	44	1	0.7194	0.4779	0.0219	
nsga10k2x	I3	247194	38	3	0.7487	0.4566	0.0235	
nsga10k2x	I3	249012	53	1	0.7561	0.4595	0.0198	
nsga10k2x	I3	248259	46	1	0.6652	0.4516	0.0166	
nsga10k2x	I3	250270	44	0	0.6738	0.3941	0.0248	
nsga10k2x	I4	94598	88	0	0.5319	0.4787	0.0055	
nsga10k2x	I4	94754	81	4	0.6091	0.4981	0.0042	
nsga10k2x	I4	94999	77	4	0.5492	0.4895	0.0055	
nsga10k2x	I4	94659	77	1	0.5668	0.4716	0.0075	
nsga10k2x	I4	95263	82	0	0.6698	0.4844	0.0059	
nsga10k2x	I4	94797	74	1	0.6135	0.4804	0.0060	
nsga10k2x	I4	94372	76	7	0.6648	0.4974	0.0051	
nsga10k2x	I4	94780	68	1	0.5989	0.4866	0.0061	
nsga10k2x	I4	94749	90	3	0.6379	0.4889	0.0053	
nsga10k2x	I4	94593	74	2	0.7050	0.4862	0.0063	
nsga10k2x	I4	94490	76	4	0.6013	0.4890	0.0054	
nsga10k2x	I4	94475	83	2	0.6642	0.4899	0.0049	
nsga10k2x	I4	94870	91	5	0.6744	0.4977	0.0042	
nsga10k2x	I4	94725	73	0	0.6874	0.4807	0.0062	
nsga10k2x	I4	94741	85	1	0.6053	0.4849	0.0052	
nsga10k2x	I4	94749	72	11	0.5973	0.5101	0.0039	
nsga10k2x	I4	94793	71	4	0.5577	0.4907	0.0049	
nsga10k2x	I4	94899	75	0	0.5873	0.4882	0.0051	
nsga10k2x	I4	94991	81	2	0.6224	0.4892	0.0057	
nsga10k2x	I4	94492	70	1	0.6036	0.4879	0.0068	
nsga10k2x	I4	94640	79	1	0.5934	0.4778	0.0057	
nsga10k2x	I4	94895	76	1	0.6325	0.4833	0.0063	
nsga10k2x	I4	94970	74	0	0.5725	0.4840	0.0055	
nsga10k2x	I4	94773	71	5	0.6373	0.4951	0.0055	
nsga10k2x	I4	94152	67	13	0.6268	0.5001	0.0053	
nsga10k2x	I4	94559	77	3	0.6018	0.4925	0.0055	
nsga10k2x	I4	94789	77	2	0.5896	0.4968	0.0046	
nsga10k2x	I4	94794	72	1	0.6294	0.4810	0.0061	
nsga10k2x	I4	94755	75	0	0.6231	0.4849	0.0059	
nsga10k2x	I4	94417	84	1	0.6103	0.4774	0.0054	
nsga10k2x	I4	94743	80	2	0.6807	0.4763	0.0070	
nsga10k2x	I4	94571	68	3	0.5970	0.4957	0.0047	
nsga10k2x	I4	94585	90	2	0.6063	0.4907	0.0047	
nsga10k2x	I4	94836	99	1	0.5400	0.4836	0.0046	
nsga10k2x	I4	95043	75	5	0.5962	0.4953	0.0044	
nsga10k2x	I4	94240	76	2	0.5824	0.4810	0.0062	
nsga10k2x	I4	94347	86	2	0.6896	0.4928	0.0046	
nsga10k2x	I4	94917	76	2	0.6250	0.4903	0.0056	
nsga10k2x	I4	94650	79	4	0.5929	0.5069	0.0034	
nsga10k2x	I4	94647	95	1	0.6069	0.4855	0.0048	
nsga10k2x	I4	94878	77	1	0.6758	0.4863	0.0059	
nsga10k2x	I4	94147	81	5	0.6380	0.4937	0.0062	
nsga10k2x	I4	94646	83	4	0.6465	0.4934	0.0056	
nsga10k2x	I4	95075	76	1	0.5484	0.4893	0.0051	
nsga10k2x	I4	94653	60	4	0.5293	0.5035	0.0054	
nsga10k2x	I4	94127	81	0	0.5617	0.4775	0.0055	
nsga10k2x	I4	94529	84	2	0.5753	0.4845	0.0049	
nsga10k2x	I4	95212	81	6	0.6128	0.4918	0.0052	
nsga10k2x	I4	94814	79	3	0.6420	0.4837	0.0058	
nsga10k2x	I4	94774	72	1	0.5870	0.4810	0.0063	
nsga10k2x	I5	41106	68	4	0.5821	0.4557	0.0052	
nsga10k2x	I5	41116	59	10	0.5358	0.4698	0.0047	
nsga10k2x	I5	41239	74	0	0.7288	0.4357	0.0082	
nsga10k2x	I5	41149	61	1	0.6551	0.4191	0.0093	
nsga10k2x	I5	41169	70	3	0.5762	0.4605	0.0052	
nsga10k2x	I5	41244	61	2	0.5606	0.4478	0.0064	
nsga10k2x	I5	41108	66	0	0.6319	0.4415	0.0062	
nsga10k2x	I5	41352	63	0	0.5366	0.4423	0.0068	
nsga10k2x	I5	41360	61	2	0.6376	0.4481	0.0070	
nsga10k2x	I5	41224	65	3	0.6073	0.4470	0.0059	
nsga10k2x	I5	41212	77	1	0.6388	0.4289	0.0085	
nsga10k2x	I5	41201	63	2	0.6146	0.4509	0.0066	
nsga10k2x	I5	41252	74	1	0.5571	0.4537	0.0051	
nsga10k2x	I5	41020	65	4	0.6382	0.4445	0.0073	
nsga10k2x	I5	41105	59	1	0.6048	0.4438	0.0066	
nsga10k2x	I5	41236	58	4	0.5960	0.4467	0.0067	
nsga10k2x	I5	41179	69	1	0.6894	0.4546	0.0083	
nsga10k2x	I5	41230	62	1	0.5871	0.4373	0.0071	
nsga10k2x	I5	41256	67	0	0.6556	0.4265	0.0083	
nsga10k2x	I5	41051	82	0	0.6509	0.4368	0.0083	
nsga10k2x	I5	41007	67	1	0.6045	0.4418	0.0065	
nsga10k2x	I5	41004	66	3	0.7291	0.4433	0.0097	
nsga10k2x	I5	41194	57	6	0.5267	0.4640	0.0050	
nsga10k2x	I5	41169	69	7	0.6863	0.4621	0.0056	
nsga10k2x	I5	41153	64	3	0.6055	0.4530	0.0052	
nsga10k2x	I5	41133	75	4	0.6034	0.4557	0.0057	
nsga10k2x	I5	41372	68	5	0.6621	0.4429	0.0063	
nsga10k2x	I5	41217	79	3	0.5192	0.4526	0.0058	
nsga10k2x	I5	41289	71	1	0.5724	0.4470	0.0057	
nsga10k2x	I5	41251	63	0	0.5298	0.4425	0.0068	
nsga10k2x	I5	41168	74	4	0.5994	0.4597	0.0047	
nsga10k2x	I5	41300	68	1	0.6352	0.4342	0.0077	
nsga10k2x	I5	41130	73	0	0.6374	0.4346	0.0069	
nsga10k2x	I5	41227	72	4	0.5402	0.4580	0.0052	
nsga10k2x	I5	41195	58	2	0.5699	0.4476	0.0065	
nsga10k2x	I5	41149	73	1	0.6140	0.4358	0.0061	
nsga10k2x	I5	41366	63	3	0.6363	0.4482	0.0101	
nsga10k2x	I5	41509	68	2	0.5892	0.4390	0.0073	
nsga10k2x	I5	41154	65	2	0.6662	0.4505	0.0071	
nsga10k2x	I5	41139	69	5	0.5189	0.4588	0.0051	
nsga10k2x	I5	41114	69	1	0.6054	0.4535	0.0060	
nsga10k2x	I5	41114	73	3	0.5461	0.4552	0.0055	
nsga10k2x	I5	41217	68	3	0.5778	0.4417	0.0063	
nsga10k2x	I5	41222	78	1	0.6271	0.4300	0.0070	
nsga10k2x	I5	41026	67	5	0.7513	0.4320	0.0099	
nsga10k2x	I5	41166	75	0	0.6701	0.4217	0.0082	
nsga10k2x	I5	41119	73	0	0.6382	0.4439	0.0071	
nsga10k2x	I5	41269	64	0	0.6768	0.4324	0.0084	
nsga10k2x	I5	41311	62	1	0.5199	0.4460	0.0062	
nsga10k2x	I5	41117	68	2	0.6778	0.4402	0.0077	
nsga20k2x	I0	122512	59	0	0.7047	0.4476	0.0116	
nsga20k2x	I0	121145	57	0	0.5963	0.4448	0.0098	
nsga20k2x	I0	120263	53	3	0.6774	0.4654	0.0146	
nsga20k2x	I0	119972	62	1	0.5990	0.4525	0.0110	
nsga20k2x	I0	120339	70	1	0.7374	0.4506	0.0135	
nsga20k2x	I0	120692	58	6	0.6793	0.4806	0.0117	
nsga20k2x	I0	120200	54	2	0.6372	0.4599	0.0110	
nsga20k2x	I0	118317	61	1	0.6426	0.4307	0.0115	
nsga20k2x	I0	115512	55	1	0.7138	0.4580	0.0123	
nsga20k2x	I0	114163	63	1	0.6400	0.4551	0.0084	
nsga20k2x	I0	114030	59	5	0.6022	0.4634	0.0083	
nsga20k2x	I0	114166	62	4	0.5746	0.4774	0.0073	
nsga20k2x	I0	113979	77	4	0.6780	0.4563	0.0110	
nsga20k2x	I0	114543	54	4	0.5906	0.4745	0.0075	
nsga20k2x	I0	114603	66	3	0.8892	0.4486	0.0154	
nsga20k2x	I0	113895	53	0	0.6409	0.4312	0.0120	
nsga20k2x	I0	114227	68	0	0.6242	0.4643	0.0079	
nsga20k2x	I0	114159	58	1	0.6945	0.4196	0.0132	
nsga20k2x	I0	114773	57	1	0.6227	0.4478	0.0113	
nsga20k2x	I0	114625	60	0	0.7896	0.4606	0.0161	
nsga20k2x	I0	114310	68	2	0.7855	0.4317	0.0133	
nsga20k2x	I0	114072	65	1	0.7020	0.4542	0.0114	
nsga20k2x	I0	114148	62	1	0.6150	0.4374	0.0106	
nsga20k2x	I0	114085	58	0	0.6695	0.4356	0.0139	
nsga20k2x	I0	114029	62	0	0.6222	0.4511	0.0091	
nsga20k2x	I0	113249	57	2	0.7646	0.4597	0.0146	
nsga20k2x	I0	113607	49	3	0.6597	0.4396	0.0154	
nsga20k2x	I0	113432	61	1	0.7798	0.4514	0.0112	
nsga20k2x	I0	113282	62	7	0.7567	0.4580	0.0114	
nsga20k2x	I0	112791	57	3	0.6697	0.4629	0.0099	
nsga20k2x	I0	113141	57	3	0.7852	0.4597	0.0158	
nsga20k2x	I0	113454	56	9	0.8162	0.4866	0.0129	
nsga20k2x	I0	112896	60	3	0.6271	0.4562	0.0103	
nsga20k2x	I0	113408	55	3	0.5701	0.4582	0.0099	
nsga20k2x	I0	113440	58	0	0.6110	0.4476	0.0087	
nsga20k2x	I0	113282	66	3	0.5781	0.4744	0.0076	
nsga20k2x	I0	113154	44	1	0.7241	0.4427	0.0182	
nsga20k2x	I0	113840	61	2	0.6320	0.4542	0.0092	
nsga20k2x	I0	113205	67	1	0.5921	0.4633	0.0079	
nsga20k2x	I0	113570	52	5	0.6585	0.4604	0.0096	
nsga20k2x	I0	113254	63	2	0.6096	0.4574	0.0099	
nsga20k2x	I0	112965	56	2	0.5890	0.4512	0.0085	
nsga20k2x	I0	112897	55	1	0.6293	0.4536	0.0147	
nsga20k2x	I0	113531	63	0	0.6289	0.4579	0.0083	
nsga20k2x	I0	112990	49	6	0.7312	0.4741	0.0133	
nsga20k2x	I0	113694	58	4	0.7164	0.4613	0.0085	
nsga20k2x	I0	113649	63	1	0.6910	0.4436	0.0095	
nsga20k2x	I0	113751	54	2	0.7734	0.4766	0.0150	
nsga20k2x	I0	113106	62	4	0.7119	0.4385	0.0123	
nsga20k2x	I0	113058	57	1	0.6962	0.4652	0.0116	
nsga20k2x	I1	672149	69	1	0.6188	0.4869	0.0058	
nsga20k2x	I1	673202	74	2	0.6215	0.4990	0.0046	
nsga20k2x	I1	671675	63	2	0.5830	0.4741	0.0083	
nsga20k2x	I1	668916	72	4	0.5729	0.4860	0.0052	
nsga20k2x	I1	671772	78	3	0.6450	0.4888	0.0053	
nsga20k2x	I1	671237	80	4	0.6418	0.4984	0.0043	
nsga20k2x	I1	673653	71	2	0.6578	0.4808	0.0057	
nsga20k2x	I1	664996	87	1	0.6447	0.4859	0.0053	
nsga20k2x	I1	667339	72	3	0.6157	0.4992	0.0039	
nsga20k2x	I1	667482	91	2	0.5848	0.4801	0.0053	
nsga20k2x	I1	668868	85	2	0.6466	0.4923	0.0058	
nsga20k2x	I1	668826	71	2	0.6863	0.4831	0.0064	
nsga20k2x	I1	668353	58	0	0.7135	0.4931	0.0053	
nsga20k2x	I1	664622	84	0	0.6220	0.4868	0.0053	
nsga20k2x	I1	667570	79	2	0.6979	0.4898	0.0059	
nsga20k2x	I1	668883	65	4	0.6219	0.4937	0.0051	
nsga20k2x	I1	665014	79	2	0.5856	0.4779	0.0058	
nsga20k2x	I1	665206	80	3	0.6343	0.4902	0.0048	
nsga20k2x	I1	666302	83	3	0.5947	0.4947	0.0049	
nsga20k2x	I1	669977	73	3	0.5912	0.4897	0.0051	
nsga20k2x	I1	668389	84	2	0.7217	0.4779	0.0067	
nsga20k2x	I1	673701	83	4	0.5687	0.4835	0.0056	
nsga20k2x	I1	677863	80	2	0.6300	0.4873	0.0051	
nsga20k2x	I1	680399	82	2	0.5997	0.4897	0.0052	
nsga20k2x	I1	679103	84	2	0.6393	0.4811	0.0062	
nsga20k2x	I1	677968	79	2	0.6294	0.4912	0.0050	
nsga20k2x	I1	680032	76	5	0.6337	0.4963	0.0049	
nsga20k2x	I1	678625	70	4	0.6080	0.4790	0.0062	
nsga20k2x	I1	680866	91	1	0.6389	0.4793	0.0057	
nsga20k2x	I1	679243	66	4	0.6364	0.4918	0.0058	
nsga20k2x	I1	678773	77	0	0.7284	0.4913	0.0053	
nsga20k2x	I1	676103	88	2	0.5590	0.4864	0.0047	
nsga20k2x	I1	677584	83	3	0.6272	0.4888	0.0049	
nsga20k2x	I1	680135	74	4	0.6680	0.4907	0.0058	
nsga20k2x	I1	676406	81	3	0.6662	0.4969	0.0054	
nsga20k2x	I1	676510	71	3	0.6004	0.4950	0.0051	
nsga20k2x	I1	677100	78	2	0.5761	0.4839	0.0059	
nsga20k2x	I1	676152	80	2	0.6162	0.4893	0.0048	
nsga20k2x	I1	675766	80	3	0.6536	0.5028	0.0052	
nsga20k2x	I1	674022	78	3	0.5801	0.4974	0.0047	
nsga20k2x	I1	677564	72	2	0.5881	0.4894	0.0055	
nsga20k2x	I1	676214	83	0	0.5789	0.4830	0.0053	
nsga20k2x	I1	643165	86	2	0.7770	0.4799	0.0070	
nsga20k2x	I1	443597	68	5	0.5952	0.4837	0.0061	
nsga20k2x	I1	442912	69	1	0.5450	0.4789	0.0055	
nsga20k2x	I1	446238	68	6	0.6456	0.4999	0.0046	
nsga20k2x	I1	443415	82	5	0.6354	0.4975	0.0042	
nsga20k2x	I1	444827	68	7	0.5800	0.4925	0.0052	
nsga20k2x	I1	443538	85	0	0.6444	0.4692	0.0062	
nsga20k2x	I1	445847	67	4	0.6133	0.4946	0.0049	
nsga20k2x	I2	515766	38	2	0.6193	0.4654	0.0140	
nsga20k2x	I2	515746	43	2	0.5325	0.4397	0.0120	
nsga20k2x	I2	515660	56	2	0.7437	0.4514	0.0112	
nsga20k2x	I2	517038	42	2	0.6273	0.4488	0.0125	
nsga20k2x	I2	517370	46	1	0.7250	0.4474	0.0130	
nsga20k2x	I2	516865	45	2	0.6207	0.4405	0.0115	
nsga20k2x	I2	516809	37	3	0.6306	0.4903	0.0094	
nsga20k2x	I2	516650	42	3	0.5560	0.4488	0.0112	
nsga20k2x	I2	518544	41	0	0.7223	0.4653	0.0110	
nsga20k2x	I2	515888	39	4	0.6623	0.4823	0.0103	
nsga20k2x	I2	516602	48	2	0.7122	0.4539	0.0120	
nsga20k2x	I2	516181	40	0	0.7577	0.4573	0.0161	
nsga20k2x	I2	516281	44	0	0.8406	0.4526	0.0213	
nsga20k2x	I2	517968	45	1	0.6540	0.4400	0.0142	
nsga20k2x	I2	515703	49	0	0.6189	0.4375	0.0109	
nsga20k2x	I2	517103	40	1	0.6553	0.4635	0.0107	
nsga20k2x	I2	516900	38	2	0.6301	0.4545	0.0113	
nsga20k2x	I2	517136	37	3	0.7352	0.4640	0.0167	
nsga20k2x	I2	516757	35	1	0.6102	0.4766	0.0111	
nsga20k2x	I2	516702	44	0	0.7712	0.4433	0.0148	
nsga20k2x	I2	516643	43	0	0.6971	0.4418	0.0151	
nsga20k2x	I2	516818	43	0	0.5986	0.4609	0.0107	
nsga20k2x	I2	515009	50	0	0.7250	0.4473	0.0148	
nsga20k2x	I2	517361	33	0	0.6275	0.4446	0.0125	
nsga20k2x	I2	515046	45	0	0.6802	0.4732	0.0110	
nsga20k2x	I2	515602	43	3	0.7783	0.4556	0.0131	
nsga20k2x	I2	514410	51	0	0.7527	0.4353	0.0125	
nsga20k2x	I2	514668	45	1	0.6442	0.4538	0.0144	
nsga20k2x	I2	517566	39	2	0.6625	0.4594	0.0150	
nsga20k2x	I2	517547	35	2	0.5222	0.4611	0.0106	
nsga20k2x	I2	516086	43	0	0.7069	0.4488	0.0197	
nsga20k2x	I2	515380	42	0	0.6287	0.4541	0.0116	
nsga20k2x	I2	516357	53	1	0.6233	0.4565	0.0113	
nsga20k2x	I2	516756	46	3	0.6093	0.4495	0.0110	
nsga20k2x	I2	517395	37	1	0.5794	0.4567	0.0128	
nsga20k2x	I2	516894	42	4	0.7612	0.4593	0.0150	
nsga20k2x	I2	517147	52	3	0.6051	0.4412	0.0107	
nsga20k2x	I2	493951	35	4	0.5458	0.4976	0.0099	
nsga20k2x	I2	469125	43	0	0.7478	0.4535	0.0167	
nsga20k2x	I2	468239	52	0	0.6774	0.4369	0.0122	
nsga20k2x	I2	468643	35	5	0.7580	0.4813	0.0090	
nsga20k2x	I2	468098	53	0	0.8715	0.4441	0.0156	
nsga20k2x	I2	467092	40	0	0.8212	0.4257	0.0187	
nsga20k2x	I2	467365	51	0	0.6784	0.4472	0.0118	
nsga20k2x	I2	469054	46	2	0.7536	0.4589	0.0116	
nsga20k2x	I2	469742	37	5	0.6675	0.4671	0.0122	
nsga20k2x	I2	467724	43	0	0.6483	0.4380	0.0160	
nsga20k2x	I2	467565	44	1	0.7479	0.4335	0.0122	
nsga20k2x	I2	466847	44	1	0.5028	0.4425	0.0112	
nsga20k2x	I2	468285	43	1	0.6701	0.4614	0.0105	
nsga20k2x	I3	436881	54	0	0.6379	0.4264	0.0135	
nsga20k2x	I3	438036	54	1	0.7545	0.4361	0.0161	
nsga20k2x	I3	442709	53	0	0.7928	0.4431	0.0229	
nsga20k2x	I3	439067	55	1	0.6092	0.4487	0.0127	
nsga20k2x	I3	439709	53	0	0.9563	0.4460	0.0491	
nsga20k2x	I3	436122	67	0	0.6187	0.4338	0.0133	
nsga20k2x	I3	438949	50	1	0.5813	0.4412	0.0143	
nsga20k2x	I3	439408	54	4	0.7307	0.4710	0.0151	
nsga20k2x	I3	442547	59	1	0.8073	0.4438	0.0144	
nsga20k2x	I3	438529	55	0	0.6591	0.4469	0.0140	
nsga20k2x	I3	499790	59	2	0.6865	0.4395	0.0135	
nsga20k2x	I3	552757	46	2	0.6934	0.4474	0.0143	
nsga20k2x	I3	603241	49	1	0.6381	0.4568	0.0218	
nsga20k2x	I3	600859	46	4	0.6684	0.4765	0.0182	
nsga20k2x	I3	580240	45	2	0.6091	0.4526	0.0139	
nsga20k2x	I3	539827	51	2	0.8243	0.4544	0.0266	
nsga20k2x	I3	447117	49	3	0.7607	0.4735	0.0216	
nsga20k2x	I3	444298	49	0	0.7660	0.4542	0.0170	
nsga20k2x	I3	441552	49	2	0.7656	0.4689	0.0153	
nsga20k2x	I3	440131	62	2	0.7013	0.4448	0.0135	
nsga20k2x	I3	439227	51	3	0.6726	0.4721	0.0130	
nsga20k2x	I3	439290	56	0	0.7169	0.4495	0.0156	
nsga20k2x	I3	438781	57	2	0.7129	0.4417	0.0144	
nsga20k2x	I3	440356	44	4	0.5510	0.4634	0.0116	
nsga20k2x	I3	439831	63	1	0.6749	0.4344	0.0137	
nsga20k2x	I3	438202	55	6	0.6344	0.4782	0.0110	
nsga20k2x	I3	437654	48	3	0.6022	0.4567	0.0116	
nsga20k2x	I3	437234	56	1	0.5960	0.4434	0.0125	
nsga20k2x	I3	438458	61	2	0.6785	0.4841	0.0106	
nsga20k2x	I3	441099	62	0	0.6806	0.4258	0.0151	
nsga20k2x	I3	438031	51	4	0.6116	0.4732	0.0099	
nsga20k2x	I3	441384	54	0	0.5751	0.4357	0.0135	
nsga20k2x	I3	441621	55	2	0.8249	0.4477	0.0164	
nsga20k2x	I3	439950	51	1	0.5633	0.4459	0.0137	
nsga20k2x	I3	439283	53	0	0.8606	0.4582	0.0269	
nsga20k2x	I3	436194	54	2	0.6016	0.4323	0.0150	
nsga20k2x	I3	436823	49	4	0.6856	0.4710	0.0132	
nsga20k2x	I3	439573	45	7	0.5921	0.4838	0.0115	
nsga20k2x	I3	440618	59	1	0.7296	0.4401	0.0151	
nsga20k2x	I3	438448	46	3	0.6298	0.4576	0.0127	
nsga20k2x	I3	438779	48	5	0.5888	0.4767	0.0125	
nsga20k2x	I3	438263	57	1	0.7202	0.4537	0.0120	
nsga20k2x	I3	438502	54	1	0.6512	0.4419	0.0142	
nsga20k2x	I3	438739	53	1	0.6090	0.4491	0.0128	
nsga20k2x	I3	441188	46	1	0.7829	0.4448	0.0232	
nsga20k2x	I3	441193	49	2	0.5650	0.4587	0.0138	
nsga20k2x	I3	437182	60	3	0.7870	0.4585	0.0226	
nsga20k2x	I3	439907	62	0	0.8037	0.4201	0.0207	
nsga20k2x	I3	440052	56	1	0.7996	0.4358	0.0174	
nsga20k2x	I3	439058	54	1	0.5495	0.4480	0.0118	
nsga20k2x	I4	169090	100	0	0.5937	0.4839	0.0041	
nsga20k2x	I4	169323	102	0	0.6027	0.4813	0.0049	
nsga20k2x	I4	168737	92	4	0.5661	0.4960	0.0042	
nsga20k2x	I4	168768	105	6	0.5951	0.5011	0.0032	
nsga20k2x	I4	168641	98	3	0.5546	0.5012	0.0033	
nsga20k2x	I4	168435	84	7	0.5411	0.4958	0.0045	
nsga20k2x	I4	169724	89	1	0.5765	0.4917	0.0040	
nsga20k2x	I4	168540	94	4	0.6000	0.4958	0.0039	
nsga20k2x	I4	169142	107	0	0.5438	0.4952	0.0037	
nsga20k2x	I4	169799	107	1	0.7217	0.4916	0.0045	
nsga20k2x	I4	168703	99	2	0.5843	0.4924	0.0038	
nsga20k2x	I4	169302	102	1	0.5649	0.4856	0.0043	
nsga20k2x	I4	169173	99	2	0.6411	0.4949	0.0045	
nsga20k2x	I4	169653	102	3	0.6173	0.4917	0.0039	
nsga20k2x	I4	168469	95	6	0.6186	0.5063	0.0030	
nsga20k2x	I4	168973	99	2	0.5949	0.4980	0.0037	
nsga20k2x	I4	169076	94	4	0.6093	0.5023	0.0034	
nsga20k2x	I4	169062	85	5	0.6611	0.5006	0.0044	
nsga20k2x	I4	169814	94	1	0.6500	0.4907	0.0043	
nsga20k2x	I4	169558	102	0	0.5808	0.4891	0.0040	
nsga20k2x	I4	169497	90	5	0.6036	0.4966	0.0043	
nsga20k2x	I4	168844	92	2	0.6402	0.4906	0.0042	
nsga20k2x	I4	169083	92	6	0.6864	0.5004	0.0042	
nsga20k2x	I4	168818	91	10	0.5763	0.5120	0.0026	
nsga20k2x	I4	168398	97	3	0.5546	0.4885	0.0042	
nsga20k2x	I4	168340	91	2	0.6319	0.4957	0.0038	
nsga20k2x	I4	168681	91	1	0.6245	0.4921	0.0042	
nsga20k2x	I4	169169	112	1	0.6147	0.4906	0.0035	
nsga20k2x	I4	168692	101	2	0.5912	0.4960	0.0034	
nsga20k2x	I4	168922	82	1	0.5479	0.4873	0.0049	
nsga20k2x	I4	168866	107	1	0.6234	0.4856	0.0043	
nsga20k2x	I4	169770	85	1	0.6002	0.4937	0.0040	
nsga20k2x	I4	168004	114	4	0.5740	0.4923	0.0036	
nsga20k2x	I4	169641	96	1	0.5816	0.4893	0.0039	
nsga20k2x	I4	169241	100	2	0.5979	0.4838	0.0045	
nsga20k2x	I4	168899	89	6	0.5912	0.5047	0.0032	
nsga20k2x	I4	169190	94	5	0.6564	0.4868	0.0052	
nsga20k2x	I4	169776	98	1	0.5943	0.4909	0.0039	
nsga20k2x	I4	169644	81	8	0.5573	0.5072	0.0036	
nsga20k2x	I4	168417	104	4	0.5960	0.5047	0.0035	
nsga20k2x	I4	169309	97	6	0.6013	0.5007	0.0033	
nsga20k2x	I4	168810	96	9	0.5493	0.5019	0.0034	
nsga20k2x	I4	168732	96	4	0.6090	0.4985	0.0038	
nsga20k2x	I4	169546	93	0	0.5312	0.4858	0.0046	
nsga20k2x	I4	168775	89	3	0.7008	0.4890	0.0050	
nsga20k2x	I4	168820	93	2	0.5643	0.4931	0.0040	
nsga20k2x	I4	169381	99	1	0.6104	0.4981	0.0037	
nsga20k2x	I4	169627	103	3	0.6278	0.4980	0.0034	
nsga20k2x	I4	168494	89	5	0.6038	0.5017	0.0039	
nsga20k2x	I4	168886	105	1	0.5552	0.4919	0.0040	
nsga20k2x	I5	72666	87	1	0.5771	0.4986	0.0043	
nsga20k2x	I5	72332	79	3	0.6220	0.4872	0.0050	
nsga20k2x	I5	72383	88	2	0.5821	0.4815	0.0046	
nsga20k2x	I5	72474	86	2	0.6423	0.4829	0.0051	
nsga20k2x	I5	72363	76	1	0.5963	0.4900	0.0062	
nsga20k2x	I5	72657	76	2	0.5800	0.4978	0.0039	
nsga20k2x	I5	72346	76	2	0.5618	0.4873	0.0046	
nsga20k2x	I5	72648	73	4	0.6020	0.4944	0.0046	
nsga20k2x	I5	72404	80	1	0.6002	0.4820	0.0050	
nsga20k2x	I5	72555	82	2	0.5764	0.4905	0.0047	
nsga20k2x	I5	72526	86	2	0.5806	0.4843	0.0050	
nsga20k2x	I5	72576	85	0	0.5488	0.4786	0.0054	
nsga20k2x	I5	72763	81	2	0.6196	0.4924	0.0052	
nsga20k2x	I5	72796	76	2	0.5670	0.4947	0.0047	
nsga20k2x	I5	72393	79	3	0.6510	0.4963	0.0048	
nsga20k2x	I5	72520	88	0	0.5399	0.4801	0.0050	
nsga20k2x	I5	72635	76	4	0.6257	0.4989	0.0044	
nsga20k2x	I5	72579	86	1	0.6001	0.4862	0.0054	
nsga20k2x	I5	72812	81	1	0.5341	0.4821	0.0057	
nsga20k2x	I5	72618	70	5	0.6228	0.4877	0.0071	
nsga20k2x	I5	72899	74	1	0.5687	0.4817	0.0064	
nsga20k2x	I5	72515	78	1	0.5766	0.4867	0.0051	
nsga20k2x	I5	72218	88	2	0.6279	0.4900	0.0044	
nsga20k2x	I5	72703	79	5	0.5696	0.4831	0.0052	
nsga20k2x	I5	72629	84	9	0.5630	0.4930	0.0043	
nsga20k2x	I5	72935	83	4	0.6055	0.4942	0.0053	
nsga20k2x	I5	72634	86	2	0.6034	0.4924	0.0042	
nsga20k2x	I5	72636	87	0	0.5504	0.4849	0.0055	
nsga20k2x	I5	72986	85	3	0.5946	0.4846	0.0047	
nsga20k2x	I5	72601	76	1	0.5832	0.4860	0.0050	
nsga20k2x	I5	72559	72	2	0.5941	0.4949	0.0053	
nsga20k2x	I5	72419	79	2	0.5929	0.4889	0.0048	
nsga20k2x	I5	72614	72	0	0.5230	0.4956	0.0043	
nsga20k2x	I5	72499	79	4	0.6507	0.4905	0.0054	
nsga20k2x	I5	72734	84	11	0.6871	0.5077	0.0033	
nsga20k2x	I5	72829	88	5	0.5565	0.4974	0.0047	
nsga20k2x	I5	72517	77	8	0.5853	0.5079	0.0046	
nsga20k2x	I5	72702	80	2	0.5701	0.4884	0.0050	
nsga20k2x	I5	72692	77	8	0.5746	0.5062	0.0036	
nsga20k2x	I5	72529	69	1	0.5418	0.4929	0.0044	
nsga20k2x	I5	72531	80	0	0.6782	0.4849	0.0063	
nsga20k2x	I5	72437	87	0	0.6223	0.4793	0.0056	
nsga20k2x	I5	72494	79	1	0.6593	0.4861	0.0048	
nsga20k2x	I5	72548	85	1	0.6320	0.4869	0.0048	
nsga20k2x	I5	72679	69	6	0.5573	0.4958	0.0041	
nsga20k2x	I5	72968	76	1	0.5910	0.4889	0.0051	
nsga20k2x	I5	72584	82	8	0.7205	0.5092	0.0053	
nsga20k2x	I5	72793	82	4	0.5780	0.4950	0.0041	
nsga20k2x	I5	72746	82	1	0.6359	0.4824	0.0052	
nsga20k2x	I5	72704	82	1	0.6039	0.4860	0.0065	
nsga50k2x	I0	260784	75	2	0.6259	0.4537	0.0068	
nsga50k2x	I0	192872	67	7	0.6865	0.4734	0.0108	
nsga50k2x	I0	193045	80	0	0.6533	0.4496	0.0068	
nsga50k2x	I0	191555	78	1	0.5899	0.4639	0.0059	
nsga50k2x	I0	193213	76	14	0.6041	0.4812	0.0044	
nsga50k2x	I0	190540	76	2	0.6626	0.4643	0.0065	
nsga50k2x	I0	185911	67	4	0.6293	0.4747	0.0056	
nsga50k2x	I0	187290	75	2	0.7276	0.4595	0.0092	
nsga50k2x	I0	186670	80	0	0.5906	0.4606	0.0055	
nsga50k2x	I0	186438	79	1	0.5487	0.4620	0.0052	
nsga50k2x	I0	187111	70	0	0.6070	0.4587	0.0060	
nsga50k2x	I0	187044	70	2	0.6563	0.4658	0.0057	
nsga50k2x	I0	187732	76	5	0.5854	0.4779	0.0050	
nsga50k2x	I0	186563	73	0	0.5982	0.4587	0.0067	
nsga50k2x	I0	188540	72	2	0.6487	0.4525	0.0065	
nsga50k2x	I0	187031	80	0	0.6963	0.4530	0.0079	
nsga50k2x	I0	186336	80	2	0.7145	0.4578	0.0076	
nsga50k2x	I0	187254	71	4	0.6322	0.4727	0.0068	
nsga50k2x	I0	185683	75	2	0.6105	0.4577	0.0060	
nsga50k2x	I0	187545	71	1	0.6226	0.4592	0.0058	
nsga50k2x	I0	188136	66	3	0.6870	0.4824	0.0064	
nsga50k2x	I0	186314	79	2	0.7172	0.4615	0.0069	
nsga50k2x	I0	187268	65	0	0.5976	0.4645	0.0068	
nsga50k2x	I0	187422	77	2	0.5957	0.4551	0.0088	
nsga50k2x	I0	187688	75	2	0.6023	0.4721	0.0056	
nsga50k2x	I0	187483	80	1	0.6688	0.4627	0.0084	
nsga50k2x	I0	187188	69	0	0.7046	0.4557	0.0088	
nsga50k2x	I0	186735	76	5	0.5326	0.4748	0.0042	
nsga50k2x	I0	186007	68	6	0.6488	0.4706	0.0047	
nsga50k2x	I0	187032	67	4	0.6482	0.4724	0.0053	
nsga50k2x	I0	187306	80	2	0.6334	0.4488	0.0081	
nsga50k2x	I0	186410	70	3	0.5617	0.4774	0.0049	
nsga50k2x	I0	187067	65	7	0.7201	0.4821	0.0050	
nsga50k2x	I0	187427	73	0	0.6709	0.4562	0.0067	
nsga50k2x	I0	186366	67	1	0.6034	0.4614	0.0058	
nsga50k2x	I0	187066	72	1	0.7360	0.4620	0.0081	
nsga50k2x	I0	186358	69	4	0.6777	0.4647	0.0074	
nsga50k2x	I0	187640	65	0	0.6016	0.4604	0.0059	
nsga50k2x	I0	187165	77	1	0.6416	0.4648	0.0062	
nsga50k2x	I0	187199	79	2	0.5407	0.4669	0.0051	
nsga50k2x	I0	187344	74	3	0.7354	0.4643	0.0075	
nsga50k2x	I0	186866	72	4	0.6569	0.4684	0.0049	
nsga50k2x	I0	187857	78	2	0.6758	0.4585	0.0133	
nsga50k2x	I0	186565	80	4	0.5675	0.4661	0.0048	
nsga50k2x	I0	186292	71	1	0.5381	0.4622	0.0068	
nsga50k2x	I0	186863	68	0	0.6113	0.4544	0.0070	
nsga50k2x	I0	186766	80	3	0.6730	0.4658	0.0054	
nsga50k2x	I0	187337	76	0	0.5431	0.4465	0.0071	
nsga50k2x	I0	187099	70	0	0.6590	0.4640	0.0068	
nsga50k2x	I0	186435	69	1	0.6770	0.4688	0.0072	
nsga50k2x	I1	1098460	88	2	0.6968	0.4726	0.0042	
nsga50k2x	I1	1100129	88	3	0.5992	0.4640	0.0043	
nsga50k2x	I1	1096114	88	4	0.6012	0.4727	0.0041	
nsga50k2x	I1	1098150	115	2	0.5671	0.4602	0.0041	
nsga50k2x	I1	1097285	101	2	0.5598	0.4566	0.0045	
nsga50k2x	I1	1096857	93	5	0.6643	0.4789	0.0038	
nsga50k2x	I1	1095407	95	3	0.6019	0.4575	0.0047	
nsga50k2x	I1	1101591	100	6	0.6969	0.4694	0.0050	
nsga50k2x	I1	1099697	95	3	0.6164	0.4691	0.0039	
nsga50k2x	I1	1092858	87	6	0.5544	0.4720	0.0040	
nsga50k2x	I1	1098637	120	0	0.6223	0.4467	0.0047	
nsga50k2x	I1	1099963	82	3	0.6475	0.4666	0.0052	
nsga50k2x	I1	1095877	100	2	0.7175	0.4636	0.0053	
nsga50k2x	I1	1098877	96	0	0.6530	0.4613	0.0042	
nsga50k2x	I1	1099493	95	1	0.6607	0.4651	0.0046	
nsga50k2x	I1	1099527	94	2	0.6417	0.4627	0.0046	
nsga50k2x	I1	1099130	87	1	0.5998	0.4598	0.0051	
nsga50k2x	I1	1103098	100	3	0.6197	0.4676	0.0039	
nsga50k2x	I1	1097308	108	0	0.6431	0.4546	0.0044	
nsga50k2x	I1	1101456	97	1	0.6089	0.4610	0.0044	
nsga50k2x	I1	1094419	109	1	0.5760	0.4559	0.0044	
nsga50k2x	I1	1097901	88	3	0.6258	0.4603	0.0052	
nsga50k2x	I1	1094957	96	3	0.6099	0.4724	0.0043	
nsga50k2x	I1	1097405	91	1	0.5677	0.4666	0.0043	
nsga50k2x	I1	1098278	83	3	0.6399	0.4648	0.0041	
nsga50k2x	I1	1101191	93	0	0.6343	0.4615	0.0049	
nsga50k2x	I1	1096362	101	2	0.6652	0.4676	0.0043	
nsga50k2x	I1	1095377	96	3	0.6439	0.4624	0.0043	
nsga50k2x	I1	1097014	90	5	0.6708	0.4669	0.0044	
nsga50k2x	I1	1093206	83	2	0.5888	0.4712	0.0042	
nsga50k2x	I1	1099063	97	4	0.5765	0.4638	0.0044	
nsga50k2x	I1	1101036	94	2	0.5860	0.4676	0.0043	
nsga50k2x	I1	1096799	103	3	0.6628	0.4691	0.0044	
nsga50k2x	I1	1285359	82	3	0.6378	0.4708	0.0044	
nsga50k2x	I1	1213972	95	2	0.6111	0.4685	0.0045	
nsga50k2x	I1	1103769	92	0	0.5800	0.4509	0.0050	
nsga50k2x	I1	1110688	86	4	0.6634	0.4685	0.0043	
nsga50k2x	I1	1105700	105	2	0.6741	0.4646	0.0041	
nsga50k2x	I1	1104035	86	6	0.6188	0.4712	0.0044	
nsga50k2x	I1	1105009	93	1	0.5743	0.4668	0.0043	
nsga50k2x	I1	1101761	93	8	0.6325	0.4690	0.0042	
nsga50k2x	I1	1103736	103	5	0.7509	0.4619	0.0054	
nsga50k2x	I1	1105183	91	6	0.5957	0.4689	0.0040	
nsga50k2x	I1	1108797	92	2	0.6205	0.4651	0.0041	
nsga50k2x	I1	1107660	93	2	0.6087	0.4663	0.0046	
nsga50k2x	I1	1108256	102	0	0.5930	0.4614	0.0048	
nsga50k2x	I1	1105925	98	1	0.5780	0.4724	0.0035	
nsga50k2x	I1	1108460	87	7	0.6540	0.4717	0.0039	
nsga50k2x	I1	1109426	94	2	0.6007	0.4708	0.0042	
nsga50k2x	I1	1122209	98	4	0.6695	0.4665	0.0045	
nsga50k2x	I2	1365834	61	2	0.6248	0.4791	0.0097	
nsga50k2x	I2	1266060	51	4	0.6544	0.4949	0.0092	
nsga50k2x	I2	1268851	52	1	0.5915	0.4828	0.0094	
nsga50k2x	I2	1269164	45	1	0.6287	0.4953	0.0081	
nsga50k2x	I2	1268429	50	7	0.7719	0.5073	0.0084	
nsga50k2x	I2	1267914	56	3	0.5810	0.5093	0.0064	
nsga50k2x	I2	1267804	72	0	0.6991	0.4617	0.0098	
nsga50k2x	I2	1268293	63	1	0.7528	0.4984	0.0098	
nsga50k2x	I2	1267764	60	2	0.6228	0.4912	0.0085	
nsga50k2x	I2	1263624	52	1	0.7425	0.4858	0.0115	
nsga50k2x	I2	1265095	47	1	0.5604	0.4859	0.0092	
nsga50k2x	I2	1269179	54	1	0.5831	0.4777	0.0090	
nsga50k2x	I2	1263979	51	1	0.6499	0.4971	0.0085	
nsga50k2x	I2	1265675	56	0	0.6851	0.4796	0.0097	
nsga50k2x	I2	1266611	61	1	0.7134	0.4857	0.0087	
nsga50k2x	I2	1265350	53	2	0.6487	0.4798	0.0093	
nsga50k2x	I2	1264199	50	2	0.6223	0.4863	0.0096	
nsga50k2x	I2	1264994	47	1	0.6473	0.4944	0.0082	
nsga50k2x	I2	1265156	55	1	0.7134	0.4830	0.0108	
nsga50k2x	I2	1265505	53	3	0.6462	0.4947	0.0083	
nsga50k2x	I2	1265362	51	3	0.7691	0.4985	0.0086	
nsga50k2x	I2	1263516	54	1	0.7496	0.4961	0.0080	
nsga50k2x	I2	1266423	61	2	0.5392	0.4738	0.0097	
nsga50k2x	I2	1265186	47	0	0.6123	0.4855	0.0106	
nsga50k2x	I2	1267084	59	2	0.5701	0.4956	0.0084	
nsga50k2x	I2	1263880	67	1	0.7416	0.4856	0.0096	
nsga50k2x	I2	1267132	68	0	0.6452	0.4716	0.0096	
nsga50k2x	I2	1268118	58	4	0.6838	0.4923	0.0081	
nsga50k2x	I2	1265644	54	0	0.5661	0.4854	0.0082	
nsga50k2x	I2	1264805	58	7	0.7007	0.5034	0.0093	
nsga50k2x	I2	1263826	62	1	0.5925	0.4885	0.0086	
nsga50k2x	I2	1268177	55	4	0.6024	0.4930	0.0094	
nsga50k2x	I2	1264813	60	2	0.5656	0.4925	0.0087	
nsga50k2x	I2	1265068	56	0	0.6221	0.4687	0.0095	
nsga50k2x	I2	1262728	62	1	0.5977	0.4669	0.0109	
nsga50k2x	I2	1267144	58	3	0.6073	0.4949	0.0075	
nsga50k2x	I2	1508470	55	0	0.6907	0.4779	0.0086	
nsga50k2x	I2	1323884	51	1	0.6989	0.4935	0.0091	
nsga50k2x	I2	1271455	63	1	0.7100	0.4725	0.0090	
nsga50k2x	I2	1270622	53	0	0.6291	0.4920	0.0085	
nsga50k2x	I2	1270624	57	1	0.6732	0.4835	0.0103	
nsga50k2x	I2	1270222	54	4	0.7179	0.5042	0.0087	
nsga50k2x	I2	1273894	50	3	0.6593	0.4914	0.0080	
nsga50k2x	I2	1271576	46	4	0.7041	0.5013	0.0097	
nsga50k2x	I2	1274127	58	1	0.7275	0.4888	0.0090	
nsga50k2x	I2	1271256	56	1	0.7056	0.4832	0.0106	
nsga50k2x	I2	1270708	56	1	0.7605	0.5030	0.0080	
nsga50k2x	I2	1272421	58	5	0.6926	0.5046	0.0082	
nsga50k2x	I2	1272197	52	3	0.6467	0.5018	0.0076	
nsga50k2x	I2	1268970	57	0	0.6649	0.4901	0.0086	
nsga50k2x	I3	1216641	74	4	0.6413	0.4228	0.0131	
nsga50k2x	I3	1223916	71	3	0.7541	0.4101	0.0143	
nsga50k2x	I3	1222287	72	3	0.5903	0.4120	0.0101	
nsga50k2x	I3	1226697	69	1	0.9543	0.4183	0.0302	
nsga50k2x	I3	1219850	72	1	0.6239	0.4090	0.0106	
nsga50k2x	I3	1220552	54	3	0.6277	0.4440	0.0090	
nsga50k2x	I3	1228608	68	2	0.7172	0.4375	0.0128	
nsga50k2x	I3	1220206	82	0	0.9489	0.3999	0.0246	
nsga50k2x	I3	1219786	77	1	0.6843	0.4049	0.0115	
nsga50k2x	I3	1225220	79	3	0.6161	0.4326	0.0085	
nsga50k2x	I3	1226959	77	4	0.5821	0.4356	0.0088	
nsga50k2x	I3	1225575	82	2	0.6678	0.4239	0.0080	
nsga50k2x	I3	1225697	76	2	0.8084	0.4134	0.0211	
nsga50k2x	I3	1210077	76	0	0.8508	0.3932	0.0258	
nsga50k2x	I3	1222080	84	1	0.6832	0.4010	0.0118	
nsga50k2x	I3	1222795	76	0	0.7075	0.4122	0.0139	
nsga50k2x	I3	1217178	72	0	0.5743	0.4029	0.0106	
nsga50k2x	I3	1217600	67	3	0.6467	0.4277	0.0107	
nsga50k2x	I3	1225601	63	1	0.6859	0.4178	0.0103	
nsga50k2x	I3	1222009	65	3	0.8492	0.4241	0.0209	
nsga50k2x	I3	1227963	69	2	0.6477	0.4408	0.0117	
nsga50k2x	I3	1227794	79	1	0.6906	0.4246	0.0090	
nsga50k2x	I3	1223116	81	0	0.6837	0.3936	0.0125	
nsga50k2x	I3	1227007	62	5	0.7450	0.4387	0.0089	
nsga50k2x	I3	1222107	68	3	0.6259	0.4189	0.0092	
nsga50k2x	I3	1232588	63	4	0.7701	0.4277	0.0150	
nsga50k2x	I3	1224159	67	0	0.6505	0.4193	0.0128	
nsga50k2x	I3	1233019	63	5	0.7368	0.4321	0.0179	
nsga50k2x	I3	1145147	56	5	0.6726	0.4532	0.0086	
nsga50k2x	I3	745821	62	3	0.6950	0.4383	0.0135	
nsga50k2x	I3	749805	75	1	0.6480	0.4140	0.0103	
nsga50k2x	I3	748079	77	0	0.6228	0.4226	0.0089	
nsga50k2x	I3	748496	65	2	0.6212	0.3995	0.0124	
nsga50k2x	I3	756407	62	3	0.7434	0.4339	0.0151	
nsga50k2x	I3	751614	70	4	0.6616	0.4345	0.0116	
nsga50k2x	I3	752142	68	0	0.6970	0.4123	0.0118	
nsga50k2x	I3	747995	69	4	0.6307	0.4251	0.0098	
nsga50k2x	I3	745005	65	3	0.7176	0.4343	0.0124	
nsga50k2x	I3	747281	77	0	0.6839	0.4031	0.0108	
nsga50k2x	I3	750805	63	2	0.7099	0.3979	0.0159	
nsga50k2x	I3	745419	68	2	0.5169	0.4127	0.0090	
nsga50k2x	I3	750721	72	3	0.6313	0.4244	0.0095	
nsga50k2x	I3	757079	64	3	0.6537	0.4158	0.0199	
nsga50k2x	I3	750131	74	1	0.7870	0.4115	0.0178	
nsga50k2x	I3	749381	59	3	0.6738	0.4378	0.0093	
nsga50k2x	I3	750029	65	3	0.6622	0.4355	0.0091	
nsga50k2x	I3	746973	54	5	0.6632	0.4297	0.0129	
nsga50k2x	I3	749123	61	2	0.6172	0.4256	0.0126	
nsga50k2x	I3	750252	74	4	0.7233	0.4369	0.0114	
nsga50k2x	I3	747584	60	1	0.5852	0.4327	0.0092	
nsga50k2x	I4	478522	118	3	0.5443	0.4815	0.0030	
nsga50k2x	I4	478258	114	2	0.5444	0.4796	0.0031	
nsga50k2x	I4	475657	115	9	0.5161	0.4855	0.0027	
nsga50k2x	I4	477796	119	1	0.5357	0.4754	0.0030	
nsga50k2x	I4	475009	118	4	0.5699	0.4750	0.0042	
nsga50k2x	I4	478496	114	3	0.5552	0.4790	0.0034	
nsga50k2x	I4	477652	120	2	0.5065	0.4820	0.0030	
nsga50k2x	I4	477174	120	6	0.6284	0.4822	0.0030	
nsga50k2x	I4	478493	117	4	0.6150	0.4797	0.0035	
nsga50k2x	I4	478626	120	4	0.6101	0.4811	0.0031	
nsga50k2x	I4	478083	116	3	0.5457	0.4737	0.0037	
nsga50k2x	I4	477719	112	4	0.6586	0.4809	0.0033	
nsga50k2x	I4	476684	118	2	0.6696	0.4790	0.0038	
nsga50k2x	I4	476626	120	4	0.6127	0.4768	0.0034	
nsga50k2x	I4	478521	119	1	0.5612	0.4795	0.0031	
nsga50k2x	I4	478157	120	9	0.5614	0.4832	0.0031	
nsga50k2x	I4	478457	118	4	0.6203	0.4813	0.0029	
nsga50k2x	I4	477727	119	2	0.6005	0.4829	0.0029	
nsga50k2x	I4	478848	117	2	0.6521	0.4805	0.0030	
nsga50k2x	I4	477060	119	2	0.6187	0.4812	0.0029	
nsga50k2x	I4	475661	120	3	0.5945	0.4754	0.0032	
nsga50k2x	I4	477818	120	0	0.5365	0.4707	0.0034	
nsga50k2x	I4	476743	117	1	0.4978	0.4733	0.0035	
nsga50k2x	I4	478021	117	5	0.6315	0.4841	0.0029	
nsga50k2x	I4	477681	111	5	0.6439	0.4783	0.0035	
nsga50k2x	I4	476973	117	2	0.5477	0.4711	0.0036	
nsga50k2x	I4	479351	116	4	0.5133	0.4772	0.0031	
nsga50k2x	I4	477667	117	9	0.6137	0.4873	0.0026	
nsga50k2x	I4	474235	118	1	0.5713	0.4765	0.0036	
nsga50k2x	I4	479025	120	2	0.5338	0.4793	0.0029	
nsga50k2x	I4	477392	120	10	0.5531	0.4770	0.0030	
nsga50k2x	I4	477547	113	4	0.5849	0.4801	0.0036	
nsga50k2x	I4	477094	117	6	0.5937	0.4753	0.0040	
nsga50k2x	I4	477635	114	1	0.6127	0.4799	0.0034	
nsga50k2x	I4	476913	115	4	0.6053	0.4785	0.0031	
nsga50k2x	I4	476617	120	0	0.5973	0.4670	0.0043	
nsga50k2x	I4	478793	112	4	0.5901	0.4822	0.0030	
nsga50k2x	I4	478334	113	0	0.6081	0.4831	0.0028	
nsga50k2x	I4	477575	120	1	0.5619	0.4758	0.0033	
nsga50k2x	I4	478801	120	0	0.5702	0.4792	0.0030	
nsga50k2x	I4	476966	115	14	0.6631	0.4871	0.0029	
nsga50k2x	I4	476827	117	5	0.5837	0.4843	0.0027	
nsga50k2x	I4	476901	115	4	0.6028	0.4821	0.0040	
nsga50k2x	I4	477142	116	5	0.5636	0.4816	0.0032	
nsga50k2x	I4	477644	111	1	0.6440	0.4754	0.0036	
nsga50k2x	I4	476859	120	4	0.6470	0.4816	0.0039	
nsga50k2x	I4	479474	120	4	0.5815	0.4859	0.0027	
nsga50k2x	I4	476740	102	5	0.5921	0.4805	0.0035	
nsga50k2x	I4	478146	119	1	0.5069	0.4768	0.0031	
nsga50k2x	I4	477554	119	1	0.5219	0.4751	0.0032	
nsga50k2x	I5	206497	86	1	0.5272	0.4922	0.0038	
nsga50k2x	I5	206078	88	1	0.4663	0.4888	0.0038	
nsga50k2x	I5	207757	88	1	0.6023	0.4939	0.0037	
nsga50k2x	I5	206850	88	7	0.5035	0.5038	0.0029	
nsga50k2x	I5	208146	84	6	0.5228	0.4897	0.0040	
nsga50k2x	I5	207015	88	12	0.5896	0.5055	0.0033	
nsga50k2x	I5	207083	87	2	0.5648	0.4961	0.0036	
nsga50k2x	I5	206057	88	7	0.4247	0.4867	0.0039	
nsga50k2x	I5	207425	88	10	0.4938	0.5054	0.0028	
nsga50k2x	I5	207361	88	13	0.5231	0.5080	0.0031	
nsga50k2x	I5	207213	87	2	0.5128	0.4898	0.0041	
nsga50k2x	I5	206643	88	5	0.5824	0.4961	0.0033	
nsga50k2x	I5	207914	88	6	0.5177	0.4936	0.0035	
nsga50k2x	I5	206696	82	7	0.5382	0.4976	0.0038	
nsga50k2x	I5	207111	85	5	0.5407	0.4970	0.0035	
nsga50k2x	I5	207646	86	2	0.5624	0.4932	0.0034	
nsga50k2x	I5	207258	87	0	0.5719	0.4761	0.0050	
nsga50k2x	I5	207185	88	2	0.5015	0.4912	0.0035	
nsga50k2x	I5	208392	87	5	0.5431	0.5015	0.0029	
nsga50k2x	I5	206022	86	0	0.4871	0.4885	0.0035	
nsga50k2x	I5	207220	88	1	0.4787	0.4875	0.0041	
nsga50k2x	I5	207258	88	2	0.5894	0.4907	0.0038	
nsga50k2x	I5	207336	88	1	0.4653	0.4919	0.0039	
nsga50k2x	I5	206975	88	3	0.5142	0.4942	0.0040	
nsga50k2x	I5	207692	88	0	0.4639	0.4820	0.0049	
nsga50k2x	I5	206303	88	3	0.4826	0.4946	0.0031	
nsga50k2x	I5	206876	88	6	0.5425	0.4962	0.0039	
nsga50k2x	I5	207859	87	3	0.5239	0.4966	0.0031	
nsga50k2x	I5	207537	88	3	0.5308	0.4943	0.0035	
nsga50k2x	I5	207447	87	3	0.5429	0.4860	0.0039	
nsga50k2x	I5	206574	88	2	0.5471	0.4867	0.0040	
nsga50k2x	I5	205968	88	1	0.4890	0.4908	0.0037	
nsga50k2x	I5	207122	88	3	0.5439	0.4924	0.0034	
nsga50k2x	I5	207121	85	1	0.4348	0.4922	0.0032	
nsga50k2x	I5	208273	88	2	0.5344	0.4924	0.0035	
nsga50k2x	I5	207227	88	4	0.6030	0.5049	0.0031	
nsga50k2x	I5	207157	85	4	0.5947	0.4916	0.0041	
nsga50k2x	I5	206560	87	1	0.5207	0.4937	0.0039	
nsga50k2x	I5	206439	88	3	0.4813	0.4885	0.0042	
nsga50k2x	I5	207654	88	0	0.5013	0.4809	0.0052	
nsga50k2x	I5	207253	85	0	0.5792	0.4901	0.0040	
nsga50k2x	I5	206282	87	3	0.5658	0.4913	0.0034	
nsga50k2x	I5	207542	88	3	0.5508	0.4881	0.0041	
nsga50k2x	I5	207049	88	3	0.5346	0.4898	0.0044	
nsga50k2x	I5	207546	88	0	0.5296	0.4855	0.0054	
nsga50k2x	I5	207023	88	0	0.5462	0.4849	0.0043	
nsga50k2x	I5	205964	88	5	0.4837	0.4868	0.0040	
nsga50k2x	I5	206923	88	1	0.5015	0.4879	0.0045	
nsga50k2x	I5	207141	87	0	0.4861	0.4875	0.0037	
nsga50k2x	I5	207743	88	4	0.5248	0.4988	0.0032	