config	inst	time	count	best	spr	hv	gd	
nsga5k	I0	33088	32	0.0000	0.5341	0.3293	0.0329	
nsga5k	I0	30865	37	0.0000	0.6436	0.3330	0.0335	
nsga5k	I0	31015	45	0.0000	0.8313	0.3245	0.0289	
nsga5k	I0	30762	37	0.0000	0.6267	0.3299	0.0320	
nsga5k	I0	31159	45	0.0000	0.8500	0.3616	0.0411	
nsga5k	I0	30882	38	0.0000	0.6883	0.3236	0.0355	
nsga5k	I0	30868	46	0.0000	0.7057	0.3309	0.0266	
nsga5k	I0	31369	37	0.0000	0.6367	0.3259	0.0427	
nsga5k	I0	30920	37	0.0000	0.6628	0.3245	0.0304	
nsga5k	I0	31118	43	0.0000	0.6358	0.3118	0.0316	
nsga5k	I0	30858	39	0.0000	0.6177	0.3385	0.0289	
nsga5k	I0	31031	34	0.0000	0.7924	0.3191	0.0450	
nsga5k	I0	31205	40	0.0000	0.7561	0.3163	0.0323	
nsga5k	I0	31077	27	0.0000	0.6317	0.3326	0.0341	
nsga5k	I0	30916	44	0.0000	0.7407	0.3289	0.0279	
nsga5k	I0	31052	38	0.0000	0.6066	0.3210	0.0295	
nsga5k	I0	31143	40	0.0000	0.8079	0.3545	0.0328	
nsga5k	I0	31069	42	0.0000	0.7195	0.3128	0.0343	
nsga5k	I0	30989	33	0.0000	0.5656	0.3174	0.0328	
nsga5k	I0	31031	31	0.0000	0.6335	0.3345	0.0330	
nsga5k	I0	30875	36	0.0000	0.6371	0.3097	0.0343	
nsga5k	I0	31049	31	0.0000	0.7268	0.3784	0.0307	
nsga5k	I0	30814	44	0.0000	0.5650	0.3037	0.0318	
nsga5k	I0	31166	34	0.0000	0.6886	0.3607	0.0255	
nsga5k	I0	30883	36	0.0000	0.6213	0.2988	0.0361	
nsga5k	I0	30845	46	0.0000	0.7660	0.3117	0.0324	
nsga5k	I0	30795	35	0.0000	0.7442	0.3417	0.0370	
nsga5k	I0	31027	29	0.0000	0.7333	0.3237	0.0368	
nsga5k	I0	31065	32	0.0000	0.7664	0.3054	0.0394	
nsga5k	I0	30150	41	0.0000	0.6856	0.3351	0.0288	
nsga5k	I0	29774	39	0.0000	0.6991	0.3478	0.0300	
nsga5k	I0	29606	39	0.0000	0.7487	0.3286	0.0283	
nsga5k	I0	30077	42	0.0000	0.7479	0.3210	0.0343	
nsga5k	I0	29712	39	0.0000	0.7211	0.3443	0.0291	
nsga5k	I0	29769	46	0.0000	0.6710	0.3594	0.0235	
nsga5k	I0	29349	28	0.0000	0.6579	0.3054	0.0411	
nsga5k	I0	29570	40	0.0000	0.8367	0.3251	0.0335	
nsga5k	I0	29352	35	0.0000	0.7382	0.3489	0.0317	
nsga5k	I0	29429	43	0.0000	0.6512	0.3360	0.0276	
nsga5k	I0	29365	48	0.0000	0.7565	0.3439	0.0262	
nsga5k	I0	29519	30	0.0000	0.6813	0.3610	0.0302	
nsga5k	I0	29509	42	0.0000	0.7899	0.3406	0.0314	
nsga5k	I0	29386	32	0.0000	0.6519	0.2944	0.0399	
nsga5k	I0	29323	46	0.0000	0.6600	0.3117	0.0296	
nsga5k	I0	29274	36	0.0000	0.7573	0.3352	0.0309	
nsga5k	I0	29431	33	0.0000	0.6900	0.3610	0.0304	
nsga5k	I0	29419	35	0.0000	0.6139	0.3374	0.0314	
nsga5k	I0	29340	43	0.0000	0.7039	0.3030	0.0345	
nsga5k	I0	29190	37	0.0000	0.7733	0.3483	0.0358	
nsga5k	I0	29391	37	0.0000	0.6148	0.3342	0.0278	
nsga10k	I0	61631	59	0.0000	0.7288	0.3614	0.0202	
nsga10k	I0	59009	46	0.0000	0.6537	0.3758	0.0208	
nsga10k	I0	59717	54	0.0000	0.6596	0.3773	0.0184	
nsga10k	I0	59267	57	0.0000	0.7151	0.3599	0.0200	
nsga10k	I0	59027	51	0.0000	0.6024	0.3734	0.0187	
nsga10k	I0	59101	51	0.0000	0.6391	0.3572	0.0204	
nsga10k	I0	58651	51	0.0000	0.6801	0.3716	0.0233	
nsga10k	I0	58781	45	0.0000	0.6520	0.4024	0.0176	
nsga10k	I0	59341	47	0.0000	0.6761	0.3879	0.0198	
nsga10k	I0	58842	49	0.0000	0.6205	0.3995	0.0159	
nsga10k	I0	59138	49	0.0000	0.7526	0.3860	0.0172	
nsga10k	I0	59181	43	0.0000	0.6903	0.3597	0.0235	
nsga10k	I0	58879	49	0.0000	0.7497	0.3602	0.0215	
nsga10k	I0	58884	48	0.0000	0.6569	0.3843	0.0185	
nsga10k	I0	58967	43	0.0000	0.8402	0.3825	0.0291	
nsga10k	I0	57765	50	0.0000	0.6672	0.3540	0.0254	
nsga10k	I0	56599	47	0.0000	0.7943	0.3853	0.0301	
nsga10k	I0	56735	51	0.0000	0.7336	0.3689	0.0232	
nsga10k	I0	57517	59	0.0000	0.6311	0.3670	0.0227	
nsga10k	I0	58455	39	0.0000	0.6872	0.3655	0.0221	
nsga10k	I0	58127	54	0.0000	0.6371	0.3806	0.0176	
nsga10k	I0	58236	40	0.0000	0.7231	0.3766	0.0253	
nsga10k	I0	58248	51	0.0000	0.6717	0.3795	0.0190	
nsga10k	I0	57979	53	0.0000	0.6276	0.3870	0.0176	
nsga10k	I0	58290	44	0.0000	0.6808	0.3880	0.0204	
nsga10k	I0	58083	47	0.0000	0.7151	0.3707	0.0203	
nsga10k	I0	57824	46	0.0000	0.6604	0.3830	0.0205	
nsga10k	I0	57826	47	0.0000	0.7144	0.3707	0.0214	
nsga10k	I0	57400	45	0.0000	0.5768	0.3750	0.0213	
nsga10k	I0	57722	44	0.0000	0.6170	0.3867	0.0179	
nsga10k	I0	57942	46	0.0000	0.5654	0.3542	0.0220	
nsga10k	I0	57787	51	0.0000	0.7471	0.3688	0.0243	
nsga10k	I0	57835	46	0.0000	0.8134	0.3690	0.0323	
nsga10k	I0	57493	51	0.0000	0.6191	0.3864	0.0172	
nsga10k	I0	57616	48	0.0000	0.7085	0.4168	0.0152	
nsga10k	I0	57779	48	0.0000	0.7191	0.3960	0.0237	
nsga10k	I0	57320	45	0.0000	0.6363	0.3847	0.0186	
nsga10k	I0	57798	52	0.0000	0.6132	0.3679	0.0190	
nsga10k	I0	57553	48	0.0000	0.6456	0.3844	0.0188	
nsga10k	I0	57709	47	0.0000	0.6007	0.3781	0.0179	
nsga10k	I0	57811	51	0.0000	0.7857	0.3653	0.0266	
nsga10k	I0	57522	44	0.0000	0.5907	0.3978	0.0184	
nsga10k	I0	57691	56	0.0000	0.6137	0.3573	0.0199	
nsga10k	I0	57440	48	0.0000	0.6515	0.3851	0.0185	
nsga10k	I0	57493	47	0.0000	0.6287	0.3704	0.0214	
nsga10k	I0	57721	52	0.0000	0.7094	0.3758	0.0253	
nsga10k	I0	57804	56	0.0000	0.6454	0.3750	0.0193	
nsga10k	I0	57401	48	0.0000	0.7095	0.3768	0.0232	
nsga10k	I0	57352	50	0.0000	0.7496	0.3629	0.0238	
nsga10k	I0	57639	48	0.0000	0.6747	0.3565	0.0262	
nsga20k	I0	122512	59	0.0000	0.6822	0.4143	0.0131	
nsga20k	I0	121145	57	0.0000	0.6173	0.4102	0.0124	
nsga20k	I0	120263	53	0.0000	0.6524	0.4283	0.0134	
nsga20k	I0	119972	62	0.0000	0.5795	0.4171	0.0120	
nsga20k	I0	120339	70	0.0000	0.6825	0.4122	0.0124	
nsga20k	I0	120692	58	0.0000	0.6175	0.4359	0.0107	
nsga20k	I0	120200	54	0.0000	0.6444	0.4249	0.0128	
nsga20k	I0	118317	61	0.0000	0.6648	0.4011	0.0136	
nsga20k	I0	115512	55	0.0000	0.6548	0.4174	0.0123	
nsga20k	I0	114163	63	0.0000	0.6056	0.4191	0.0108	
nsga20k	I0	114030	59	0.0000	0.6119	0.4280	0.0110	
nsga20k	I0	114166	62	0.0000	0.6056	0.4364	0.0106	
nsga20k	I0	113979	77	0.0000	0.6192	0.4173	0.0110	
nsga20k	I0	114543	54	0.0000	0.5601	0.4323	0.0103	
nsga20k	I0	114603	66	0.0000	0.8587	0.4127	0.0136	
nsga20k	I0	113895	53	0.0000	0.6364	0.4030	0.0143	
nsga20k	I0	114227	68	0.0000	0.5809	0.4267	0.0096	
nsga20k	I0	114159	58	0.0000	0.6796	0.3980	0.0148	
nsga20k	I0	114773	57	0.0000	0.6326	0.4101	0.0144	
nsga20k	I0	114625	60	0.0000	0.7619	0.4228	0.0179	
nsga20k	I0	114310	68	0.0000	0.7526	0.4085	0.0150	
nsga20k	I0	114072	65	0.0000	0.7054	0.4189	0.0146	
nsga20k	I0	114148	62	0.0000	0.6256	0.4033	0.0132	
nsga20k	I0	114085	58	0.0000	0.6376	0.4044	0.0146	
nsga20k	I0	114029	62	0.0000	0.6111	0.4161	0.0118	
nsga20k	I0	113249	57	0.0000	0.7268	0.4217	0.0130	
nsga20k	I0	113607	49	0.0000	0.6940	0.4126	0.0177	
nsga20k	I0	113432	61	0.0000	0.7764	0.4164	0.0135	
nsga20k	I0	113282	62	0.0000	0.7361	0.4240	0.0132	
nsga20k	I0	112791	57	0.0000	0.6824	0.4218	0.0131	
nsga20k	I0	113141	57	0.0000	0.7655	0.4245	0.0157	
nsga20k	I0	113454	56	0.0000	0.7701	0.4423	0.0104	
nsga20k	I0	112896	60	0.0000	0.6131	0.4206	0.0112	
nsga20k	I0	113408	55	0.0000	0.5841	0.4196	0.0130	
nsga20k	I0	113440	58	0.0000	0.6324	0.4145	0.0119	
nsga20k	I0	113282	66	0.0000	0.6247	0.4360	0.0104	
nsga20k	I0	113154	44	0.0000	0.6834	0.4114	0.0163	
nsga20k	I0	113840	61	0.0000	0.6604	0.4203	0.0127	
nsga20k	I0	113205	67	0.0000	0.5800	0.4234	0.0104	
nsga20k	I0	113570	52	0.0000	0.6691	0.4257	0.0132	
nsga20k	I0	113254	63	0.0000	0.6133	0.4180	0.0121	
nsga20k	I0	112965	56	0.0000	0.6350	0.4186	0.0114	
nsga20k	I0	112897	55	0.0000	0.5809	0.4191	0.0134	
nsga20k	I0	113531	63	0.0000	0.6584	0.4217	0.0113	
nsga20k	I0	112990	49	0.0000	0.7396	0.4342	0.0161	
nsga20k	I0	113694	58	0.0000	0.6904	0.4271	0.0114	
nsga20k	I0	113649	63	0.0000	0.7085	0.4117	0.0121	
nsga20k	I0	113751	54	0.0085	0.7493	0.4323	0.0182	
nsga20k	I0	113106	62	0.0000	0.6800	0.4104	0.0129	
nsga20k	I0	113058	57	0.0085	0.6460	0.4271	0.0114	
nsga50k	I0	260784	75	0.0171	0.6259	0.4537	0.0068	
nsga50k	I0	192872	67	0.0598	0.6865	0.4734	0.0108	
nsga50k	I0	193045	80	0.0000	0.6533	0.4496	0.0068	
nsga50k	I0	191555	78	0.0085	0.5899	0.4639	0.0058	
nsga50k	I0	193213	76	0.1197	0.6041	0.4812	0.0044	
nsga50k	I0	190540	76	0.0171	0.6626	0.4643	0.0065	
nsga50k	I0	185911	67	0.0342	0.6293	0.4747	0.0056	
nsga50k	I0	187290	75	0.0171	0.7276	0.4595	0.0092	
nsga50k	I0	186670	80	0.0000	0.5906	0.4606	0.0055	
nsga50k	I0	186438	79	0.0085	0.5487	0.4620	0.0051	
nsga50k	I0	187111	70	0.0000	0.6070	0.4587	0.0059	
nsga50k	I0	187044	70	0.0171	0.6563	0.4658	0.0057	
nsga50k	I0	187732	76	0.0427	0.5854	0.4779	0.0050	
nsga50k	I0	186563	73	0.0000	0.5982	0.4587	0.0066	
nsga50k	I0	188540	72	0.0171	0.6487	0.4525	0.0065	
nsga50k	I0	187031	80	0.0000	0.6963	0.4530	0.0079	
nsga50k	I0	186336	80	0.0171	0.7145	0.4578	0.0076	
nsga50k	I0	187254	71	0.0342	0.6322	0.4727	0.0067	
nsga50k	I0	185683	75	0.0171	0.6105	0.4577	0.0060	
nsga50k	I0	187545	71	0.0085	0.6226	0.4592	0.0058	
nsga50k	I0	188136	66	0.0256	0.6870	0.4824	0.0063	
nsga50k	I0	186314	79	0.0171	0.7172	0.4615	0.0068	
nsga50k	I0	187268	65	0.0000	0.5976	0.4645	0.0067	
nsga50k	I0	187422	77	0.0171	0.5957	0.4551	0.0088	
nsga50k	I0	187688	75	0.0171	0.6023	0.4721	0.0056	
nsga50k	I0	187483	80	0.0085	0.6688	0.4627	0.0084	
nsga50k	I0	187188	69	0.0000	0.7046	0.4557	0.0088	
nsga50k	I0	186735	76	0.0427	0.5326	0.4748	0.0042	
nsga50k	I0	186007	68	0.0513	0.6488	0.4706	0.0046	
nsga50k	I0	187032	67	0.0342	0.6482	0.4724	0.0052	
nsga50k	I0	187306	80	0.0171	0.6334	0.4488	0.0080	
nsga50k	I0	186410	70	0.0256	0.5617	0.4774	0.0048	
nsga50k	I0	187067	65	0.0598	0.7201	0.4821	0.0049	
nsga50k	I0	187427	73	0.0000	0.6709	0.4562	0.0067	
nsga50k	I0	186366	67	0.0085	0.6034	0.4614	0.0057	
nsga50k	I0	187066	72	0.0085	0.7360	0.4620	0.0081	
nsga50k	I0	186358	69	0.0342	0.6777	0.4647	0.0074	
nsga50k	I0	187640	65	0.0000	0.6016	0.4604	0.0058	
nsga50k	I0	187165	77	0.0085	0.6416	0.4648	0.0061	
nsga50k	I0	187199	79	0.0171	0.5407	0.4669	0.0051	
nsga50k	I0	187344	74	0.0256	0.7354	0.4643	0.0075	
nsga50k	I0	186866	72	0.0342	0.6569	0.4684	0.0049	
nsga50k	I0	187857	78	0.0171	0.6758	0.4585	0.0133	
nsga50k	I0	186565	80	0.0342	0.5675	0.4661	0.0048	
nsga50k	I0	186292	71	0.0085	0.5381	0.4622	0.0068	
nsga50k	I0	186863	68	0.0000	0.6113	0.4544	0.0070	
nsga50k	I0	186766	80	0.0256	0.6730	0.4658	0.0053	
nsga50k	I0	187337	76	0.0000	0.5431	0.4465	0.0071	
nsga50k	I0	187099	70	0.0000	0.6590	0.4640	0.0068	
nsga50k	I0	186435	69	0.0085	0.6770	0.4688	0.0072	
nsga5k	I1	173462	50	0.0000	0.6659	0.3710	0.0183	
nsga5k	I1	173147	49	0.0000	0.6470	0.3428	0.0213	
nsga5k	I1	172667	48	0.0000	0.6718	0.3540	0.0229	
nsga5k	I1	172545	62	0.0000	0.6127	0.3592	0.0166	
nsga5k	I1	172315	45	0.0000	0.5825	0.3645	0.0186	
nsga5k	I1	173375	52	0.0000	0.6186	0.3485	0.0202	
nsga5k	I1	172826	56	0.0000	0.6752	0.3543	0.0199	
nsga5k	I1	173139	50	0.0000	0.6586	0.3630	0.0187	
nsga5k	I1	172925	45	0.0000	0.6578	0.3664	0.0190	
nsga5k	I1	171503	58	0.0000	0.7839	0.3538	0.0205	
nsga5k	I1	171892	45	0.0000	0.6488	0.3563	0.0211	
nsga5k	I1	171509	54	0.0000	0.6573	0.3358	0.0210	
nsga5k	I1	173038	52	0.0000	0.6403	0.3556	0.0196	
nsga5k	I1	172105	40	0.0000	0.7221	0.3775	0.0220	
nsga5k	I1	171826	58	0.0000	0.6273	0.3527	0.0184	
nsga5k	I1	171288	51	0.0000	0.5665	0.3506	0.0185	
nsga5k	I1	171606	54	0.0000	0.7153	0.3586	0.0186	
nsga5k	I1	171771	39	0.0000	0.7282	0.3802	0.0219	
nsga5k	I1	172420	47	0.0000	0.6705	0.3609	0.0202	
nsga5k	I1	171267	48	0.0000	0.6333	0.3646	0.0182	
nsga5k	I1	171726	53	0.0000	0.6753	0.3708	0.0177	
nsga5k	I1	171536	47	0.0000	0.7225	0.3659	0.0204	
nsga5k	I1	171777	53	0.0000	0.6566	0.3293	0.0234	
nsga5k	I1	172128	51	0.0000	0.6724	0.3526	0.0211	
nsga5k	I1	171151	53	0.0000	0.6033	0.3599	0.0207	
nsga5k	I1	171115	52	0.0000	0.5739	0.3630	0.0193	
nsga5k	I1	170689	59	0.0000	0.6670	0.3519	0.0189	
nsga5k	I1	171408	50	0.0000	0.6388	0.3669	0.0185	
nsga5k	I1	171223	53	0.0000	0.6306	0.3439	0.0201	
nsga5k	I1	171647	58	0.0000	0.6501	0.3560	0.0184	
nsga5k	I1	170762	53	0.0000	0.7618	0.3503	0.0193	
nsga5k	I1	171913	51	0.0000	0.6328	0.3476	0.0219	
nsga5k	I1	171753	48	0.0000	0.5807	0.3597	0.0193	
nsga5k	I1	170499	55	0.0000	0.7121	0.3433	0.0215	
nsga5k	I1	170806	52	0.0000	0.6035	0.3587	0.0183	
nsga5k	I1	171596	56	0.0000	0.6437	0.3478	0.0193	
nsga5k	I1	171541	47	0.0000	0.7290	0.3654	0.0209	
nsga5k	I1	171883	45	0.0000	0.6221	0.3664	0.0205	
nsga5k	I1	171421	49	0.0000	0.6150	0.3644	0.0195	
nsga5k	I1	171750	49	0.0000	0.6384	0.3578	0.0191	
nsga5k	I1	171268	52	0.0000	0.6285	0.3581	0.0184	
nsga5k	I1	171293	51	0.0000	0.6462	0.3569	0.0221	
nsga5k	I1	171468	54	0.0000	0.6205	0.3608	0.0187	
nsga5k	I1	170932	49	0.0000	0.6105	0.3487	0.0204	
nsga5k	I1	171348	45	0.0000	0.6369	0.3452	0.0219	
nsga5k	I1	171017	51	0.0000	0.6174	0.3514	0.0200	
nsga5k	I1	171243	37	0.0000	0.6265	0.3538	0.0217	
nsga5k	I1	171700	54	0.0000	0.6824	0.3315	0.0235	
nsga5k	I1	171063	51	0.0000	0.6959	0.3472	0.0212	
nsga5k	I1	171537	41	0.0000	0.6612	0.3705	0.0222	
nsga10k	I1	340940	61	0.0000	0.6570	0.3915	0.0141	
nsga10k	I1	340785	84	0.0000	0.6342	0.3967	0.0109	
nsga10k	I1	340658	62	0.0000	0.6746	0.3983	0.0124	
nsga10k	I1	339810	72	0.0000	0.6002	0.3803	0.0124	
nsga10k	I1	339299	70	0.0000	0.6503	0.3821	0.0127	
nsga10k	I1	340100	71	0.0000	0.7290	0.4000	0.0115	
nsga10k	I1	340468	66	0.0000	0.6001	0.4005	0.0124	
nsga10k	I1	341134	66	0.0000	0.7269	0.3980	0.0124	
nsga10k	I1	338325	57	0.0000	0.6123	0.3948	0.0131	
nsga10k	I1	336038	63	0.0000	0.6445	0.4082	0.0116	
nsga10k	I1	336839	58	0.0000	0.6029	0.4045	0.0122	
nsga10k	I1	336234	71	0.0000	0.6042	0.4080	0.0108	
nsga10k	I1	336468	59	0.0000	0.5925	0.3851	0.0144	
nsga10k	I1	336637	65	0.0000	0.6346	0.3940	0.0127	
nsga10k	I1	336351	70	0.0000	0.6630	0.4049	0.0110	
nsga10k	I1	336206	74	0.0000	0.6138	0.3792	0.0135	
nsga10k	I1	336870	69	0.0000	0.6726	0.3891	0.0125	
nsga10k	I1	336949	65	0.0000	0.6237	0.3925	0.0133	
nsga10k	I1	336428	67	0.0000	0.6464	0.3889	0.0129	
nsga10k	I1	335987	63	0.0000	0.6783	0.3942	0.0130	
nsga10k	I1	335806	64	0.0000	0.6092	0.3856	0.0134	
nsga10k	I1	335329	74	0.0000	0.6336	0.4007	0.0115	
nsga10k	I1	336710	53	0.0000	0.6733	0.4061	0.0117	
nsga10k	I1	336770	71	0.0000	0.6531	0.3910	0.0119	
nsga10k	I1	338084	61	0.0000	0.6336	0.4000	0.0128	
nsga10k	I1	337088	71	0.0000	0.6368	0.3750	0.0148	
nsga10k	I1	338330	68	0.0000	0.6390	0.4019	0.0123	
nsga10k	I1	337431	63	0.0000	0.6351	0.3913	0.0131	
nsga10k	I1	337001	68	0.0000	0.6074	0.3819	0.0136	
nsga10k	I1	336974	61	0.0000	0.6276	0.3917	0.0129	
nsga10k	I1	337799	58	0.0000	0.6257	0.3959	0.0144	
nsga10k	I1	336136	64	0.0000	0.6065	0.3893	0.0126	
nsga10k	I1	337776	59	0.0000	0.6001	0.3981	0.0131	
nsga10k	I1	337381	66	0.0000	0.6327	0.4114	0.0103	
nsga10k	I1	337263	67	0.0000	0.7070	0.3999	0.0128	
nsga10k	I1	337180	67	0.0000	0.7305	0.3962	0.0126	
nsga10k	I1	336942	61	0.0000	0.7054	0.3978	0.0141	
nsga10k	I1	338105	72	0.0000	0.6301	0.3906	0.0123	
nsga10k	I1	339248	70	0.0000	0.6052	0.3964	0.0118	
nsga10k	I1	337282	52	0.0000	0.5865	0.3863	0.0147	
nsga10k	I1	337709	57	0.0000	0.6546	0.3911	0.0137	
nsga10k	I1	338419	55	0.0000	0.6005	0.3918	0.0148	
nsga10k	I1	336475	60	0.0000	0.6679	0.3985	0.0128	
nsga10k	I1	338653	56	0.0000	0.6901	0.4068	0.0131	
nsga10k	I1	338967	68	0.0000	0.5359	0.3774	0.0136	
nsga10k	I1	337525	79	0.0000	0.6424	0.3973	0.0112	
nsga10k	I1	338038	59	0.0000	0.6273	0.3874	0.0144	
nsga10k	I1	338170	49	0.0000	0.7262	0.3953	0.0150	
nsga10k	I1	337573	53	0.0000	0.6499	0.4060	0.0124	
nsga10k	I1	337510	65	0.0000	0.6512	0.3974	0.0130	
nsga20k	I1	672149	69	0.0000	0.6319	0.4273	0.0093	
nsga20k	I1	673202	74	0.0000	0.6325	0.4373	0.0077	
nsga20k	I1	671675	63	0.0000	0.5884	0.4168	0.0115	
nsga20k	I1	668916	72	0.0000	0.5842	0.4269	0.0085	
nsga20k	I1	671772	78	0.0000	0.6433	0.4272	0.0081	
nsga20k	I1	671237	80	0.0000	0.6511	0.4376	0.0070	
nsga20k	I1	673653	71	0.0000	0.6627	0.4219	0.0089	
nsga20k	I1	664996	87	0.0000	0.6575	0.4241	0.0081	
nsga20k	I1	667339	72	0.0000	0.6281	0.4379	0.0074	
nsga20k	I1	667482	91	0.0000	0.5860	0.4197	0.0080	
nsga20k	I1	668868	85	0.0000	0.6617	0.4288	0.0086	
nsga20k	I1	668826	71	0.0000	0.6889	0.4239	0.0093	
nsga20k	I1	668353	58	0.0000	0.7105	0.4321	0.0088	
nsga20k	I1	664622	84	0.0000	0.6243	0.4259	0.0083	
nsga20k	I1	667570	79	0.0000	0.7017	0.4292	0.0087	
nsga20k	I1	668883	65	0.0000	0.6278	0.4327	0.0085	
nsga20k	I1	665014	79	0.0000	0.5880	0.4209	0.0083	
nsga20k	I1	665206	80	0.0000	0.6358	0.4284	0.0077	
nsga20k	I1	666302	83	0.0000	0.5939	0.4326	0.0080	
nsga20k	I1	669977	73	0.0000	0.5946	0.4268	0.0082	
nsga20k	I1	668389	84	0.0000	0.7243	0.4168	0.0093	
nsga20k	I1	673701	83	0.0000	0.5716	0.4221	0.0083	
nsga20k	I1	677863	80	0.0000	0.6451	0.4274	0.0082	
nsga20k	I1	680399	82	0.0000	0.6133	0.4292	0.0080	
nsga20k	I1	679103	84	0.0000	0.6534	0.4220	0.0092	
nsga20k	I1	677968	79	0.0000	0.6392	0.4315	0.0081	
nsga20k	I1	680032	76	0.0000	0.6327	0.4328	0.0081	
nsga20k	I1	678625	70	0.0000	0.6197	0.4215	0.0092	
nsga20k	I1	680866	91	0.0000	0.6287	0.4139	0.0086	
nsga20k	I1	679243	66	0.0000	0.6405	0.4333	0.0088	
nsga20k	I1	678773	77	0.0000	0.7380	0.4313	0.0087	
nsga20k	I1	676103	88	0.0000	0.5583	0.4261	0.0075	
nsga20k	I1	677584	83	0.0000	0.6332	0.4282	0.0080	
nsga20k	I1	680135	74	0.0072	0.6783	0.4308	0.0089	
nsga20k	I1	676406	81	0.0000	0.6622	0.4317	0.0083	
nsga20k	I1	676510	71	0.0000	0.6093	0.4322	0.0084	
nsga20k	I1	677100	78	0.0000	0.5968	0.4228	0.0090	
nsga20k	I1	676152	80	0.0000	0.6170	0.4273	0.0078	
nsga20k	I1	675766	80	0.0144	0.6618	0.4377	0.0082	
nsga20k	I1	674022	78	0.0072	0.5823	0.4342	0.0078	
nsga20k	I1	677564	72	0.0000	0.5998	0.4274	0.0087	
nsga20k	I1	676214	83	0.0000	0.5876	0.4217	0.0083	
nsga20k	I1	643165	86	0.0000	0.7841	0.4208	0.0100	
nsga20k	I1	443597	68	0.0072	0.6025	0.4260	0.0093	
nsga20k	I1	442912	69	0.0000	0.5493	0.4219	0.0085	
nsga20k	I1	446238	68	0.0000	0.6455	0.4364	0.0079	
nsga20k	I1	443415	82	0.0000	0.6443	0.4363	0.0072	
nsga20k	I1	444827	68	0.0072	0.5806	0.4329	0.0082	
nsga20k	I1	443538	85	0.0000	0.6434	0.4112	0.0091	
nsga20k	I1	445847	67	0.0000	0.6153	0.4346	0.0081	
nsga50k	I1	1098460	88	0.0144	0.6968	0.4726	0.0042	
nsga50k	I1	1100129	88	0.0144	0.5992	0.4640	0.0043	
nsga50k	I1	1096114	88	0.0216	0.6012	0.4727	0.0041	
nsga50k	I1	1098150	115	0.0144	0.5671	0.4602	0.0041	
nsga50k	I1	1097285	101	0.0144	0.5598	0.4566	0.0045	
nsga50k	I1	1096857	93	0.0360	0.6643	0.4789	0.0038	
nsga50k	I1	1095407	95	0.0216	0.6019	0.4575	0.0047	
nsga50k	I1	1101591	100	0.0432	0.6969	0.4694	0.0050	
nsga50k	I1	1099697	95	0.0216	0.6164	0.4691	0.0039	
nsga50k	I1	1092858	87	0.0432	0.5544	0.4720	0.0040	
nsga50k	I1	1098637	120	0.0000	0.6223	0.4467	0.0047	
nsga50k	I1	1099963	82	0.0216	0.6475	0.4666	0.0052	
nsga50k	I1	1095877	100	0.0144	0.7175	0.4636	0.0053	
nsga50k	I1	1098877	96	0.0000	0.6530	0.4613	0.0043	
nsga50k	I1	1099493	95	0.0072	0.6607	0.4651	0.0046	
nsga50k	I1	1099527	94	0.0144	0.6417	0.4627	0.0047	
nsga50k	I1	1099130	87	0.0072	0.5998	0.4598	0.0051	
nsga50k	I1	1103098	100	0.0216	0.6197	0.4676	0.0040	
nsga50k	I1	1097308	108	0.0000	0.6431	0.4546	0.0045	
nsga50k	I1	1101456	97	0.0072	0.6089	0.4610	0.0044	
nsga50k	I1	1094419	109	0.0072	0.5760	0.4559	0.0044	
nsga50k	I1	1097901	88	0.0216	0.6258	0.4603	0.0052	
nsga50k	I1	1094957	96	0.0216	0.6099	0.4724	0.0043	
nsga50k	I1	1097405	91	0.0072	0.5677	0.4666	0.0043	
nsga50k	I1	1098278	83	0.0216	0.6399	0.4648	0.0041	
nsga50k	I1	1101191	93	0.0000	0.6343	0.4615	0.0049	
nsga50k	I1	1096362	101	0.0144	0.6652	0.4676	0.0043	
nsga50k	I1	1095377	96	0.0216	0.6439	0.4624	0.0043	
nsga50k	I1	1097014	90	0.0360	0.6708	0.4669	0.0044	
nsga50k	I1	1093206	83	0.0144	0.5888	0.4712	0.0043	
nsga50k	I1	1099063	97	0.0288	0.5765	0.4638	0.0045	
nsga50k	I1	1101036	94	0.0144	0.5860	0.4676	0.0043	
nsga50k	I1	1096799	103	0.0216	0.6628	0.4691	0.0045	
nsga50k	I1	1285359	82	0.0216	0.6378	0.4708	0.0045	
nsga50k	I1	1213972	95	0.0072	0.6111	0.4685	0.0045	
nsga50k	I1	1103769	92	0.0000	0.5800	0.4509	0.0051	
nsga50k	I1	1110688	86	0.0288	0.6634	0.4685	0.0043	
nsga50k	I1	1105700	105	0.0144	0.6741	0.4646	0.0041	
nsga50k	I1	1104035	86	0.0432	0.6188	0.4712	0.0044	
nsga50k	I1	1105009	93	0.0072	0.5743	0.4668	0.0043	
nsga50k	I1	1101761	93	0.0576	0.6325	0.4690	0.0042	
nsga50k	I1	1103736	103	0.0360	0.7509	0.4619	0.0054	
nsga50k	I1	1105183	91	0.0432	0.5957	0.4689	0.0041	
nsga50k	I1	1108797	92	0.0144	0.6205	0.4651	0.0041	
nsga50k	I1	1107660	93	0.0144	0.6087	0.4663	0.0046	
nsga50k	I1	1108256	102	0.0000	0.5930	0.4614	0.0048	
nsga50k	I1	1105925	98	0.0072	0.5780	0.4724	0.0036	
nsga50k	I1	1108460	87	0.0504	0.6540	0.4717	0.0039	
nsga50k	I1	1109426	94	0.0144	0.6007	0.4708	0.0042	
nsga50k	I1	1122209	98	0.0288	0.6695	0.4665	0.0045	
nsga5k	I2	196333	34	0.0000	0.7642	0.2813	0.0479	
nsga5k	I2	197121	23	0.0000	0.6140	0.3064	0.0450	
nsga5k	I2	196871	23	0.0000	0.7234	0.3131	0.0502	
nsga5k	I2	197392	22	0.0000	0.7178	0.3276	0.0451	
nsga5k	I2	197433	23	0.0000	0.7287	0.3212	0.0519	
nsga5k	I2	197473	24	0.0000	0.7102	0.3296	0.0428	
nsga5k	I2	197553	27	0.0000	0.6849	0.3026	0.0417	
nsga5k	I2	196899	22	0.0000	0.6408	0.3480	0.0433	
nsga5k	I2	197040	27	0.0000	0.8141	0.3188	0.0426	
nsga5k	I2	196965	24	0.0000	0.6838	0.3192	0.0499	
nsga5k	I2	197097	28	0.0000	0.6144	0.2930	0.0469	
nsga5k	I2	197053	38	0.0000	0.6248	0.3189	0.0356	
nsga5k	I2	197636	28	0.0000	0.6531	0.3059	0.0432	
nsga5k	I2	196719	27	0.0000	0.7058	0.3427	0.0400	
nsga5k	I2	197359	33	0.0000	0.5422	0.3072	0.0395	
nsga5k	I2	197387	27	0.0000	0.6650	0.3247	0.0454	
nsga5k	I2	196923	24	0.0000	0.6864	0.3174	0.0407	
nsga5k	I2	196600	19	0.0000	0.6303	0.3351	0.0424	
nsga5k	I2	197152	36	0.0000	0.6786	0.3120	0.0381	
nsga5k	I2	197032	28	0.0000	0.6104	0.3001	0.0433	
nsga5k	I2	197343	23	0.0000	0.6326	0.3243	0.0429	
nsga5k	I2	196674	22	0.0000	0.6401	0.3225	0.0465	
nsga5k	I2	196844	32	0.0000	0.6909	0.3389	0.0351	
nsga5k	I2	196941	35	0.0000	0.7386	0.3041	0.0388	
nsga5k	I2	196862	26	0.0000	0.7156	0.3214	0.0481	
nsga5k	I2	197126	28	0.0000	0.5575	0.3407	0.0359	
nsga5k	I2	196798	33	0.0000	0.8149	0.3218	0.0414	
nsga5k	I2	197452	26	0.0000	0.6555	0.3545	0.0401	
nsga5k	I2	196615	32	0.0000	0.7556	0.3353	0.0393	
nsga5k	I2	197258	27	0.0000	0.6707	0.3097	0.0433	
nsga5k	I2	196748	32	0.0000	0.7512	0.2989	0.0456	
nsga5k	I2	196787	25	0.0000	0.7146	0.3334	0.0376	
nsga5k	I2	196817	30	0.0000	0.7439	0.3345	0.0444	
nsga5k	I2	197119	20	0.0000	0.6895	0.3203	0.0476	
nsga5k	I2	196793	28	0.0000	0.8899	0.3240	0.0470	
nsga5k	I2	196982	28	0.0000	0.6564	0.2969	0.0451	
nsga5k	I2	197043	29	0.0000	0.7635	0.3049	0.0481	
nsga5k	I2	196983	26	0.0000	0.6426	0.3212	0.0440	
nsga5k	I2	197023	28	0.0000	0.7256	0.3240	0.0393	
nsga5k	I2	197098	29	0.0000	0.6209	0.3419	0.0396	
nsga5k	I2	196746	29	0.0000	0.7466	0.3124	0.0406	
nsga5k	I2	196925	26	0.0000	0.7410	0.3200	0.0441	
nsga5k	I2	196841	25	0.0000	0.6008	0.3383	0.0383	
nsga5k	I2	197029	26	0.0000	0.8256	0.3412	0.0393	
nsga5k	I2	197418	29	0.0000	0.7303	0.3098	0.0418	
nsga5k	I2	197169	25	0.0000	0.7117	0.3248	0.0409	
nsga5k	I2	197511	18	0.0000	0.7386	0.3708	0.0400	
nsga5k	I2	197063	27	0.0000	0.7256	0.3425	0.0417	
nsga5k	I2	196451	19	0.0000	0.6565	0.3276	0.0530	
nsga5k	I2	196751	29	0.0000	0.7663	0.3466	0.0359	
nsga10k	I2	390928	49	0.0000	0.6998	0.3906	0.0241	
nsga10k	I2	394033	30	0.0000	0.6712	0.3940	0.0278	
nsga10k	I2	393673	37	0.0000	0.6538	0.3696	0.0270	
nsga10k	I2	394805	37	0.0000	0.8131	0.3804	0.0325	
nsga10k	I2	394249	42	0.0000	0.6082	0.3822	0.0244	
nsga10k	I2	393833	50	0.0000	0.6966	0.3576	0.0253	
nsga10k	I2	393754	27	0.0000	0.6625	0.4026	0.0333	
nsga10k	I2	394728	40	0.0000	0.7852	0.3669	0.0267	
nsga10k	I2	393494	41	0.0000	0.8902	0.3799	0.0282	
nsga10k	I2	394001	37	0.0000	0.6842	0.3722	0.0274	
nsga10k	I2	393676	43	0.0000	0.7199	0.3860	0.0230	
nsga10k	I2	394099	42	0.0000	0.6506	0.3920	0.0256	
nsga10k	I2	393241	40	0.0000	0.8262	0.3824	0.0239	
nsga10k	I2	393631	32	0.0000	0.6358	0.3971	0.0253	
nsga10k	I2	393323	30	0.0000	0.6398	0.3927	0.0280	
nsga10k	I2	394132	26	0.0000	0.6303	0.3913	0.0266	
nsga10k	I2	393597	38	0.0000	0.8781	0.3751	0.0291	
nsga10k	I2	393647	40	0.0000	0.7144	0.3493	0.0276	
nsga10k	I2	393800	36	0.0000	0.6758	0.3763	0.0247	
nsga10k	I2	394753	33	0.0000	0.5620	0.3748	0.0277	
nsga10k	I2	394124	35	0.0000	0.7129	0.3774	0.0311	
nsga10k	I2	393607	34	0.0000	0.6660	0.3772	0.0302	
nsga10k	I2	394113	39	0.0000	0.6471	0.3930	0.0248	
nsga10k	I2	393863	33	0.0000	0.6323	0.3570	0.0285	
nsga10k	I2	393300	35	0.0000	0.6638	0.3639	0.0276	
nsga10k	I2	392291	33	0.0000	0.6609	0.3772	0.0267	
nsga10k	I2	391606	39	0.0000	0.6371	0.3850	0.0263	
nsga10k	I2	392726	35	0.0000	0.6711	0.3979	0.0261	
nsga10k	I2	391967	42	0.0000	0.6801	0.3816	0.0239	
nsga10k	I2	392363	30	0.0000	0.6038	0.3916	0.0270	
nsga10k	I2	391075	35	0.0000	0.6685	0.3901	0.0259	
nsga10k	I2	391618	41	0.0000	0.7575	0.3805	0.0268	
nsga10k	I2	392651	39	0.0000	0.6730	0.3925	0.0238	
nsga10k	I2	392248	32	0.0000	0.5931	0.4023	0.0242	
nsga10k	I2	391033	41	0.0000	0.7671	0.3837	0.0267	
nsga10k	I2	391244	33	0.0000	0.7084	0.3654	0.0297	
nsga10k	I2	390570	40	0.0000	0.6404	0.3814	0.0263	
nsga10k	I2	344736	36	0.0000	0.7301	0.3747	0.0284	
nsga10k	I2	258766	37	0.0000	0.5878	0.3691	0.0275	
nsga10k	I2	257826	36	0.0000	0.6934	0.3932	0.0244	
nsga10k	I2	259268	31	0.0000	0.6490	0.3818	0.0279	
nsga10k	I2	259103	40	0.0000	0.6690	0.3865	0.0235	
nsga10k	I2	258414	39	0.0000	0.7609	0.3698	0.0287	
nsga10k	I2	258061	42	0.0000	0.7471	0.3731	0.0246	
nsga10k	I2	258516	37	0.0000	0.6789	0.3794	0.0262	
nsga10k	I2	258340	48	0.0000	0.6924	0.3798	0.0216	
nsga10k	I2	257902	42	0.0000	0.7560	0.3824	0.0285	
nsga10k	I2	258149	35	0.0000	0.7002	0.3689	0.0278	
nsga10k	I2	258732	33	0.0000	0.7399	0.3873	0.0278	
nsga10k	I2	257409	38	0.0000	0.6594	0.3924	0.0256	
nsga20k	I2	515766	38	0.0000	0.6273	0.4415	0.0192	
nsga20k	I2	515746	43	0.0111	0.5689	0.4206	0.0174	
nsga20k	I2	515660	56	0.0000	0.7199	0.4315	0.0156	
nsga20k	I2	517038	42	0.0000	0.6112	0.4288	0.0161	
nsga20k	I2	517370	46	0.0000	0.7148	0.4274	0.0178	
nsga20k	I2	516865	45	0.0000	0.6263	0.4225	0.0172	
nsga20k	I2	516809	37	0.0111	0.6399	0.4622	0.0136	
nsga20k	I2	516650	42	0.0000	0.5712	0.4293	0.0166	
nsga20k	I2	518544	41	0.0000	0.6974	0.4414	0.0157	
nsga20k	I2	515888	39	0.0000	0.6362	0.4571	0.0153	
nsga20k	I2	516602	48	0.0000	0.6962	0.4338	0.0164	
nsga20k	I2	516181	40	0.0000	0.7283	0.4349	0.0184	
nsga20k	I2	516281	44	0.0000	0.8219	0.4321	0.0200	
nsga20k	I2	517968	45	0.0111	0.6566	0.4191	0.0197	
nsga20k	I2	515703	49	0.0000	0.6086	0.4195	0.0165	
nsga20k	I2	517103	40	0.0000	0.6454	0.4399	0.0156	
nsga20k	I2	516900	38	0.0000	0.6269	0.4347	0.0174	
nsga20k	I2	517136	37	0.0000	0.7103	0.4427	0.0202	
nsga20k	I2	516757	35	0.0111	0.5944	0.4510	0.0175	
nsga20k	I2	516702	44	0.0000	0.7640	0.4221	0.0193	
nsga20k	I2	516643	43	0.0000	0.6617	0.4207	0.0184	
nsga20k	I2	516818	43	0.0000	0.6068	0.4382	0.0154	
nsga20k	I2	515009	50	0.0000	0.6895	0.4265	0.0166	
nsga20k	I2	517361	33	0.0000	0.6311	0.4240	0.0191	
nsga20k	I2	515046	45	0.0000	0.6670	0.4485	0.0151	
nsga20k	I2	515602	43	0.0111	0.7570	0.4374	0.0176	
nsga20k	I2	514410	51	0.0000	0.7472	0.4166	0.0170	
nsga20k	I2	514668	45	0.0000	0.6027	0.4315	0.0168	
nsga20k	I2	517566	39	0.0000	0.6287	0.4360	0.0174	
nsga20k	I2	517547	35	0.0000	0.5528	0.4410	0.0158	
nsga20k	I2	516086	43	0.0000	0.6737	0.4272	0.0188	
nsga20k	I2	515380	42	0.0000	0.5988	0.4326	0.0163	
nsga20k	I2	516357	53	0.0000	0.6325	0.4345	0.0159	
nsga20k	I2	516756	46	0.0000	0.6475	0.4313	0.0163	
nsga20k	I2	517395	37	0.0000	0.5953	0.4323	0.0190	
nsga20k	I2	516894	42	0.0000	0.7423	0.4390	0.0165	
nsga20k	I2	517147	52	0.0000	0.5894	0.4228	0.0156	
nsga20k	I2	493951	35	0.0222	0.5284	0.4688	0.0159	
nsga20k	I2	469125	43	0.0000	0.7240	0.4333	0.0171	
nsga20k	I2	468239	52	0.0000	0.6558	0.4165	0.0169	
nsga20k	I2	468643	35	0.0000	0.7434	0.4557	0.0139	
nsga20k	I2	468098	53	0.0000	0.8626	0.4235	0.0184	
nsga20k	I2	467092	40	0.0000	0.8090	0.4090	0.0223	
nsga20k	I2	467365	51	0.0000	0.6553	0.4272	0.0155	
nsga20k	I2	469054	46	0.0000	0.7231	0.4357	0.0170	
nsga20k	I2	469742	37	0.0000	0.6833	0.4462	0.0168	
nsga20k	I2	467724	43	0.0000	0.6194	0.4179	0.0186	
nsga20k	I2	467565	44	0.0000	0.7306	0.4166	0.0167	
nsga20k	I2	466847	44	0.0000	0.5001	0.4230	0.0175	
nsga20k	I2	468285	43	0.0000	0.6730	0.4388	0.0150	
nsga50k	I2	1365834	61	0.0222	0.6248	0.4791	0.0097	
nsga50k	I2	1266060	51	0.0444	0.6544	0.4949	0.0093	
nsga50k	I2	1268851	52	0.0111	0.5915	0.4828	0.0095	
nsga50k	I2	1269164	45	0.0111	0.6287	0.4953	0.0082	
nsga50k	I2	1268429	50	0.0778	0.7719	0.5073	0.0086	
nsga50k	I2	1267914	56	0.0333	0.5810	0.5093	0.0065	
nsga50k	I2	1267804	72	0.0000	0.6991	0.4617	0.0099	
nsga50k	I2	1268293	63	0.0111	0.7528	0.4984	0.0099	
nsga50k	I2	1267764	60	0.0111	0.6228	0.4912	0.0086	
nsga50k	I2	1263624	52	0.0111	0.7425	0.4858	0.0117	
nsga50k	I2	1265095	47	0.0111	0.5604	0.4859	0.0093	
nsga50k	I2	1269179	54	0.0111	0.5831	0.4777	0.0091	
nsga50k	I2	1263979	51	0.0111	0.6499	0.4971	0.0087	
nsga50k	I2	1265675	56	0.0000	0.6851	0.4796	0.0099	
nsga50k	I2	1266611	61	0.0000	0.7134	0.4857	0.0087	
nsga50k	I2	1265350	53	0.0111	0.6487	0.4798	0.0094	
nsga50k	I2	1264199	50	0.0222	0.6223	0.4863	0.0097	
nsga50k	I2	1264994	47	0.0111	0.6473	0.4944	0.0085	
nsga50k	I2	1265156	55	0.0111	0.7134	0.4830	0.0110	
nsga50k	I2	1265505	53	0.0333	0.6462	0.4947	0.0084	
nsga50k	I2	1265362	51	0.0333	0.7691	0.4985	0.0087	
nsga50k	I2	1263516	54	0.0111	0.7496	0.4961	0.0081	
nsga50k	I2	1266423	61	0.0222	0.5392	0.4738	0.0097	
nsga50k	I2	1265186	47	0.0000	0.6123	0.4855	0.0106	
nsga50k	I2	1267084	59	0.0222	0.5701	0.4956	0.0085	
nsga50k	I2	1263880	67	0.0111	0.7416	0.4856	0.0096	
nsga50k	I2	1267132	68	0.0000	0.6452	0.4716	0.0097	
nsga50k	I2	1268118	58	0.0333	0.6838	0.4923	0.0082	
nsga50k	I2	1265644	54	0.0000	0.5661	0.4854	0.0083	
nsga50k	I2	1264805	58	0.0667	0.7007	0.5034	0.0094	
nsga50k	I2	1263826	62	0.0111	0.5925	0.4885	0.0086	
nsga50k	I2	1268177	55	0.0444	0.6024	0.4930	0.0095	
nsga50k	I2	1264813	60	0.0222	0.5656	0.4925	0.0087	
nsga50k	I2	1265068	56	0.0000	0.6221	0.4687	0.0095	
nsga50k	I2	1262728	62	0.0111	0.5977	0.4669	0.0109	
nsga50k	I2	1267144	58	0.0333	0.6073	0.4949	0.0076	
nsga50k	I2	1508470	55	0.0000	0.6907	0.4779	0.0086	
nsga50k	I2	1323884	51	0.0111	0.6989	0.4935	0.0091	
nsga50k	I2	1271455	63	0.0111	0.7100	0.4725	0.0091	
nsga50k	I2	1270622	53	0.0000	0.6291	0.4920	0.0085	
nsga50k	I2	1270624	57	0.0111	0.6732	0.4835	0.0104	
nsga50k	I2	1270222	54	0.0444	0.7179	0.5042	0.0088	
nsga50k	I2	1273894	50	0.0111	0.6593	0.4914	0.0079	
nsga50k	I2	1271576	46	0.0444	0.7041	0.5013	0.0097	
nsga50k	I2	1274127	58	0.0111	0.7275	0.4888	0.0090	
nsga50k	I2	1271256	56	0.0111	0.7056	0.4832	0.0106	
nsga50k	I2	1270708	56	0.0111	0.7605	0.5030	0.0080	
nsga50k	I2	1272421	58	0.0556	0.6926	0.5046	0.0082	
nsga50k	I2	1272197	52	0.0222	0.6467	0.5018	0.0076	
nsga50k	I2	1268970	57	0.0000	0.6649	0.4901	0.0087	
nsga5k	I3	189573	31	0.0000	0.5971	0.3145	0.0492	
nsga5k	I3	188808	39	0.0000	0.8252	0.2577	0.0491	
nsga5k	I3	190629	30	0.0000	0.7085	0.2711	0.0528	
nsga5k	I3	190995	26	0.0000	0.6694	0.2488	0.0638	
nsga5k	I3	189884	29	0.0000	0.6405	0.2593	0.0587	
nsga5k	I3	189089	32	0.0000	0.5172	0.2768	0.0506	
nsga5k	I3	189835	29	0.0000	0.9379	0.2429	0.0760	
nsga5k	I3	190188	30	0.0000	0.6100	0.3036	0.0477	
nsga5k	I3	190757	30	0.0000	0.6671	0.2608	0.0529	
nsga5k	I3	188012	41	0.0000	0.5614	0.2105	0.0555	
nsga5k	I3	190288	28	0.0000	0.6616	0.2607	0.0560	
nsga5k	I3	189360	27	0.0000	0.6922	0.2926	0.0542	
nsga5k	I3	188870	38	0.0000	0.6440	0.2708	0.0467	
nsga5k	I3	187995	33	0.0000	0.6085	0.2857	0.0499	
nsga5k	I3	189479	36	0.0000	0.6442	0.2684	0.0475	
nsga5k	I3	190456	34	0.0000	0.6125	0.3173	0.0499	
nsga5k	I3	189424	39	0.0000	0.8221	0.2363	0.0632	
nsga5k	I3	189074	28	0.0000	0.6584	0.2791	0.0613	
nsga5k	I3	188059	37	0.0000	0.6685	0.2781	0.0471	
nsga5k	I3	187895	38	0.0000	0.6863	0.2825	0.0480	
nsga5k	I3	189693	37	0.0000	0.7550	0.2372	0.0618	
nsga5k	I3	191460	27	0.0000	0.7056	0.2551	0.0625	
nsga5k	I3	190769	32	0.0000	0.6490	0.2428	0.0586	
nsga5k	I3	189658	29	0.0000	0.6589	0.2641	0.0587	
nsga5k	I3	189160	33	0.0000	0.5435	0.2633	0.0482	
nsga5k	I3	190341	27	0.0000	0.7457	0.2969	0.0553	
nsga5k	I3	190279	37	0.0000	0.9308	0.2603	0.0862	
nsga5k	I3	189364	36	0.0000	0.5495	0.2403	0.0532	
nsga5k	I3	187301	30	0.0000	0.6876	0.2554	0.0617	
nsga5k	I3	189444	34	0.0000	0.7437	0.2590	0.0581	
nsga5k	I3	190836	37	0.0000	0.6503	0.2535	0.0530	
nsga5k	I3	189518	35	0.0000	0.6985	0.2588	0.0565	
nsga5k	I3	189362	23	0.0000	0.5751	0.3011	0.0563	
nsga5k	I3	189677	34	0.0000	0.8153	0.2340	0.0605	
nsga5k	I3	191300	27	0.0000	0.9558	0.2825	0.1162	
nsga5k	I3	190597	38	0.0000	0.9943	0.2750	0.0710	
nsga5k	I3	190413	37	0.0000	0.8353	0.2552	0.0585	
nsga5k	I3	189026	33	0.0000	0.5027	0.3028	0.0459	
nsga5k	I3	189686	35	0.0000	0.8440	0.2452	0.0559	
nsga5k	I3	189726	27	0.0000	0.7388	0.2885	0.0524	
nsga5k	I3	188938	21	0.0000	0.6852	0.3489	0.0574	
nsga5k	I3	189686	29	0.0000	0.6899	0.3162	0.0555	
nsga5k	I3	190076	34	0.0000	0.8148	0.2681	0.0577	
nsga5k	I3	188481	36	0.0000	0.6857	0.2892	0.0495	
nsga5k	I3	187681	32	0.0000	0.6201	0.3114	0.0516	
nsga5k	I3	190813	36	0.0000	0.6073	0.2820	0.0445	
nsga5k	I3	189185	39	0.0000	0.6719	0.2574	0.0538	
nsga5k	I3	188890	35	0.0000	0.7162	0.2564	0.0534	
nsga5k	I3	190281	28	0.0000	0.8834	0.2651	0.0792	
nsga5k	I3	188286	33	0.0000	0.8407	0.2848	0.0655	
nsga10k	I3	250761	38	0.0000	0.7957	0.3533	0.0327	
nsga10k	I3	249985	36	0.0000	0.5557	0.3548	0.0354	
nsga10k	I3	250097	36	0.0088	0.7962	0.4239	0.0350	
nsga10k	I3	249026	44	0.0000	0.7665	0.3450	0.0352	
nsga10k	I3	248609	48	0.0000	0.9740	0.3714	0.0541	
nsga10k	I3	250022	56	0.0000	0.7312	0.3241	0.0313	
nsga10k	I3	250712	34	0.0088	0.7377	0.4035	0.0328	
nsga10k	I3	248960	45	0.0000	0.6471	0.3422	0.0325	
nsga10k	I3	248852	39	0.0000	0.5506	0.3864	0.0318	
nsga10k	I3	249386	37	0.0000	0.7813	0.3476	0.0336	
nsga10k	I3	250576	43	0.0000	0.7707	0.3431	0.0362	
nsga10k	I3	250191	39	0.0000	0.6070	0.3447	0.0347	
nsga10k	I3	248215	50	0.0000	0.8396	0.3183	0.0343	
nsga10k	I3	248822	45	0.0000	0.6118	0.3550	0.0313	
nsga10k	I3	247929	41	0.0000	0.6898	0.3431	0.0346	
nsga10k	I3	248726	39	0.0000	0.6299	0.3283	0.0357	
nsga10k	I3	247531	48	0.0000	0.8668	0.3574	0.0362	
nsga10k	I3	249812	35	0.0000	0.5122	0.3785	0.0308	
nsga10k	I3	249589	50	0.0000	0.6952	0.3359	0.0340	
nsga10k	I3	249790	41	0.0000	0.5703	0.3317	0.0338	
nsga10k	I3	249782	43	0.0000	0.5471	0.3428	0.0328	
nsga10k	I3	251746	34	0.0000	0.6503	0.3930	0.0315	
nsga10k	I3	248773	39	0.0000	0.5861	0.3316	0.0338	
nsga10k	I3	249900	47	0.0000	0.7714	0.3535	0.0323	
nsga10k	I3	248427	41	0.0000	0.8215	0.3542	0.0378	
nsga10k	I3	250630	38	0.0000	0.7456	0.3472	0.0357	
nsga10k	I3	250018	40	0.0000	0.7446	0.3619	0.0346	
nsga10k	I3	250146	46	0.0000	1.0138	0.3344	0.0592	
nsga10k	I3	250810	34	0.0000	0.5581	0.3535	0.0363	
nsga10k	I3	248754	46	0.0000	0.6789	0.3388	0.0348	
nsga10k	I3	249695	41	0.0000	0.6419	0.3643	0.0319	
nsga10k	I3	249434	45	0.0000	0.6479	0.3359	0.0321	
nsga10k	I3	248183	38	0.0000	0.6386	0.3512	0.0323	
nsga10k	I3	249084	50	0.0000	0.7082	0.3292	0.0334	
nsga10k	I3	250135	36	0.0000	0.6520	0.3607	0.0338	
nsga10k	I3	250482	48	0.0000	0.7975	0.3282	0.0415	
nsga10k	I3	248851	39	0.0000	0.6058	0.3746	0.0309	
nsga10k	I3	250628	38	0.0000	0.9155	0.3696	0.0787	
nsga10k	I3	249790	36	0.0000	0.6459	0.3374	0.0376	
nsga10k	I3	249947	36	0.0000	0.6482	0.3817	0.0312	
nsga10k	I3	249550	40	0.0000	0.7886	0.3574	0.0344	
nsga10k	I3	249622	42	0.0000	0.7865	0.3892	0.0306	
nsga10k	I3	249705	51	0.0000	0.5489	0.3507	0.0291	
nsga10k	I3	251745	35	0.0000	0.6291	0.3675	0.0341	
nsga10k	I3	248938	37	0.0000	0.5990	0.3352	0.0323	
nsga10k	I3	250585	44	0.0000	0.7529	0.3673	0.0399	
nsga10k	I3	247194	38	0.0000	0.7699	0.3589	0.0387	
nsga10k	I3	249012	53	0.0000	0.6996	0.3586	0.0295	
nsga10k	I3	248259	46	0.0000	0.6806	0.3581	0.0309	
nsga10k	I3	250270	44	0.0000	0.6578	0.3180	0.0358	
nsga20k	I3	436881	54	0.0000	0.6351	0.3878	0.0209	
nsga20k	I3	438036	54	0.0000	0.7506	0.3966	0.0224	
nsga20k	I3	442709	53	0.0000	0.7897	0.4031	0.0266	
nsga20k	I3	439067	55	0.0000	0.6096	0.4081	0.0196	
nsga20k	I3	439709	53	0.0000	0.9537	0.4056	0.0487	
nsga20k	I3	436122	67	0.0000	0.6180	0.3947	0.0203	
nsga20k	I3	438949	50	0.0000	0.5804	0.4014	0.0213	
nsga20k	I3	439408	54	0.0000	0.7292	0.4284	0.0199	
nsga20k	I3	442547	59	0.0088	0.8046	0.4041	0.0211	
nsga20k	I3	438529	55	0.0000	0.6582	0.4067	0.0207	
nsga20k	I3	499790	59	0.0000	0.6869	0.3997	0.0207	
nsga20k	I3	552757	46	0.0000	0.6929	0.4066	0.0220	
nsga20k	I3	603241	49	0.0000	0.6368	0.4154	0.0256	
nsga20k	I3	600859	46	0.0000	0.6675	0.4331	0.0226	
nsga20k	I3	580240	45	0.0088	0.6100	0.4116	0.0220	
nsga20k	I3	539827	51	0.0000	0.8231	0.4131	0.0299	
nsga20k	I3	447117	49	0.0000	0.7590	0.4303	0.0246	
nsga20k	I3	444298	49	0.0000	0.7659	0.4128	0.0227	
nsga20k	I3	441552	49	0.0000	0.7647	0.4264	0.0214	
nsga20k	I3	440131	62	0.0000	0.6978	0.4043	0.0192	
nsga20k	I3	439227	51	0.0000	0.6735	0.4287	0.0206	
nsga20k	I3	439290	56	0.0000	0.7139	0.4089	0.0215	
nsga20k	I3	438781	57	0.0000	0.7112	0.4017	0.0209	
nsga20k	I3	440356	44	0.0000	0.5539	0.4213	0.0187	
nsga20k	I3	439831	63	0.0000	0.6705	0.3952	0.0193	
nsga20k	I3	438202	55	0.0000	0.6365	0.4345	0.0185	
nsga20k	I3	437654	48	0.0000	0.5996	0.4154	0.0194	
nsga20k	I3	437234	56	0.0000	0.5965	0.4032	0.0193	
nsga20k	I3	438458	61	0.0088	0.6789	0.4398	0.0175	
nsga20k	I3	441099	62	0.0000	0.6806	0.3871	0.0220	
nsga20k	I3	438031	51	0.0000	0.6109	0.4303	0.0172	
nsga20k	I3	441384	54	0.0000	0.5785	0.3962	0.0206	
nsga20k	I3	441621	55	0.0000	0.8230	0.4074	0.0222	
nsga20k	I3	439950	51	0.0000	0.5656	0.4055	0.0210	
nsga20k	I3	439283	53	0.0000	0.8587	0.4166	0.0300	
nsga20k	I3	436194	54	0.0000	0.6045	0.3937	0.0212	
nsga20k	I3	436823	49	0.0000	0.6837	0.4284	0.0203	
nsga20k	I3	439573	45	0.0000	0.5894	0.4400	0.0188	
nsga20k	I3	440618	59	0.0000	0.7300	0.4001	0.0214	
nsga20k	I3	438448	46	0.0000	0.6302	0.4161	0.0198	
nsga20k	I3	438779	48	0.0088	0.5926	0.4328	0.0205	
nsga20k	I3	438263	57	0.0000	0.7192	0.4127	0.0185	
nsga20k	I3	438502	54	0.0000	0.6467	0.4021	0.0208	
nsga20k	I3	438739	53	0.0000	0.6095	0.4082	0.0205	
nsga20k	I3	441188	46	0.0000	0.7811	0.4048	0.0268	
nsga20k	I3	441193	49	0.0000	0.5655	0.4170	0.0207	
nsga20k	I3	437182	60	0.0000	0.7850	0.4174	0.0251	
nsga20k	I3	439907	62	0.0000	0.8024	0.3818	0.0258	
nsga20k	I3	440052	56	0.0000	0.7989	0.3965	0.0236	
nsga20k	I3	439058	54	0.0000	0.5548	0.4072	0.0187	
nsga50k	I3	1216641	74	0.0354	0.6140	0.4841	0.0093	
nsga50k	I3	1223916	71	0.0265	0.7386	0.4730	0.0106	
nsga50k	I3	1222287	72	0.0265	0.6103	0.4755	0.0099	
nsga50k	I3	1226697	69	0.0088	0.9574	0.4764	0.0248	
nsga50k	I3	1219850	72	0.0088	0.6322	0.4663	0.0101	
nsga50k	I3	1220552	54	0.0177	0.6487	0.5074	0.0087	
nsga50k	I3	1228608	68	0.0177	0.7010	0.4960	0.0096	
nsga50k	I3	1220206	82	0.0000	0.9508	0.4591	0.0203	
nsga50k	I3	1219786	77	0.0088	0.6908	0.4710	0.0111	
nsga50k	I3	1225220	79	0.0265	0.6051	0.4978	0.0077	
nsga50k	I3	1226959	77	0.0354	0.5723	0.4965	0.0082	
nsga50k	I3	1225575	82	0.0177	0.6899	0.4868	0.0077	
nsga50k	I3	1225697	76	0.0177	0.8014	0.4776	0.0150	
nsga50k	I3	1210077	76	0.0000	0.8451	0.4507	0.0194	
nsga50k	I3	1222080	84	0.0088	0.6701	0.4579	0.0110	
nsga50k	I3	1222795	76	0.0000	0.6870	0.4738	0.0098	
nsga50k	I3	1217178	72	0.0000	0.6149	0.4650	0.0102	
nsga50k	I3	1217600	67	0.0265	0.6224	0.4856	0.0078	
nsga50k	I3	1225601	63	0.0088	0.6822	0.4761	0.0097	
nsga50k	I3	1222009	65	0.0265	0.8448	0.4880	0.0166	
nsga50k	I3	1227963	69	0.0177	0.6237	0.5011	0.0096	
nsga50k	I3	1227794	79	0.0088	0.7145	0.4825	0.0088	
nsga50k	I3	1223116	81	0.0000	0.6705	0.4534	0.0118	
nsga50k	I3	1227007	62	0.0442	0.7599	0.4978	0.0087	
nsga50k	I3	1222107	68	0.0177	0.6742	0.4873	0.0090	
nsga50k	I3	1232588	63	0.0354	0.7587	0.4943	0.0113	
nsga50k	I3	1224159	67	0.0000	0.6396	0.4783	0.0102	
nsga50k	I3	1233019	63	0.0442	0.7233	0.4884	0.0126	
nsga50k	I3	1145147	56	0.0442	0.6840	0.5192	0.0083	
nsga50k	I3	745821	62	0.0265	0.6765	0.5026	0.0099	
nsga50k	I3	749805	75	0.0088	0.6292	0.4757	0.0093	
nsga50k	I3	748079	77	0.0000	0.6378	0.4893	0.0086	
nsga50k	I3	748496	65	0.0177	0.6065	0.4554	0.0114	
nsga50k	I3	756407	62	0.0265	0.7263	0.4899	0.0097	
nsga50k	I3	751614	70	0.0354	0.6366	0.5005	0.0086	
nsga50k	I3	752142	68	0.0000	0.6798	0.4756	0.0101	
nsga50k	I3	747995	69	0.0265	0.6782	0.4930	0.0095	
nsga50k	I3	745005	65	0.0265	0.7049	0.4950	0.0088	
nsga50k	I3	747281	77	0.0000	0.6851	0.4661	0.0103	
nsga50k	I3	750805	63	0.0177	0.6926	0.4560	0.0112	
nsga50k	I3	745419	68	0.0177	0.5602	0.4749	0.0087	
nsga50k	I3	750721	72	0.0177	0.6338	0.4806	0.0088	
nsga50k	I3	757079	64	0.0265	0.6295	0.4700	0.0126	
nsga50k	I3	750131	74	0.0088	0.7766	0.4683	0.0133	
nsga50k	I3	749381	59	0.0265	0.6830	0.5007	0.0091	
nsga50k	I3	750029	65	0.0265	0.6728	0.4990	0.0088	
nsga50k	I3	746973	54	0.0442	0.6360	0.4851	0.0107	
nsga50k	I3	749123	61	0.0177	0.5890	0.4880	0.0094	
nsga50k	I3	750252	74	0.0354	0.7061	0.4913	0.0086	
nsga50k	I3	747584	60	0.0088	0.5936	0.4972	0.0089	
nsga5k	I4	72379	55	0.0000	0.6021	0.3755	0.0178	
nsga5k	I4	71651	54	0.0000	0.5953	0.3825	0.0165	
nsga5k	I4	71548	56	0.0000	0.6907	0.3690	0.0177	
nsga5k	I4	71812	63	0.0000	0.6330	0.3813	0.0163	
nsga5k	I4	71838	56	0.0000	0.5915	0.3894	0.0151	
nsga5k	I4	71590	53	0.0000	0.6193	0.3780	0.0163	
nsga5k	I4	71691	75	0.0000	0.5837	0.3778	0.0149	
nsga5k	I4	71746	59	0.0000	0.6712	0.3974	0.0146	
nsga5k	I4	71978	59	0.0000	0.7031	0.3938	0.0151	
nsga5k	I4	71468	54	0.0000	0.5799	0.3933	0.0160	
nsga5k	I4	71754	66	0.0000	0.6949	0.3767	0.0153	
nsga5k	I4	71674	61	0.0000	0.6425	0.3844	0.0149	
nsga5k	I4	72129	62	0.0000	0.6617	0.3792	0.0156	
nsga5k	I4	71567	67	0.0000	0.6713	0.3654	0.0172	
nsga5k	I4	71796	67	0.0000	0.6933	0.3932	0.0145	
nsga5k	I4	71706	65	0.0000	0.6459	0.4006	0.0144	
nsga5k	I4	71921	68	0.0000	0.6824	0.3726	0.0166	
nsga5k	I4	71727	54	0.0000	0.6115	0.4068	0.0153	
nsga5k	I4	71697	58	0.0000	0.5924	0.3670	0.0178	
nsga5k	I4	72019	55	0.0000	0.6351	0.3864	0.0164	
nsga5k	I4	71715	60	0.0000	0.5760	0.3823	0.0153	
nsga5k	I4	72021	67	0.0000	0.6471	0.3929	0.0141	
nsga5k	I4	71743	74	0.0000	0.6206	0.3919	0.0131	
nsga5k	I4	71587	72	0.0000	0.6393	0.3936	0.0134	
nsga5k	I4	71835	64	0.0000	0.6526	0.3987	0.0149	
nsga5k	I4	71816	67	0.0000	0.5733	0.3754	0.0149	
nsga5k	I4	71669	61	0.0000	0.6144	0.3907	0.0150	
nsga5k	I4	71252	62	0.0000	0.6262	0.3978	0.0143	
nsga5k	I4	71423	58	0.0000	0.7388	0.3787	0.0163	
nsga5k	I4	71962	58	0.0000	0.7469	0.3917	0.0171	
nsga5k	I4	71449	71	0.0000	0.5983	0.3609	0.0165	
nsga5k	I4	71475	64	0.0000	0.6993	0.3849	0.0152	
nsga5k	I4	71354	53	0.0000	0.7056	0.3901	0.0166	
nsga5k	I4	71846	65	0.0000	0.6822	0.3919	0.0165	
nsga5k	I4	71738	73	0.0000	0.7036	0.3927	0.0132	
nsga5k	I4	71671	54	0.0000	0.7147	0.3925	0.0155	
nsga5k	I4	71450	48	0.0000	0.6340	0.3951	0.0166	
nsga5k	I4	71629	66	0.0000	0.5755	0.3992	0.0131	
nsga5k	I4	71766	61	0.0000	0.6367	0.3898	0.0154	
nsga5k	I4	71874	61	0.0000	0.6510	0.3773	0.0164	
nsga5k	I4	71540	60	0.0000	0.6495	0.3660	0.0185	
nsga5k	I4	71723	63	0.0000	0.6666	0.3956	0.0160	
nsga5k	I4	72036	55	0.0000	0.6574	0.3742	0.0171	
nsga5k	I4	71645	62	0.0000	0.6084	0.3881	0.0149	
nsga5k	I4	71553	67	0.0000	0.6181	0.3807	0.0165	
nsga5k	I4	71837	58	0.0000	0.6129	0.3814	0.0161	
nsga5k	I4	71714	67	0.0000	0.6713	0.3842	0.0144	
nsga5k	I4	71459	63	0.0000	0.6730	0.3738	0.0166	
nsga5k	I4	71460	55	0.0000	0.7031	0.3895	0.0161	
nsga5k	I4	71512	63	0.0000	0.7320	0.3837	0.0158	
nsga10k	I4	94598	88	0.0000	0.5484	0.4125	0.0100	
nsga10k	I4	94754	81	0.0000	0.6335	0.4298	0.0088	
nsga10k	I4	94999	77	0.0000	0.5749	0.4225	0.0101	
nsga10k	I4	94659	77	0.0000	0.5951	0.4056	0.0121	
nsga10k	I4	95263	82	0.0000	0.6952	0.4182	0.0104	
nsga10k	I4	94797	74	0.0000	0.6442	0.4137	0.0107	
nsga10k	I4	94372	76	0.0000	0.6887	0.4289	0.0096	
nsga10k	I4	94780	68	0.0000	0.6274	0.4190	0.0109	
nsga10k	I4	94749	90	0.0000	0.6436	0.4222	0.0096	
nsga10k	I4	94593	74	0.0000	0.7255	0.4183	0.0109	
nsga10k	I4	94490	76	0.0000	0.6360	0.4210	0.0099	
nsga10k	I4	94475	83	0.0000	0.6873	0.4221	0.0095	
nsga10k	I4	94870	91	0.0000	0.7014	0.4294	0.0085	
nsga10k	I4	94725	73	0.0000	0.7157	0.4137	0.0111	
nsga10k	I4	94741	85	0.0000	0.6383	0.4173	0.0096	
nsga10k	I4	94749	72	0.0000	0.6210	0.4399	0.0084	
nsga10k	I4	94793	71	0.0000	0.5724	0.4224	0.0095	
nsga10k	I4	94899	75	0.0000	0.6151	0.4211	0.0095	
nsga10k	I4	94991	81	0.0000	0.6528	0.4218	0.0103	
nsga10k	I4	94492	70	0.0000	0.6327	0.4209	0.0114	
nsga10k	I4	94640	79	0.0000	0.6218	0.4111	0.0104	
nsga10k	I4	94895	76	0.0000	0.6587	0.4156	0.0110	
nsga10k	I4	94970	74	0.0000	0.5889	0.4163	0.0101	
nsga10k	I4	94773	71	0.0000	0.6629	0.4268	0.0098	
nsga10k	I4	94152	67	0.0000	0.6574	0.4303	0.0096	
nsga10k	I4	94559	77	0.0000	0.6264	0.4237	0.0100	
nsga10k	I4	94789	77	0.0000	0.6018	0.4284	0.0091	
nsga10k	I4	94794	72	0.0000	0.6415	0.4138	0.0108	
nsga10k	I4	94755	75	0.0000	0.6488	0.4176	0.0107	
nsga10k	I4	94417	84	0.0000	0.6311	0.4102	0.0096	
nsga10k	I4	94743	80	0.0000	0.7028	0.4105	0.0116	
nsga10k	I4	94571	68	0.0000	0.6109	0.4266	0.0095	
nsga10k	I4	94585	90	0.0000	0.6318	0.4235	0.0092	
nsga10k	I4	94836	99	0.0000	0.5725	0.4175	0.0087	
nsga10k	I4	95043	75	0.0000	0.6206	0.4263	0.0094	
nsga10k	I4	94240	76	0.0000	0.6148	0.4144	0.0106	
nsga10k	I4	94347	86	0.0000	0.7143	0.4239	0.0087	
nsga10k	I4	94917	76	0.0000	0.6485	0.4230	0.0103	
nsga10k	I4	94650	79	0.0000	0.6065	0.4363	0.0080	
nsga10k	I4	94647	95	0.0000	0.6356	0.4188	0.0090	
nsga10k	I4	94878	77	0.0000	0.6999	0.4189	0.0103	
nsga10k	I4	94147	81	0.0000	0.6591	0.4257	0.0106	
nsga10k	I4	94646	83	0.0000	0.6699	0.4253	0.0100	
nsga10k	I4	95075	76	0.0000	0.5690	0.4221	0.0097	
nsga10k	I4	94653	60	0.0055	0.5676	0.4345	0.0104	
nsga10k	I4	94127	81	0.0000	0.5947	0.4100	0.0100	
nsga10k	I4	94529	84	0.0000	0.5955	0.4175	0.0096	
nsga10k	I4	95212	81	0.0000	0.6310	0.4244	0.0095	
nsga10k	I4	94814	79	0.0000	0.6597	0.4165	0.0103	
nsga10k	I4	94774	72	0.0000	0.6052	0.4144	0.0114	
nsga20k	I4	169090	100	0.0000	0.5911	0.4357	0.0068	
nsga20k	I4	169323	102	0.0000	0.6149	0.4342	0.0072	
nsga20k	I4	168737	92	0.0000	0.6106	0.4508	0.0067	
nsga20k	I4	168768	105	0.0000	0.6333	0.4512	0.0057	
nsga20k	I4	168641	98	0.0000	0.5368	0.4522	0.0057	
nsga20k	I4	168435	84	0.0055	0.5236	0.4457	0.0071	
nsga20k	I4	169724	89	0.0000	0.5672	0.4443	0.0066	
nsga20k	I4	168540	94	0.0055	0.6462	0.4490	0.0072	
nsga20k	I4	169142	107	0.0000	0.5459	0.4491	0.0059	
nsga20k	I4	169799	107	0.0000	0.7228	0.4462	0.0066	
nsga20k	I4	168703	99	0.0000	0.5728	0.4444	0.0063	
nsga20k	I4	169302	102	0.0000	0.5498	0.4378	0.0068	
nsga20k	I4	169173	99	0.0000	0.6645	0.4500	0.0067	
nsga20k	I4	169653	102	0.0000	0.6169	0.4451	0.0061	
nsga20k	I4	168469	95	0.0000	0.6793	0.4596	0.0058	
nsga20k	I4	168973	99	0.0000	0.6145	0.4519	0.0059	
nsga20k	I4	169076	94	0.0000	0.6242	0.4559	0.0056	
nsga20k	I4	169062	85	0.0000	0.6534	0.4542	0.0065	
nsga20k	I4	169814	94	0.0000	0.6489	0.4454	0.0069	
nsga20k	I4	169558	102	0.0000	0.5778	0.4421	0.0064	
nsga20k	I4	169497	90	0.0055	0.6078	0.4524	0.0066	
nsga20k	I4	168844	92	0.0000	0.6402	0.4416	0.0065	
nsga20k	I4	169083	92	0.0110	0.7212	0.4525	0.0073	
nsga20k	I4	168818	91	0.0000	0.5581	0.4652	0.0048	
nsga20k	I4	168398	97	0.0000	0.5706	0.4419	0.0065	
nsga20k	I4	168340	91	0.0000	0.6288	0.4467	0.0060	
nsga20k	I4	168681	91	0.0000	0.6269	0.4443	0.0066	
nsga20k	I4	169169	112	0.0000	0.6237	0.4429	0.0059	
nsga20k	I4	168692	101	0.0000	0.6116	0.4494	0.0057	
nsga20k	I4	168922	82	0.0000	0.5528	0.4427	0.0074	
nsga20k	I4	168866	107	0.0000	0.6140	0.4396	0.0065	
nsga20k	I4	169770	85	0.0000	0.5929	0.4496	0.0066	
nsga20k	I4	168004	114	0.0000	0.6082	0.4451	0.0059	
nsga20k	I4	169641	96	0.0000	0.5648	0.4439	0.0064	
nsga20k	I4	169241	100	0.0000	0.5920	0.4375	0.0071	
nsga20k	I4	168899	89	0.0000	0.6134	0.4578	0.0057	
nsga20k	I4	169190	94	0.0000	0.6652	0.4396	0.0074	
nsga20k	I4	169776	98	0.0000	0.5942	0.4466	0.0063	
nsga20k	I4	169644	81	0.0000	0.5748	0.4639	0.0058	
nsga20k	I4	168417	104	0.0000	0.6356	0.4575	0.0057	
nsga20k	I4	169309	97	0.0000	0.6357	0.4573	0.0055	
nsga20k	I4	168810	96	0.0000	0.5923	0.4549	0.0056	
nsga20k	I4	168732	96	0.0000	0.6000	0.4515	0.0060	
nsga20k	I4	169546	93	0.0000	0.5600	0.4401	0.0072	
nsga20k	I4	168775	89	0.0000	0.7059	0.4405	0.0072	
nsga20k	I4	168820	93	0.0000	0.5830	0.4467	0.0064	
nsga20k	I4	169381	99	0.0000	0.6177	0.4534	0.0061	
nsga20k	I4	169627	103	0.0000	0.6243	0.4491	0.0057	
nsga20k	I4	168494	89	0.0000	0.6456	0.4566	0.0067	
nsga20k	I4	168886	105	0.0000	0.5489	0.4448	0.0062	
nsga50k	I4	478522	118	0.0166	0.5443	0.4815	0.0030	
nsga50k	I4	478258	114	0.0110	0.5444	0.4796	0.0031	
nsga50k	I4	475657	115	0.0442	0.5161	0.4855	0.0027	
nsga50k	I4	477796	119	0.0055	0.5357	0.4754	0.0030	
nsga50k	I4	475009	118	0.0221	0.5699	0.4750	0.0042	
nsga50k	I4	478496	114	0.0166	0.5552	0.4790	0.0034	
nsga50k	I4	477652	120	0.0110	0.5065	0.4820	0.0030	
nsga50k	I4	477174	120	0.0331	0.6284	0.4822	0.0030	
nsga50k	I4	478493	117	0.0221	0.6150	0.4797	0.0035	
nsga50k	I4	478626	120	0.0221	0.6101	0.4811	0.0031	
nsga50k	I4	478083	116	0.0166	0.5457	0.4737	0.0037	
nsga50k	I4	477719	112	0.0221	0.6586	0.4809	0.0033	
nsga50k	I4	476684	118	0.0110	0.6696	0.4790	0.0038	
nsga50k	I4	476626	120	0.0221	0.6127	0.4768	0.0034	
nsga50k	I4	478521	119	0.0055	0.5612	0.4795	0.0031	
nsga50k	I4	478157	120	0.0497	0.5614	0.4832	0.0031	
nsga50k	I4	478457	118	0.0221	0.6203	0.4813	0.0030	
nsga50k	I4	477727	119	0.0110	0.6005	0.4829	0.0029	
nsga50k	I4	478848	117	0.0110	0.6521	0.4805	0.0030	
nsga50k	I4	477060	119	0.0110	0.6187	0.4812	0.0029	
nsga50k	I4	475661	120	0.0166	0.5945	0.4754	0.0032	
nsga50k	I4	477818	120	0.0000	0.5365	0.4707	0.0034	
nsga50k	I4	476743	117	0.0055	0.4978	0.4733	0.0035	
nsga50k	I4	478021	117	0.0276	0.6315	0.4841	0.0030	
nsga50k	I4	477681	111	0.0276	0.6439	0.4783	0.0035	
nsga50k	I4	476973	117	0.0110	0.5477	0.4711	0.0036	
nsga50k	I4	479351	116	0.0221	0.5133	0.4772	0.0031	
nsga50k	I4	477667	117	0.0442	0.6137	0.4873	0.0026	
nsga50k	I4	474235	118	0.0055	0.5713	0.4765	0.0036	
nsga50k	I4	479025	120	0.0110	0.5338	0.4793	0.0029	
nsga50k	I4	477392	120	0.0552	0.5531	0.4770	0.0030	
nsga50k	I4	477547	113	0.0221	0.5849	0.4801	0.0036	
nsga50k	I4	477094	117	0.0331	0.5937	0.4753	0.0040	
nsga50k	I4	477635	114	0.0055	0.6127	0.4799	0.0035	
nsga50k	I4	476913	115	0.0221	0.6053	0.4785	0.0031	
nsga50k	I4	476617	120	0.0000	0.5973	0.4670	0.0043	
nsga50k	I4	478793	112	0.0221	0.5901	0.4822	0.0030	
nsga50k	I4	478334	113	0.0000	0.6081	0.4831	0.0028	
nsga50k	I4	477575	120	0.0055	0.5619	0.4758	0.0033	
nsga50k	I4	478801	120	0.0000	0.5702	0.4792	0.0030	
nsga50k	I4	476966	115	0.0773	0.6631	0.4871	0.0029	
nsga50k	I4	476827	117	0.0276	0.5837	0.4843	0.0027	
nsga50k	I4	476901	115	0.0221	0.6028	0.4821	0.0040	
nsga50k	I4	477142	116	0.0276	0.5636	0.4816	0.0032	
nsga50k	I4	477644	111	0.0055	0.6440	0.4754	0.0036	
nsga50k	I4	476859	120	0.0221	0.6470	0.4816	0.0039	
nsga50k	I4	479474	120	0.0221	0.5815	0.4859	0.0028	
nsga50k	I4	476740	102	0.0276	0.5921	0.4805	0.0035	
nsga50k	I4	478146	119	0.0055	0.5069	0.4768	0.0031	
nsga50k	I4	477554	119	0.0055	0.5219	0.4751	0.0032	
nsga5k	I5	31256	54	0.0000	0.6579	0.4044	0.0169	
nsga5k	I5	31381	56	0.0000	0.7447	0.3985	0.0160	
nsga5k	I5	31253	58	0.0000	0.5869	0.3800	0.0182	
nsga5k	I5	31337	43	0.0000	0.6654	0.3755	0.0269	
nsga5k	I5	31172	65	0.0000	0.6944	0.3737	0.0192	
nsga5k	I5	31153	57	0.0000	0.6603	0.4014	0.0150	
nsga5k	I5	31212	61	0.0000	0.7170	0.3880	0.0171	
nsga5k	I5	31337	44	0.0000	0.5828	0.4020	0.0179	
nsga5k	I5	31290	54	0.0000	0.5880	0.3882	0.0181	
nsga5k	I5	31233	52	0.0000	0.6674	0.3804	0.0203	
nsga5k	I5	31122	49	0.0000	0.6146	0.4065	0.0165	
nsga5k	I5	31162	57	0.0000	0.6371	0.3916	0.0179	
nsga5k	I5	31040	55	0.0000	0.6031	0.3822	0.0183	
nsga5k	I5	31290	63	0.0000	0.6313	0.3869	0.0177	
nsga5k	I5	31320	53	0.0000	0.7124	0.3979	0.0162	
nsga5k	I5	31471	61	0.0000	0.6602	0.3860	0.0169	
nsga5k	I5	31324	48	0.0000	0.5593	0.3889	0.0182	
nsga5k	I5	31150	63	0.0000	0.7184	0.3964	0.0151	
nsga5k	I5	31283	55	0.0000	0.5715	0.3941	0.0170	
nsga5k	I5	31340	51	0.0000	0.6301	0.3823	0.0196	
nsga5k	I5	31638	42	0.0000	0.6189	0.4226	0.0153	
nsga5k	I5	31357	54	0.0000	0.6431	0.3941	0.0175	
nsga5k	I5	31347	67	0.0000	0.7088	0.3755	0.0174	
nsga5k	I5	31441	53	0.0000	0.6044	0.4079	0.0150	
nsga5k	I5	31256	59	0.0000	0.5849	0.3858	0.0179	
nsga5k	I5	31099	59	0.0000	0.5841	0.3891	0.0153	
nsga5k	I5	31302	56	0.0000	0.6214	0.3918	0.0171	
nsga5k	I5	31293	56	0.0000	0.5573	0.4025	0.0158	
nsga5k	I5	31390	60	0.0000	0.5992	0.4051	0.0156	
nsga5k	I5	31231	51	0.0000	0.6904	0.4106	0.0158	
nsga5k	I5	31285	55	0.0000	0.6849	0.3962	0.0185	
nsga5k	I5	31272	55	0.0000	0.6101	0.3949	0.0166	
nsga5k	I5	31316	60	0.0000	0.5763	0.3756	0.0181	
nsga5k	I5	31216	62	0.0000	0.6863	0.3886	0.0160	
nsga5k	I5	31155	47	0.0000	0.6474	0.4111	0.0162	
nsga5k	I5	31335	64	0.0000	0.6949	0.3837	0.0157	
nsga5k	I5	31360	55	0.0000	0.6618	0.3968	0.0160	
nsga5k	I5	31219	53	0.0000	0.6395	0.3666	0.0212	
nsga5k	I5	31466	55	0.0000	0.6702	0.4126	0.0149	
nsga5k	I5	31538	66	0.0000	0.5311	0.4006	0.0146	
nsga5k	I5	31257	47	0.0000	0.6572	0.3925	0.0181	
nsga5k	I5	31307	70	0.0000	0.5881	0.3826	0.0163	
nsga5k	I5	31154	54	0.0000	0.7016	0.4155	0.0148	
nsga5k	I5	31463	58	0.0000	0.6329	0.4013	0.0154	
nsga5k	I5	31296	55	0.0000	0.6061	0.3822	0.0174	
nsga5k	I5	31329	49	0.0000	0.7192	0.4005	0.0169	
nsga5k	I5	31244	62	0.0000	0.6641	0.3931	0.0164	
nsga5k	I5	31193	49	0.0000	0.6642	0.3988	0.0179	
nsga5k	I5	31309	53	0.0000	0.6290	0.3927	0.0177	
nsga5k	I5	31263	53	0.0000	0.6585	0.3738	0.0191	
nsga10k	I5	41106	68	0.0000	0.6037	0.4368	0.0099	
nsga10k	I5	41116	59	0.0000	0.5554	0.4505	0.0100	
nsga10k	I5	41239	74	0.0000	0.7368	0.4181	0.0126	
nsga10k	I5	41149	61	0.0000	0.6704	0.4028	0.0143	
nsga10k	I5	41169	70	0.0000	0.5991	0.4405	0.0103	
nsga10k	I5	41244	61	0.0000	0.5842	0.4293	0.0116	
nsga10k	I5	41108	66	0.0000	0.6473	0.4238	0.0116	
nsga10k	I5	41352	63	0.0000	0.5572	0.4236	0.0121	
nsga10k	I5	41360	61	0.0000	0.6413	0.4292	0.0117	
nsga10k	I5	41224	65	0.0000	0.6268	0.4284	0.0109	
nsga10k	I5	41212	77	0.0000	0.6543	0.4118	0.0129	
nsga10k	I5	41201	63	0.0000	0.6336	0.4312	0.0119	
nsga10k	I5	41252	74	0.0000	0.5793	0.4349	0.0100	
nsga10k	I5	41020	65	0.0000	0.6560	0.4267	0.0118	
nsga10k	I5	41105	59	0.0000	0.6237	0.4265	0.0121	
nsga10k	I5	41236	58	0.0000	0.6160	0.4276	0.0120	
nsga10k	I5	41179	69	0.0000	0.7024	0.4346	0.0125	
nsga10k	I5	41230	62	0.0000	0.6092	0.4201	0.0124	
nsga10k	I5	41256	67	0.0000	0.6721	0.4107	0.0132	
nsga10k	I5	41051	82	0.0000	0.6478	0.4201	0.0116	
nsga10k	I5	41007	67	0.0000	0.6220	0.4234	0.0115	
nsga10k	I5	41004	66	0.0000	0.7242	0.4255	0.0120	
nsga10k	I5	41194	57	0.0000	0.5522	0.4435	0.0105	
nsga10k	I5	41169	69	0.0000	0.6871	0.4418	0.0098	
nsga10k	I5	41153	64	0.0000	0.6252	0.4338	0.0104	
nsga10k	I5	41133	75	0.0000	0.6190	0.4361	0.0104	
nsga10k	I5	41372	68	0.0000	0.6789	0.4261	0.0114	
nsga10k	I5	41217	79	0.0000	0.5359	0.4331	0.0099	
nsga10k	I5	41289	71	0.0000	0.5942	0.4289	0.0105	
nsga10k	I5	41251	63	0.0000	0.5536	0.4248	0.0120	
nsga10k	I5	41168	74	0.0000	0.6186	0.4402	0.0096	
nsga10k	I5	41300	68	0.0000	0.6461	0.4167	0.0126	
nsga10k	I5	41130	73	0.0000	0.6380	0.4174	0.0115	
nsga10k	I5	41227	72	0.0000	0.5645	0.4385	0.0099	
nsga10k	I5	41195	58	0.0000	0.5825	0.4290	0.0120	
nsga10k	I5	41149	73	0.0000	0.6289	0.4184	0.0112	
nsga10k	I5	41366	63	0.0000	0.6510	0.4292	0.0137	
nsga10k	I5	41509	68	0.0000	0.6103	0.4212	0.0120	
nsga10k	I5	41154	65	0.0000	0.6673	0.4317	0.0118	
nsga10k	I5	41139	69	0.0000	0.5412	0.4388	0.0100	
nsga10k	I5	41114	69	0.0000	0.6063	0.4343	0.0106	
nsga10k	I5	41114	73	0.0000	0.5689	0.4358	0.0104	
nsga10k	I5	41217	68	0.0000	0.5993	0.4244	0.0115	
nsga10k	I5	41222	78	0.0000	0.6299	0.4137	0.0115	
nsga10k	I5	41026	67	0.0000	0.7477	0.4149	0.0131	
nsga10k	I5	41166	75	0.0000	0.6701	0.4059	0.0126	
nsga10k	I5	41119	73	0.0000	0.6546	0.4249	0.0119	
nsga10k	I5	41269	64	0.0000	0.6906	0.4149	0.0132	
nsga10k	I5	41311	62	0.0000	0.5470	0.4285	0.0116	
nsga10k	I5	41117	68	0.0000	0.6911	0.4226	0.0124	
nsga20k	I5	72666	87	0.0000	0.5844	0.4673	0.0062	
nsga20k	I5	72332	79	0.0000	0.6303	0.4565	0.0073	
nsga20k	I5	72383	88	0.0000	0.5901	0.4513	0.0070	
nsga20k	I5	72474	86	0.0000	0.6503	0.4526	0.0073	
nsga20k	I5	72363	76	0.0000	0.6032	0.4591	0.0082	
nsga20k	I5	72657	76	0.0000	0.5870	0.4664	0.0063	
nsga20k	I5	72346	76	0.0000	0.5700	0.4567	0.0071	
nsga20k	I5	72648	73	0.0000	0.6090	0.4633	0.0071	
nsga20k	I5	72404	80	0.0000	0.6079	0.4516	0.0073	
nsga20k	I5	72555	82	0.0000	0.5839	0.4597	0.0069	
nsga20k	I5	72526	86	0.0000	0.5883	0.4537	0.0074	
nsga20k	I5	72576	85	0.0000	0.5572	0.4486	0.0078	
nsga20k	I5	72763	81	0.0061	0.6245	0.4615	0.0075	
nsga20k	I5	72796	76	0.0000	0.5740	0.4636	0.0070	
nsga20k	I5	72393	79	0.0061	0.6590	0.4650	0.0071	
nsga20k	I5	72520	88	0.0000	0.5498	0.4499	0.0074	
nsga20k	I5	72635	76	0.0000	0.6322	0.4674	0.0068	
nsga20k	I5	72579	86	0.0061	0.6074	0.4556	0.0077	
nsga20k	I5	72812	81	0.0000	0.5435	0.4518	0.0082	
nsga20k	I5	72618	70	0.0000	0.6281	0.4571	0.0090	
nsga20k	I5	72899	74	0.0000	0.5755	0.4516	0.0088	
nsga20k	I5	72515	78	0.0000	0.5830	0.4562	0.0074	
nsga20k	I5	72218	88	0.0000	0.6339	0.4591	0.0067	
nsga20k	I5	72703	79	0.0000	0.5782	0.4529	0.0075	
nsga20k	I5	72629	84	0.0000	0.5691	0.4622	0.0067	
nsga20k	I5	72935	83	0.0000	0.6113	0.4631	0.0072	
nsga20k	I5	72634	86	0.0000	0.6106	0.4614	0.0066	
nsga20k	I5	72636	87	0.0000	0.5577	0.4546	0.0078	
nsga20k	I5	72986	85	0.0061	0.6031	0.4540	0.0071	
nsga20k	I5	72601	76	0.0000	0.5898	0.4555	0.0073	
nsga20k	I5	72559	72	0.0000	0.6015	0.4636	0.0076	
nsga20k	I5	72419	79	0.0000	0.6006	0.4581	0.0072	
nsga20k	I5	72614	72	0.0000	0.5313	0.4644	0.0068	
nsga20k	I5	72499	79	0.0000	0.6570	0.4596	0.0074	
nsga20k	I5	72734	84	0.0000	0.6921	0.4757	0.0057	
nsga20k	I5	72829	88	0.0000	0.5638	0.4660	0.0064	
nsga20k	I5	72517	77	0.0061	0.5893	0.4759	0.0068	
nsga20k	I5	72702	80	0.0000	0.5760	0.4577	0.0072	
nsga20k	I5	72692	77	0.0123	0.5810	0.4745	0.0057	
nsga20k	I5	72529	69	0.0000	0.5494	0.4619	0.0070	
nsga20k	I5	72531	80	0.0000	0.6842	0.4543	0.0083	
nsga20k	I5	72437	87	0.0000	0.6306	0.4492	0.0078	
nsga20k	I5	72494	79	0.0000	0.6672	0.4555	0.0076	
nsga20k	I5	72548	85	0.0000	0.6382	0.4563	0.0069	
nsga20k	I5	72679	69	0.0000	0.5637	0.4645	0.0067	
nsga20k	I5	72968	76	0.0000	0.5978	0.4581	0.0076	
nsga20k	I5	72584	82	0.0000	0.7227	0.4770	0.0068	
nsga20k	I5	72793	82	0.0000	0.5852	0.4640	0.0064	
nsga20k	I5	72746	82	0.0000	0.6423	0.4521	0.0074	
nsga20k	I5	72704	82	0.0000	0.6114	0.4554	0.0082	
nsga50k	I5	206497	86	0.0061	0.5272	0.4922	0.0037	
nsga50k	I5	206078	88	0.0061	0.4663	0.4888	0.0038	
nsga50k	I5	207757	88	0.0061	0.6023	0.4939	0.0037	
nsga50k	I5	206850	88	0.0429	0.5035	0.5038	0.0028	
nsga50k	I5	208146	84	0.0307	0.5228	0.4897	0.0038	
nsga50k	I5	207015	88	0.0736	0.5896	0.5055	0.0032	
nsga50k	I5	207083	87	0.0123	0.5648	0.4961	0.0035	
nsga50k	I5	206057	88	0.0429	0.4247	0.4867	0.0039	
nsga50k	I5	207425	88	0.0613	0.4938	0.5054	0.0028	
nsga50k	I5	207361	88	0.0798	0.5231	0.5080	0.0031	
nsga50k	I5	207213	87	0.0123	0.5128	0.4898	0.0040	
nsga50k	I5	206643	88	0.0307	0.5824	0.4961	0.0033	
nsga50k	I5	207914	88	0.0368	0.5177	0.4936	0.0034	
nsga50k	I5	206696	82	0.0368	0.5382	0.4976	0.0037	
nsga50k	I5	207111	85	0.0307	0.5407	0.4970	0.0033	
nsga50k	I5	207646	86	0.0123	0.5624	0.4932	0.0034	
nsga50k	I5	207258	87	0.0000	0.5719	0.4761	0.0049	
nsga50k	I5	207185	88	0.0123	0.5015	0.4912	0.0035	
nsga50k	I5	208392	87	0.0307	0.5431	0.5015	0.0028	
nsga50k	I5	206022	86	0.0000	0.4871	0.4885	0.0035	
nsga50k	I5	207220	88	0.0061	0.4787	0.4875	0.0040	
nsga50k	I5	207258	88	0.0061	0.5894	0.4907	0.0037	
nsga50k	I5	207336	88	0.0061	0.4653	0.4919	0.0038	
nsga50k	I5	206975	88	0.0184	0.5142	0.4942	0.0037	
nsga50k	I5	207692	88	0.0000	0.4639	0.4820	0.0047	
nsga50k	I5	206303	88	0.0184	0.4826	0.4946	0.0031	
nsga50k	I5	206876	88	0.0368	0.5425	0.4962	0.0036	
nsga50k	I5	207859	87	0.0184	0.5239	0.4966	0.0030	
nsga50k	I5	207537	88	0.0184	0.5308	0.4943	0.0035	
nsga50k	I5	207447	87	0.0184	0.5429	0.4860	0.0038	
nsga50k	I5	206574	88	0.0123	0.5471	0.4867	0.0040	
nsga50k	I5	205968	88	0.0061	0.4890	0.4908	0.0035	
nsga50k	I5	207122	88	0.0184	0.5439	0.4924	0.0035	
nsga50k	I5	207121	85	0.0061	0.4348	0.4922	0.0032	
nsga50k	I5	208273	88	0.0123	0.5344	0.4924	0.0035	
nsga50k	I5	207227	88	0.0245	0.6030	0.5049	0.0029	
nsga50k	I5	207157	85	0.0245	0.5947	0.4916	0.0040	
nsga50k	I5	206560	87	0.0061	0.5207	0.4937	0.0039	
nsga50k	I5	206439	88	0.0184	0.4813	0.4885	0.0041	
nsga50k	I5	207654	88	0.0000	0.5013	0.4809	0.0049	
nsga50k	I5	207253	85	0.0000	0.5792	0.4901	0.0039	
nsga50k	I5	206282	87	0.0184	0.5658	0.4913	0.0034	
nsga50k	I5	207542	88	0.0184	0.5508	0.4881	0.0040	
nsga50k	I5	207049	88	0.0184	0.5346	0.4898	0.0043	
nsga50k	I5	207546	88	0.0000	0.5296	0.4855	0.0051	
nsga50k	I5	207023	88	0.0000	0.5462	0.4849	0.0042	
nsga50k	I5	205964	88	0.0307	0.4837	0.4868	0.0040	
nsga50k	I5	206923	88	0.0061	0.5015	0.4879	0.0043	
nsga50k	I5	207141	87	0.0000	0.4861	0.4875	0.0037	
nsga50k	I5	207743	88	0.0245	0.5248	0.4988	0.0031	
