config	inst	time	count	rfsz	best	spr	hv	gd	
GA	I0	260784	75	118	0.0169	0.6634	0.4199	0.0054	
GA	I0	192872	67	118	0.0593	0.7183	0.4317	0.0085	
GA	I0	193045	80	118	0.0000	0.6860	0.4166	0.0054	
GA	I0	191555	78	118	0.0085	0.6414	0.4270	0.0047	
GA	I0	193213	76	118	0.1186	0.6498	0.4402	0.0035	
GA	I0	190540	76	118	0.0169	0.6991	0.4228	0.0052	
GA	I0	185911	67	118	0.0339	0.6643	0.4355	0.0044	
GA	I0	187290	75	118	0.0169	0.7396	0.4247	0.0073	
GA	I0	186670	80	118	0.0000	0.6338	0.4242	0.0044	
GA	I0	186438	79	118	0.0085	0.6052	0.4255	0.0041	
GA	I0	187111	70	118	0.0000	0.6452	0.4221	0.0047	
GA	I0	187044	70	118	0.0169	0.6939	0.4276	0.0046	
GA	I0	187732	76	118	0.0424	0.6301	0.4353	0.0040	
GA	I0	186563	73	118	0.0000	0.6474	0.4227	0.0053	
GA	I0	188540	72	118	0.0169	0.6906	0.4141	0.0052	
GA	I0	187031	80	118	0.0000	0.7236	0.4178	0.0063	
GA	I0	186336	80	118	0.0169	0.7363	0.4235	0.0060	
GA	I0	187254	71	118	0.0339	0.6686	0.4320	0.0053	
GA	I0	185683	75	118	0.0169	0.6533	0.4233	0.0048	
GA	I0	187545	71	118	0.0085	0.6646	0.4232	0.0046	
GA	I0	188136	66	118	0.0254	0.7217	0.4374	0.0051	
GA	I0	186314	79	118	0.0169	0.7453	0.4264	0.0054	
GA	I0	187268	65	118	0.0000	0.6489	0.4258	0.0054	
GA	I0	187422	77	118	0.0169	0.6262	0.4211	0.0070	
GA	I0	187688	75	118	0.0169	0.6427	0.4333	0.0045	
GA	I0	187483	80	118	0.0085	0.6897	0.4243	0.0067	
GA	I0	187188	69	118	0.0000	0.7291	0.4211	0.0070	
GA	I0	186735	76	118	0.0339	0.5888	0.4351	0.0034	
GA	I0	186007	68	118	0.0508	0.6889	0.4345	0.0037	
GA	I0	187032	67	118	0.0339	0.6840	0.4313	0.0042	
GA	I0	187306	80	118	0.0169	0.6714	0.4154	0.0064	
GA	I0	186410	70	118	0.0254	0.6150	0.4353	0.0039	
GA	I0	187067	65	118	0.0593	0.7480	0.4386	0.0040	
GA	I0	187427	73	118	0.0000	0.7041	0.4192	0.0053	
GA	I0	186366	67	118	0.0085	0.6489	0.4262	0.0046	
GA	I0	187066	72	118	0.0085	0.7493	0.4247	0.0064	
GA	I0	186358	69	118	0.0339	0.7003	0.4259	0.0059	
GA	I0	187640	65	118	0.0000	0.6477	0.4237	0.0047	
GA	I0	187165	77	118	0.0085	0.6803	0.4272	0.0049	
GA	I0	187199	79	118	0.0169	0.5888	0.4284	0.0041	
GA	I0	187344	74	118	0.0254	0.7615	0.4273	0.0059	
GA	I0	186866	72	118	0.0339	0.6956	0.4279	0.0039	
GA	I0	187857	78	118	0.0169	0.7021	0.4202	0.0105	
GA	I0	186565	80	118	0.0339	0.6247	0.4305	0.0038	
GA	I0	186292	71	118	0.0085	0.5983	0.4246	0.0055	
GA	I0	186863	68	118	0.0000	0.6616	0.4174	0.0057	
GA	I0	186766	80	118	0.0254	0.7049	0.4277	0.0042	
GA	I0	187337	76	118	0.0000	0.5976	0.4141	0.0057	
GA	I0	187099	70	118	0.0000	0.6904	0.4266	0.0054	
GA	I0	186435	69	118	0.0085	0.7105	0.4302	0.0057	
MAR	I0	457	4	118	0.0085	0.4861	0.1318	0.1649	
SH	I0	144	9	118	0.0339	0.0905	0.3514	0.0153	
CPM	I0	9819	2	118	0.0085	0.9344	0.0071	0.0127	
GA	I1	1098460	88	125	0.0160	0.7566	0.3598	0.0041	
GA	I1	1100129	88	125	0.0240	0.6723	0.3555	0.0044	
GA	I1	1096114	88	125	0.0240	0.6661	0.3601	0.0042	
GA	I1	1098150	115	125	0.0160	0.6532	0.3560	0.0039	
GA	I1	1097285	101	125	0.0160	0.6448	0.3519	0.0043	
GA	I1	1096857	93	125	0.0320	0.7276	0.3654	0.0040	
GA	I1	1095407	95	125	0.0240	0.6700	0.3476	0.0043	
GA	I1	1101591	100	125	0.0400	0.7435	0.3573	0.0044	
GA	I1	1099697	95	125	0.0240	0.6839	0.3577	0.0036	
GA	I1	1092858	87	125	0.0320	0.6327	0.3618	0.0042	
GA	I1	1098637	120	125	0.0000	0.6900	0.3414	0.0048	
GA	I1	1099963	82	125	0.0240	0.6891	0.3551	0.0047	
GA	I1	1095877	100	125	0.0160	0.7604	0.3524	0.0052	
GA	I1	1098877	96	125	0.0000	0.7256	0.3521	0.0043	
GA	I1	1099493	95	125	0.0080	0.7171	0.3558	0.0043	
GA	I1	1099527	94	125	0.0160	0.6930	0.3528	0.0041	
GA	I1	1099130	87	125	0.0080	0.6523	0.3500	0.0045	
GA	I1	1103098	100	125	0.0240	0.6792	0.3577	0.0034	
GA	I1	1097308	108	125	0.0000	0.7047	0.3472	0.0041	
GA	I1	1101456	97	125	0.0080	0.6704	0.3530	0.0040	
GA	I1	1094419	109	125	0.0080	0.6558	0.3478	0.0043	
GA	I1	1097901	88	125	0.0240	0.6926	0.3492	0.0045	
GA	I1	1094957	96	125	0.0240	0.6775	0.3617	0.0042	
GA	I1	1097405	91	125	0.0080	0.6495	0.3552	0.0040	
GA	I1	1098278	83	125	0.0240	0.6944	0.3555	0.0037	
GA	I1	1101191	93	125	0.0000	0.6874	0.3512	0.0041	
GA	I1	1096362	101	125	0.0080	0.7141	0.3557	0.0039	
GA	I1	1095377	96	125	0.0080	0.7092	0.3519	0.0043	
GA	I1	1097014	90	125	0.0400	0.7164	0.3541	0.0040	
GA	I1	1093206	83	125	0.0160	0.6674	0.3593	0.0047	
GA	I1	1099063	97	125	0.0240	0.6465	0.3526	0.0045	
GA	I1	1101036	94	125	0.0160	0.6601	0.3561	0.0040	
GA	I1	1096799	103	125	0.0080	0.7089	0.3579	0.0039	
GA	I1	1285359	82	125	0.0240	0.7125	0.3590	0.0043	
GA	I1	1213972	95	125	0.0160	0.6749	0.3569	0.0045	
GA	I1	1103769	92	125	0.0000	0.6535	0.3439	0.0049	
GA	I1	1110688	86	125	0.0240	0.7128	0.3572	0.0038	
GA	I1	1105700	105	125	0.0160	0.7371	0.3561	0.0037	
GA	I1	1104035	86	125	0.0400	0.6850	0.3617	0.0044	
GA	I1	1105009	93	125	0.0080	0.6420	0.3555	0.0041	
GA	I1	1101761	93	125	0.0400	0.7014	0.3554	0.0045	
GA	I1	1103736	103	125	0.0240	0.7864	0.3513	0.0048	
GA	I1	1105183	91	125	0.0320	0.6591	0.3564	0.0039	
GA	I1	1108797	92	125	0.0160	0.6860	0.3541	0.0037	
GA	I1	1107660	93	125	0.0160	0.6608	0.3552	0.0041	
GA	I1	1108256	102	125	0.0000	0.6567	0.3523	0.0046	
GA	I1	1105925	98	125	0.0080	0.6500	0.3613	0.0035	
GA	I1	1108460	87	125	0.0560	0.7123	0.3615	0.0041	
GA	I1	1109426	94	125	0.0160	0.6650	0.3609	0.0037	
GA	I1	1122209	98	125	0.0320	0.7305	0.3552	0.0049	
MAR	I1	1130	7	125	0.0080	0.6723	0.1897	0.2557	
SH	I1	283	9	125	0.0720	0.0907	0.3469	0.0000	
CPM	I1	299	5	125	0.0080	0.5179	0.1637	0.1079	
GA	I2	1365834	61	68	0.0294	0.7253	0.2907	0.0078	
GA	I2	1266060	51	68	0.0588	0.7260	0.2983	0.0104	
GA	I2	1268851	52	68	0.0000	0.7016	0.2920	0.0080	
GA	I2	1269164	45	68	0.0147	0.7278	0.2974	0.0065	
GA	I2	1268429	50	68	0.0441	0.8331	0.3048	0.0068	
GA	I2	1267914	56	68	0.0441	0.6917	0.3041	0.0060	
GA	I2	1267804	72	68	0.0000	0.7767	0.2806	0.0078	
GA	I2	1268293	63	68	0.0147	0.8010	0.3006	0.0076	
GA	I2	1267764	60	68	0.0294	0.7215	0.2953	0.0070	
GA	I2	1263624	52	68	0.0147	0.7874	0.2931	0.0112	
GA	I2	1265095	47	68	0.0147	0.6790	0.2940	0.0084	
GA	I2	1269179	54	68	0.0000	0.6964	0.2902	0.0084	
GA	I2	1263979	51	68	0.0147	0.7399	0.2980	0.0091	
GA	I2	1265675	56	68	0.0000	0.7618	0.2898	0.0090	
GA	I2	1266611	61	68	0.0147	0.7775	0.2928	0.0077	
GA	I2	1265350	53	68	0.0147	0.7410	0.2916	0.0091	
GA	I2	1264199	50	68	0.0147	0.7203	0.2923	0.0077	
GA	I2	1264994	47	68	0.0147	0.7462	0.2985	0.0071	
GA	I2	1265156	55	68	0.0147	0.7847	0.2925	0.0094	
GA	I2	1265505	53	68	0.0441	0.7340	0.2967	0.0094	
GA	I2	1265362	51	68	0.0294	0.8234	0.3000	0.0073	
GA	I2	1263516	54	68	0.0147	0.7970	0.2989	0.0073	
GA	I2	1266423	61	68	0.0294	0.6543	0.2873	0.0082	
GA	I2	1265186	47	68	0.0000	0.7118	0.2941	0.0111	
GA	I2	1267084	59	68	0.0147	0.6898	0.2983	0.0073	
GA	I2	1263880	67	68	0.0147	0.8026	0.2921	0.0085	
GA	I2	1267132	68	68	0.0000	0.7370	0.2858	0.0078	
GA	I2	1268118	58	68	0.0000	0.7678	0.2956	0.0073	
GA	I2	1265644	54	68	0.0000	0.6821	0.2931	0.0070	
GA	I2	1264805	58	68	0.0441	0.7704	0.3024	0.0077	
GA	I2	1263826	62	68	0.0147	0.6888	0.2932	0.0078	
GA	I2	1268177	55	68	0.0294	0.6962	0.2988	0.0072	
GA	I2	1264813	60	68	0.0294	0.6786	0.2963	0.0080	
GA	I2	1265068	56	68	0.0000	0.7209	0.2855	0.0071	
GA	I2	1262728	62	68	0.0147	0.6979	0.2850	0.0081	
GA	I2	1267144	58	68	0.0147	0.7099	0.2985	0.0092	
GA	I2	1508470	55	68	0.0000	0.7708	0.2884	0.0069	
GA	I2	1323884	51	68	0.0000	0.7802	0.2956	0.0091	
GA	I2	1271455	63	68	0.0147	0.7772	0.2877	0.0080	
GA	I2	1270622	53	68	0.0000	0.7261	0.2951	0.0085	
GA	I2	1270624	57	68	0.0000	0.7529	0.2934	0.0089	
GA	I2	1270222	54	68	0.0441	0.7757	0.3013	0.0078	
GA	I2	1273894	50	68	0.0147	0.7439	0.2958	0.0068	
GA	I2	1271576	46	68	0.0294	0.7687	0.3014	0.0077	
GA	I2	1274127	58	68	0.0147	0.7950	0.2938	0.0071	
GA	I2	1271256	56	68	0.0000	0.7723	0.2923	0.0085	
GA	I2	1270708	56	68	0.0147	0.8259	0.3023	0.0078	
GA	I2	1272421	58	68	0.0588	0.7764	0.3042	0.0072	
GA	I2	1272197	52	68	0.0294	0.7359	0.3027	0.0070	
GA	I2	1268970	57	68	0.0000	0.7431	0.2949	0.0096	
MAR	I2	1441	4	68	0.0147	0.4854	0.1358	0.1108	
SH	I2	307	9	68	0.1324	0.0897	0.3503	0.0000	
CPM	I2	349	1	68	0.0147	1.0000	0.0000	0.0000	
GA	I3	1216641	74	106	0.0377	0.6843	0.4533	0.0096	
GA	I3	1223916	71	106	0.0283	0.7596	0.4527	0.0100	
GA	I3	1222287	72	106	0.0189	0.6291	0.4490	0.0072	
GA	I3	1226697	69	106	0.0094	0.9289	0.4527	0.0204	
GA	I3	1219850	72	106	0.0000	0.6999	0.4424	0.0076	
GA	I3	1220552	54	106	0.0283	0.6252	0.4699	0.0061	
GA	I3	1228608	68	106	0.0189	0.7251	0.4631	0.0094	
GA	I3	1220206	82	106	0.0000	0.9310	0.4366	0.0166	
GA	I3	1219786	77	106	0.0094	0.6733	0.4414	0.0079	
GA	I3	1225220	79	106	0.0283	0.6458	0.4599	0.0061	
GA	I3	1226959	77	106	0.0283	0.6398	0.4634	0.0063	
GA	I3	1225575	82	106	0.0189	0.7056	0.4595	0.0058	
GA	I3	1225697	76	106	0.0189	0.7986	0.4461	0.0146	
GA	I3	1210077	76	106	0.0000	0.8438	0.4402	0.0175	
GA	I3	1222080	84	106	0.0094	0.7073	0.4408	0.0079	
GA	I3	1222795	76	106	0.0000	0.7235	0.4413	0.0103	
GA	I3	1217178	72	106	0.0000	0.6344	0.4435	0.0073	
GA	I3	1217600	67	106	0.0283	0.6745	0.4614	0.0080	
GA	I3	1225601	63	106	0.0094	0.7033	0.4528	0.0073	
GA	I3	1222009	65	106	0.0283	0.8409	0.4534	0.0144	
GA	I3	1227963	69	106	0.0189	0.6840	0.4649	0.0085	
GA	I3	1227794	79	106	0.0094	0.7028	0.4607	0.0061	
GA	I3	1223116	81	106	0.0000	0.7132	0.4345	0.0085	
GA	I3	1227007	62	106	0.0472	0.7560	0.4608	0.0063	
GA	I3	1222107	68	106	0.0189	0.6652	0.4565	0.0063	
GA	I3	1232588	63	106	0.0377	0.7731	0.4517	0.0106	
GA	I3	1224159	67	106	0.0000	0.6630	0.4522	0.0090	
GA	I3	1233019	63	106	0.0472	0.7464	0.4642	0.0128	
GA	I3	1145147	56	106	0.0472	0.6909	0.4689	0.0063	
GA	I3	745821	62	106	0.0283	0.7107	0.4640	0.0101	
GA	I3	749805	75	106	0.0094	0.6724	0.4469	0.0073	
GA	I3	748079	77	106	0.0000	0.6538	0.4523	0.0064	
GA	I3	748496	65	106	0.0189	0.6567	0.4404	0.0087	
GA	I3	756407	62	106	0.0283	0.7619	0.4660	0.0106	
GA	I3	751614	70	106	0.0377	0.6925	0.4592	0.0088	
GA	I3	752142	68	106	0.0000	0.7022	0.4447	0.0082	
GA	I3	747995	69	106	0.0189	0.6498	0.4545	0.0068	
GA	I3	745005	65	106	0.0283	0.6888	0.4621	0.0092	
GA	I3	747281	77	106	0.0000	0.6693	0.4393	0.0078	
GA	I3	750805	63	106	0.0189	0.7243	0.4434	0.0114	
GA	I3	745419	68	106	0.0189	0.5822	0.4545	0.0063	
GA	I3	750721	72	106	0.0283	0.6586	0.4546	0.0070	
GA	I3	757079	64	106	0.0283	0.6830	0.4455	0.0143	
GA	I3	750131	74	106	0.0094	0.7971	0.4428	0.0123	
GA	I3	749381	59	106	0.0283	0.7210	0.4638	0.0065	
GA	I3	750029	65	106	0.0283	0.6885	0.4623	0.0064	
GA	I3	746973	54	106	0.0377	0.7137	0.4618	0.0087	
GA	I3	749123	61	106	0.0094	0.6571	0.4516	0.0095	
GA	I3	750252	74	106	0.0377	0.7259	0.4639	0.0082	
GA	I3	747584	60	106	0.0094	0.6170	0.4599	0.0065	
MAR	I3	1220	2	106	0.0094	0.8121	0.0368	0.0918	
SH	I3	264	9	106	0.0283	0.0888	0.3600	0.0439	
CPM	I3	355	1	106	0.0094	1.0000	0.0000	0.0000	
GA	I4	478522	118	179	0.0168	0.5974	0.4145	0.0026	
GA	I4	478258	114	179	0.0112	0.5958	0.4127	0.0027	
GA	I4	475657	115	179	0.0503	0.5656	0.4183	0.0023	
GA	I4	477796	119	179	0.0056	0.5865	0.4094	0.0026	
GA	I4	475009	118	179	0.0223	0.5890	0.4081	0.0037	
GA	I4	478496	114	179	0.0168	0.6087	0.4123	0.0029	
GA	I4	477652	120	179	0.0112	0.5618	0.4148	0.0026	
GA	I4	477174	120	179	0.0335	0.6408	0.4156	0.0026	
GA	I4	478493	117	179	0.0168	0.6587	0.4124	0.0030	
GA	I4	478626	120	179	0.0223	0.6463	0.4126	0.0027	
GA	I4	478083	116	179	0.0168	0.6005	0.4074	0.0032	
GA	I4	477719	112	179	0.0223	0.6700	0.4138	0.0028	
GA	I4	476684	118	179	0.0112	0.6804	0.4124	0.0033	
GA	I4	476626	120	179	0.0223	0.6533	0.4106	0.0029	
GA	I4	478521	119	179	0.0056	0.5944	0.4126	0.0027	
GA	I4	478157	120	179	0.0503	0.5854	0.4151	0.0027	
GA	I4	478457	118	179	0.0223	0.6559	0.4136	0.0025	
GA	I4	477727	119	179	0.0112	0.6340	0.4145	0.0025	
GA	I4	478848	117	179	0.0112	0.6885	0.4129	0.0026	
GA	I4	477060	119	179	0.0112	0.6457	0.4140	0.0025	
GA	I4	475661	120	179	0.0168	0.6385	0.4097	0.0027	
GA	I4	477818	120	179	0.0000	0.5881	0.4059	0.0029	
GA	I4	476743	117	179	0.0056	0.5357	0.4082	0.0030	
GA	I4	478021	117	179	0.0279	0.6726	0.4151	0.0025	
GA	I4	477681	111	179	0.0279	0.6685	0.4106	0.0030	
GA	I4	476973	117	179	0.0112	0.5943	0.4067	0.0031	
GA	I4	479351	116	179	0.0223	0.5730	0.4104	0.0026	
GA	I4	477667	117	179	0.0503	0.6495	0.4191	0.0022	
GA	I4	474235	118	179	0.0056	0.5821	0.4109	0.0030	
GA	I4	479025	120	179	0.0112	0.5906	0.4129	0.0025	
GA	I4	477392	120	179	0.0559	0.5936	0.4117	0.0026	
GA	I4	477547	113	179	0.0223	0.6302	0.4120	0.0031	
GA	I4	477094	117	179	0.0335	0.6149	0.4093	0.0035	
GA	I4	477635	114	179	0.0056	0.6578	0.4127	0.0030	
GA	I4	476913	115	179	0.0223	0.6390	0.4124	0.0027	
GA	I4	476617	120	179	0.0000	0.6088	0.4032	0.0037	
GA	I4	478793	112	179	0.0223	0.6397	0.4137	0.0026	
GA	I4	478334	113	179	0.0000	0.6485	0.4150	0.0024	
GA	I4	477575	120	179	0.0056	0.6008	0.4095	0.0028	
GA	I4	478801	120	179	0.0000	0.6187	0.4122	0.0026	
GA	I4	476966	115	179	0.0782	0.6974	0.4194	0.0025	
GA	I4	476827	117	179	0.0279	0.6273	0.4160	0.0024	
GA	I4	476901	115	179	0.0223	0.6178	0.4145	0.0034	
GA	I4	477142	116	179	0.0279	0.6167	0.4140	0.0028	
GA	I4	477644	111	179	0.0056	0.6663	0.4097	0.0031	
GA	I4	476859	120	179	0.0223	0.6485	0.4143	0.0033	
GA	I4	479474	120	179	0.0223	0.6180	0.4166	0.0024	
GA	I4	476740	102	179	0.0279	0.6303	0.4137	0.0030	
GA	I4	478146	119	179	0.0056	0.5651	0.4106	0.0026	
GA	I4	477554	119	179	0.0056	0.5792	0.4092	0.0028	
MAR	I4	420	7	179	0.0056	0.6723	0.1900	0.2613	
SH	I4	118	9	179	0.0168	0.0907	0.3470	0.0118	
CPM	I4	111	4	179	0.0056	0.7040	0.1357	0.0831	
GA	I5	206497	86	160	0.0062	0.5725	0.4200	0.0035	
GA	I5	206078	88	160	0.0062	0.5218	0.4174	0.0035	
GA	I5	207757	88	160	0.0062	0.6433	0.4202	0.0034	
GA	I5	206850	88	160	0.0438	0.5488	0.4288	0.0026	
GA	I5	208146	84	160	0.0375	0.5693	0.4169	0.0036	
GA	I5	207015	88	160	0.0750	0.6347	0.4302	0.0031	
GA	I5	207083	87	160	0.0125	0.6129	0.4227	0.0032	
GA	I5	206057	88	160	0.0375	0.4831	0.4161	0.0035	
GA	I5	207425	88	160	0.0625	0.5361	0.4301	0.0025	
GA	I5	207361	88	160	0.0812	0.5603	0.4316	0.0028	
GA	I5	207213	87	160	0.0125	0.5642	0.4174	0.0037	
GA	I5	206643	88	160	0.0312	0.6235	0.4228	0.0030	
GA	I5	207914	88	160	0.0375	0.5611	0.4202	0.0031	
GA	I5	206696	82	160	0.0438	0.5888	0.4242	0.0035	
GA	I5	207111	85	160	0.0312	0.5906	0.4237	0.0032	
GA	I5	207646	86	160	0.0125	0.6090	0.4204	0.0030	
GA	I5	207258	87	160	0.0000	0.6185	0.4068	0.0045	
GA	I5	207185	88	160	0.0125	0.5484	0.4188	0.0031	
GA	I5	208392	87	160	0.0312	0.5902	0.4268	0.0026	
GA	I5	206022	86	160	0.0000	0.5382	0.4171	0.0032	
GA	I5	207220	88	160	0.0062	0.5209	0.4156	0.0037	
GA	I5	207258	88	160	0.0125	0.6308	0.4191	0.0035	
GA	I5	207336	88	160	0.0062	0.5186	0.4190	0.0035	
GA	I5	206975	88	160	0.0188	0.5663	0.4214	0.0037	
GA	I5	207692	88	160	0.0000	0.5192	0.4108	0.0044	
GA	I5	206303	88	160	0.0188	0.5361	0.4223	0.0028	
GA	I5	206876	88	160	0.0375	0.5840	0.4235	0.0036	
GA	I5	207859	87	160	0.0188	0.5689	0.4234	0.0028	
GA	I5	207537	88	160	0.0188	0.5744	0.4209	0.0032	
GA	I5	207447	87	160	0.0188	0.5906	0.4145	0.0035	
GA	I5	206574	88	160	0.0125	0.5921	0.4153	0.0036	
GA	I5	205968	88	160	0.0062	0.5441	0.4190	0.0033	
GA	I5	207122	88	160	0.0188	0.5843	0.4199	0.0031	
GA	I5	207121	85	160	0.0062	0.4944	0.4200	0.0029	
GA	I5	208273	88	160	0.0125	0.5819	0.4190	0.0031	
GA	I5	207227	88	160	0.0250	0.6444	0.4298	0.0028	
GA	I5	207157	85	160	0.0250	0.6346	0.4194	0.0037	
GA	I5	206560	87	160	0.0062	0.5473	0.4207	0.0035	
GA	I5	206439	88	160	0.0188	0.5359	0.4168	0.0038	
GA	I5	207654	88	160	0.0000	0.5540	0.4103	0.0048	
GA	I5	207253	85	160	0.0000	0.6246	0.4172	0.0036	
GA	I5	206282	87	160	0.0188	0.6102	0.4198	0.0031	
GA	I5	207542	88	160	0.0188	0.6013	0.4164	0.0037	
GA	I5	207049	88	160	0.0125	0.5858	0.4172	0.0040	
GA	I5	207546	88	160	0.0000	0.5763	0.4142	0.0050	
GA	I5	207023	88	160	0.0000	0.5941	0.4139	0.0039	
GA	I5	205964	88	160	0.0312	0.5384	0.4164	0.0036	
GA	I5	206923	88	160	0.0062	0.5570	0.4158	0.0040	
GA	I5	207141	87	160	0.0000	0.5397	0.4158	0.0034	
GA	I5	207743	88	160	0.0250	0.5731	0.4250	0.0029	
MAR	I5	203	7	160	0.0062	0.6725	0.1892	0.2612	
SH	I5	48	9	160	0.0188	0.0891	0.3464	0.0125	
CPM	I5	46	4	160	0.0062	0.6646	0.1502	0.0930	
