config	inst	time	count	rfsz	best	spr	hv	gd	
nsga150k2x	I0	650500	80	411	0.0097	0.3739	0.4592	0.0023	
nsga150k2x	I0	627004	80	411	0.0219	0.4095	0.4578	0.0036	
nsga150k2x	I0	617980	80	411	0.0389	0.4555	0.4607	0.0042	
nsga150k2x	I0	619652	80	411	0.0243	0.4464	0.4597	0.0021	
nsga150k2x	I0	617435	80	411	0.0170	0.5060	0.4581	0.0034	
nsga150k2x	I0	619548	80	411	0.0243	0.5506	0.4623	0.0039	
nsga150k2x	I0	618409	80	411	0.0122	0.4034	0.4562	0.0030	
nsga150k2x	I0	619757	80	411	0.0243	0.4442	0.4626	0.0024	
nsga150k2x	I0	617767	80	411	0.0097	0.5013	0.4561	0.0052	
nsga150k2x	I0	617032	80	411	0.0146	0.4076	0.4575	0.0032	
nsga150k2x	I0	620988	80	411	0.0243	0.4296	0.4616	0.0023	
nsga150k2x	I0	616400	80	411	0.0122	0.4266	0.4546	0.0036	
nsga150k2x	I0	618142	80	411	0.0170	0.4335	0.4578	0.0033	
nsga150k2x	I0	617840	80	411	0.0049	0.5249	0.4539	0.0067	
nsga150k2x	I0	618230	80	411	0.0414	0.3988	0.4615	0.0027	
nsga150k2x	I0	618219	80	411	0.0292	0.3931	0.4616	0.0023	
nsga150k2x	I0	619944	80	411	0.0316	0.4303	0.4615	0.0023	
nsga150k2x	I0	619075	80	411	0.0268	0.4586	0.4629	0.0024	
nsga150k2x	I0	618435	80	411	0.0024	0.4590	0.4563	0.0035	
nsga150k2x	I0	616867	80	411	0.0195	0.4362	0.4600	0.0036	
nsga150k2x	I0	617466	80	411	0.0097	0.4094	0.4578	0.0029	
nsga150k2x	I0	617155	79	411	0.0122	0.4591	0.4605	0.0026	
nsga150k2x	I0	619987	80	411	0.0170	0.4617	0.4575	0.0046	
nsga150k2x	I0	615274	80	411	0.0268	0.4128	0.4638	0.0023	
nsga150k2x	I0	618901	80	411	0.0170	0.4576	0.4588	0.0032	
nsga150k2x	I0	617951	80	411	0.0195	0.4627	0.4600	0.0046	
nsga150k2x	I0	616720	80	411	0.0389	0.4066	0.4644	0.0023	
nsga150k2x	I0	615871	80	411	0.0097	0.4403	0.4561	0.0039	
nsga150k2x	I0	618513	80	411	0.0146	0.4368	0.4599	0.0030	
nsga150k2x	I0	618325	80	411	0.0243	0.5142	0.4607	0.0030	
nsga150k2x	I0	618054	80	411	0.0243	0.4668	0.4603	0.0033	
nsga150k2x	I0	616703	80	411	0.0195	0.4694	0.4608	0.0037	
nsga150k2x	I0	616704	80	411	0.0243	0.4339	0.4617	0.0021	
nsga150k2x	I0	619656	80	411	0.0170	0.5623	0.4605	0.0056	
nsga150k2x	I0	617500	80	411	0.0389	0.4217	0.4635	0.0022	
nsga150k2x	I0	616618	80	411	0.0268	0.4614	0.4609	0.0025	
nsga150k2x	I0	616024	80	411	0.0122	0.4271	0.4555	0.0039	
nsga150k2x	I0	614552	80	411	0.0268	0.6034	0.4625	0.0047	
nsga150k2x	I0	615687	80	411	0.0073	0.5229	0.4563	0.0027	
nsga150k2x	I0	618402	79	411	0.0195	0.4567	0.4582	0.0028	
nsga150k2x	I0	619032	80	411	0.0268	0.5130	0.4599	0.0040	
nsga150k2x	I0	618968	80	411	0.0243	0.5456	0.4627	0.0052	
nsga150k2x	I0	620203	80	411	0.0170	0.4314	0.4615	0.0026	
nsga150k2x	I0	617268	80	411	0.0292	0.5089	0.4621	0.0025	
nsga150k2x	I0	618879	80	411	0.0219	0.4718	0.4596	0.0032	
nsga150k2x	I0	618109	80	411	0.0122	0.3930	0.4607	0.0028	
nsga150k2x	I0	616917	80	411	0.0219	0.4739	0.4585	0.0046	
nsga150k2x	I0	617454	80	411	0.0097	0.4203	0.4594	0.0025	
nsga150k2x	I0	617470	80	411	0.0170	0.5077	0.4582	0.0040	
nsga150k2x	I0	617651	80	411	0.0073	0.4355	0.4553	0.0030	
rs150k	I0	879572	31	411	0.0000	0.6455	0.1755	0.0771	
rs150k	I0	885963	35	411	0.0000	0.7496	0.1733	0.0665	
rs150k	I0	880110	34	411	0.0000	0.7450	0.1793	0.0627	
rs150k	I0	879373	36	411	0.0000	0.8059	0.1627	0.0640	
rs150k	I0	775840	32	411	0.0000	0.8479	0.1758	0.0794	
rs150k	I0	662936	32	411	0.0000	0.6952	0.1603	0.0684	
rs150k	I0	650318	41	411	0.0000	0.7934	0.1429	0.0756	
rs150k	I0	651406	31	411	0.0000	0.7732	0.1651	0.0685	
rs150k	I0	651354	28	411	0.0000	0.6794	0.1586	0.0835	
rs150k	I0	651813	35	411	0.0000	0.7797	0.1574	0.0745	
rs150k	I0	651818	34	411	0.0000	0.8198	0.1510	0.0731	
rs150k	I0	652951	36	411	0.0000	0.7905	0.1679	0.0685	
rs150k	I0	652474	41	411	0.0000	0.8449	0.1440	0.0770	
rs150k	I0	651572	32	411	0.0000	0.6635	0.1458	0.0800	
rs150k	I0	651673	41	411	0.0000	0.7309	0.1584	0.0619	
rs150k	I0	651346	34	411	0.0000	0.7892	0.1602	0.0644	
rs150k	I0	651474	26	411	0.0000	0.7241	0.1663	0.0885	
rs150k	I0	651277	39	411	0.0000	0.9005	0.1539	0.0705	
rs150k	I0	652526	34	411	0.0000	0.8017	0.1604	0.0767	
rs150k	I0	651058	36	411	0.0000	0.7541	0.1679	0.0588	
rs150k	I0	651854	33	411	0.0000	0.8004	0.1561	0.0672	
rs150k	I0	652088	27	411	0.0000	0.8746	0.1857	0.0801	
rs150k	I0	651397	37	411	0.0000	0.7853	0.1602	0.0835	
rs150k	I0	651717	34	411	0.0000	0.7208	0.1750	0.0643	
rs150k	I0	652062	27	411	0.0000	0.7169	0.1879	0.0954	
rs150k	I0	651162	33	411	0.0000	0.8020	0.1495	0.0818	
rs150k	I0	651216	31	411	0.0000	0.9266	0.2030	0.0763	
rs150k	I0	651760	39	411	0.0000	0.7992	0.1750	0.0603	
rs150k	I0	651178	29	411	0.0000	0.8158	0.1734	0.0760	
rs150k	I0	651117	31	411	0.0000	0.7227	0.1730	0.0806	
rs150k	I0	649575	38	411	0.0000	0.7503	0.1465	0.0747	
rs150k	I0	649860	34	411	0.0000	0.7912	0.1720	0.0684	
rs150k	I0	651008	36	411	0.0000	0.8075	0.1612	0.0752	
rs150k	I0	651550	27	411	0.0000	0.6838	0.1601	0.0777	
rs150k	I0	652183	29	411	0.0000	0.7794	0.1737	0.0830	
rs150k	I0	651627	38	411	0.0000	0.8172	0.1546	0.0699	
rs150k	I0	651118	40	411	0.0000	0.7856	0.1473	0.0640	
rs150k	I0	651033	29	411	0.0000	0.8379	0.1726	0.0786	
rs150k	I0	651782	34	411	0.0000	0.7044	0.1658	0.0633	
rs150k	I0	650596	40	411	0.0000	0.9179	0.1484	0.0751	
rs150k	I0	651245	44	411	0.0000	0.8956	0.1535	0.0747	
rs150k	I0	651423	37	411	0.0000	0.8155	0.1907	0.0773	
rs150k	I0	651629	35	411	0.0000	0.7921	0.1823	0.0819	
rs150k	I0	650908	32	411	0.0000	0.7879	0.1699	0.0885	
rs150k	I0	652278	36	411	0.0000	0.8332	0.1595	0.0872	
rs150k	I0	651411	37	411	0.0000	0.7455	0.1685	0.0687	
rs150k	I0	651432	38	411	0.0000	0.7501	0.1509	0.0731	
rs150k	I0	651537	25	411	0.0000	0.8023	0.1727	0.0865	
rs150k	I0	651671	39	411	0.0000	0.8701	0.1487	0.0649	
rs150k	I0	651134	30	411	0.0000	0.7986	0.1566	0.0773	
nsga150k2x	I1	3502684	168	269	0.0149	0.5650	0.5080	0.0017	
nsga150k2x	I1	3494039	168	269	0.0186	0.6767	0.4990	0.0025	
nsga150k2x	I1	3488137	163	269	0.0112	0.5869	0.5046	0.0022	
nsga150k2x	I1	3500689	148	269	0.0112	0.6489	0.5081	0.0020	
nsga150k2x	I1	3503619	146	269	0.0149	0.6626	0.4993	0.0024	
nsga150k2x	I1	3493227	160	269	0.0409	0.6242	0.5060	0.0019	
nsga150k2x	I1	3499735	138	269	0.0335	0.6863	0.5140	0.0020	
nsga150k2x	I1	3494030	167	269	0.0037	0.5437	0.5036	0.0022	
nsga150k2x	I1	3483744	161	269	0.0297	0.5961	0.5064	0.0022	
nsga150k2x	I1	3495313	155	269	0.0409	0.5966	0.5143	0.0018	
nsga150k2x	I1	3490112	167	269	0.0037	0.5313	0.5038	0.0021	
nsga150k2x	I1	3487779	165	269	0.0149	0.6186	0.5064	0.0020	
nsga150k2x	I1	3607917	163	269	0.0186	0.6065	0.5085	0.0019	
nsga150k2x	I1	3642741	148	269	0.0186	0.5711	0.5088	0.0019	
nsga150k2x	I1	3630220	138	269	0.0372	0.5832	0.5138	0.0018	
nsga150k2x	I1	3650715	163	269	0.0112	0.6770	0.5070	0.0021	
nsga150k2x	I1	3645041	168	269	0.0186	0.5844	0.5078	0.0020	
nsga150k2x	I1	3635288	168	269	0.0223	0.6389	0.5055	0.0019	
nsga150k2x	I1	3629860	146	269	0.0223	0.5686	0.5036	0.0025	
nsga150k2x	I1	3636461	163	269	0.0112	0.6526	0.5026	0.0024	
nsga150k2x	I1	3631097	156	269	0.0112	0.7038	0.5053	0.0026	
nsga150k2x	I1	2418287	155	269	0.0149	0.6427	0.5079	0.0020	
nsga150k2x	I1	2337163	144	269	0.0409	0.6201	0.5132	0.0017	
nsga150k2x	I1	2323514	163	269	0.0112	0.6342	0.5098	0.0019	
nsga150k2x	I1	2326231	138	269	0.0149	0.6148	0.5103	0.0021	
nsga150k2x	I1	2327111	161	269	0.0074	0.6409	0.5021	0.0021	
nsga150k2x	I1	2330065	164	269	0.0260	0.6887	0.5063	0.0021	
nsga150k2x	I1	2327272	162	269	0.0372	0.6250	0.5121	0.0018	
nsga150k2x	I1	2327125	149	269	0.0297	0.6055	0.5092	0.0019	
nsga150k2x	I1	2331447	168	269	0.0335	0.6520	0.5088	0.0019	
nsga150k2x	I1	2338247	167	269	0.0483	0.6897	0.5109	0.0019	
nsga150k2x	I1	2337911	160	269	0.0223	0.6654	0.5082	0.0021	
nsga150k2x	I1	2326365	166	269	0.0186	0.6093	0.5042	0.0022	
nsga150k2x	I1	2331943	162	269	0.0149	0.5729	0.5082	0.0021	
nsga150k2x	I1	2338457	159	269	0.0149	0.6589	0.5052	0.0022	
nsga150k2x	I1	2324590	156	269	0.0223	0.6236	0.5061	0.0021	
nsga150k2x	I1	2326938	164	269	0.0260	0.6215	0.5060	0.0020	
nsga150k2x	I1	2330610	153	269	0.0186	0.6756	0.5073	0.0021	
nsga150k2x	I1	2331092	168	269	0.0112	0.6109	0.5069	0.0020	
nsga150k2x	I1	2329479	162	269	0.0186	0.6280	0.5070	0.0019	
nsga150k2x	I1	2334181	168	269	0.0149	0.5845	0.5082	0.0019	
nsga150k2x	I1	2335409	156	269	0.0112	0.6337	0.5077	0.0020	
nsga150k2x	I1	2329881	159	269	0.0037	0.6391	0.5075	0.0018	
nsga150k2x	I1	2336441	165	269	0.0223	0.6123	0.5078	0.0020	
nsga150k2x	I1	2319312	164	269	0.0112	0.5987	0.5022	0.0021	
nsga150k2x	I1	2328629	165	269	0.0186	0.5720	0.5103	0.0019	
nsga150k2x	I1	2334593	168	269	0.0149	0.6306	0.5058	0.0020	
nsga150k2x	I1	2323551	155	269	0.0260	0.6438	0.5044	0.0023	
nsga150k2x	I1	2331567	167	269	0.0149	0.5984	0.5070	0.0020	
nsga150k2x	I1	2326047	164	269	0.0223	0.6178	0.5084	0.0019	
rs150k	I1	3579820	65	269	0.0000	0.7289	0.2546	0.0330	
rs150k	I1	3580179	56	269	0.0000	0.7714	0.2618	0.0347	
rs150k	I1	3580250	54	269	0.0000	0.7822	0.2530	0.0347	
rs150k	I1	3640314	45	269	0.0000	0.8062	0.2524	0.0409	
rs150k	I1	3584181	46	269	0.0000	0.7088	0.2535	0.0415	
rs150k	I1	3598181	51	269	0.0000	0.6619	0.2575	0.0353	
rs150k	I1	3584469	65	269	0.0000	0.7341	0.2499	0.0345	
rs150k	I1	3613277	50	269	0.0000	0.7899	0.2533	0.0372	
rs150k	I1	3578329	62	269	0.0000	0.6807	0.2521	0.0338	
rs150k	I1	3580004	53	269	0.0000	0.6875	0.2513	0.0358	
rs150k	I1	3580451	55	269	0.0000	0.7175	0.2599	0.0343	
rs150k	I1	3579642	64	269	0.0000	0.7296	0.2551	0.0324	
rs150k	I1	3525283	62	269	0.0000	0.7000	0.2561	0.0334	
rs150k	I1	3492170	53	269	0.0000	0.8473	0.2662	0.0368	
rs150k	I1	3491785	61	269	0.0000	0.7458	0.2498	0.0355	
rs150k	I1	3492060	65	269	0.0000	0.7251	0.2470	0.0341	
rs150k	I1	3493883	55	269	0.0000	0.7416	0.2603	0.0358	
rs150k	I1	3494450	61	269	0.0000	0.6668	0.2467	0.0349	
rs150k	I1	3492537	62	269	0.0000	0.8026	0.2552	0.0343	
rs150k	I1	3490331	55	269	0.0000	0.7367	0.2495	0.0363	
rs150k	I1	3494137	53	269	0.0000	0.8424	0.2771	0.0336	
rs150k	I1	3492002	58	269	0.0000	0.7147	0.2560	0.0348	
rs150k	I1	2371569	46	269	0.0000	0.7777	0.2627	0.0380	
rs150k	I1	2369797	50	269	0.0000	0.7274	0.2541	0.0380	
rs150k	I1	2369441	49	269	0.0000	0.6757	0.2482	0.0373	
rs150k	I1	2368740	53	269	0.0000	0.8132	0.2473	0.0393	
rs150k	I1	2367471	58	269	0.0000	0.6789	0.2552	0.0338	
rs150k	I1	2415155	53	269	0.0000	0.7245	0.2583	0.0350	
rs150k	I1	2371448	57	269	0.0000	0.6735	0.2530	0.0348	
rs150k	I1	2367244	57	269	0.0000	0.7301	0.2471	0.0361	
rs150k	I1	2364095	51	269	0.0000	0.7541	0.2628	0.0356	
rs150k	I1	2394599	57	269	0.0000	0.6038	0.2528	0.0345	
rs150k	I1	2455814	58	269	0.0000	0.8018	0.2600	0.0368	
rs150k	I1	2370225	51	269	0.0000	0.6894	0.2549	0.0383	
rs150k	I1	2369949	54	269	0.0000	0.7468	0.2557	0.0350	
rs150k	I1	2368997	51	269	0.0000	0.6360	0.2517	0.0351	
rs150k	I1	2368372	43	269	0.0000	0.6020	0.2438	0.0423	
rs150k	I1	2368905	65	269	0.0000	0.7291	0.2513	0.0339	
rs150k	I1	2370569	68	269	0.0000	0.7949	0.2497	0.0312	
rs150k	I1	2372289	54	269	0.0000	0.6968	0.2575	0.0356	
rs150k	I1	2370266	58	269	0.0000	0.7272	0.2454	0.0374	
rs150k	I1	2371456	58	269	0.0000	0.7120	0.2495	0.0337	
rs150k	I1	2371745	54	269	0.0000	0.6934	0.2566	0.0362	
rs150k	I1	2375615	59	269	0.0000	0.7482	0.2594	0.0350	
rs150k	I1	2373471	50	269	0.0000	0.7545	0.2495	0.0384	
rs150k	I1	2371104	58	269	0.0000	0.8213	0.2635	0.0341	
rs150k	I1	2373722	54	269	0.0000	0.6689	0.2585	0.0358	
rs150k	I1	2374705	61	269	0.0000	0.7582	0.2508	0.0357	
rs150k	I1	2372967	61	269	0.0000	0.7967	0.2443	0.0355	
rs150k	I1	2370957	62	269	0.0000	0.8471	0.2580	0.0352	
nsga150k2x	I2	4264363	109	156	0.0128	0.6293	0.4943	0.0040	
nsga150k2x	I2	4236152	91	156	0.0256	0.7218	0.4933	0.0051	
nsga150k2x	I2	4230046	102	156	0.0256	0.7205	0.4919	0.0055	
nsga150k2x	I2	4241271	103	156	0.0128	0.6791	0.4941	0.0044	
nsga150k2x	I2	4236035	101	156	0.0064	0.6921	0.4941	0.0045	
nsga150k2x	I2	4232312	98	156	0.0128	0.7322	0.4933	0.0053	
nsga150k2x	I2	4225361	98	156	0.0256	0.6643	0.4976	0.0041	
nsga150k2x	I2	4266111	104	156	0.0192	0.6327	0.4932	0.0046	
nsga150k2x	I2	4269992	94	156	0.0128	0.6274	0.4960	0.0041	
nsga150k2x	I2	4280458	101	156	0.0128	0.6553	0.4870	0.0054	
nsga150k2x	I2	4274155	110	156	0.0321	0.7134	0.4954	0.0046	
nsga150k2x	I2	4269280	103	156	0.0256	0.7038	0.4968	0.0041	
nsga150k2x	I2	4268393	106	156	0.0192	0.7031	0.4918	0.0053	
nsga150k2x	I2	4280495	99	156	0.0192	0.6654	0.4935	0.0048	
nsga150k2x	I2	4268552	98	156	0.0128	0.7280	0.4942	0.0062	
nsga150k2x	I2	4279969	94	156	0.0128	0.6400	0.4951	0.0040	
nsga150k2x	I2	4270763	103	156	0.0321	0.7689	0.5038	0.0041	
nsga150k2x	I2	4152353	112	156	0.0321	0.7285	0.4952	0.0047	
nsga150k2x	I2	4106196	109	156	0.0321	0.6912	0.4960	0.0040	
nsga150k2x	I2	4097724	104	156	0.0064	0.7197	0.4888	0.0059	
nsga150k2x	I2	4100455	118	156	0.0256	0.6714	0.4987	0.0040	
nsga150k2x	I2	4098748	103	156	0.0064	0.6917	0.4929	0.0046	
nsga150k2x	I2	4094702	96	156	0.0449	0.6795	0.4999	0.0054	
nsga150k2x	I2	4090469	108	156	0.0192	0.6300	0.4966	0.0040	
nsga150k2x	I2	4103495	114	156	0.0064	0.6342	0.4844	0.0047	
nsga150k2x	I2	2927440	90	156	0.0128	0.6575	0.4995	0.0041	
nsga150k2x	I2	2736683	96	156	0.0192	0.6988	0.4975	0.0044	
nsga150k2x	I2	2738136	107	156	0.0192	0.7263	0.4932	0.0044	
nsga150k2x	I2	2737110	97	156	0.0513	0.6315	0.5030	0.0050	
nsga150k2x	I2	2729898	91	156	0.0385	0.6059	0.5001	0.0048	
nsga150k2x	I2	2729560	99	156	0.0000	0.7028	0.4929	0.0046	
nsga150k2x	I2	2740118	98	156	0.0513	0.6582	0.4989	0.0040	
nsga150k2x	I2	2738721	88	156	0.0385	0.6336	0.4973	0.0045	
nsga150k2x	I2	2729330	98	156	0.0256	0.6502	0.4947	0.0043	
nsga150k2x	I2	2731596	106	156	0.0000	0.6230	0.4888	0.0045	
nsga150k2x	I2	2737142	117	156	0.0000	0.7437	0.4891	0.0056	
nsga150k2x	I2	2732169	94	156	0.0385	0.6439	0.5015	0.0041	
nsga150k2x	I2	2736503	99	156	0.0128	0.6437	0.4929	0.0048	
nsga150k2x	I2	2734607	103	156	0.0128	0.6638	0.4856	0.0047	
nsga150k2x	I2	2735679	114	156	0.0128	0.6664	0.4805	0.0048	
nsga150k2x	I2	2729600	100	156	0.0192	0.6281	0.4937	0.0048	
nsga150k2x	I2	2733612	99	156	0.0064	0.5985	0.4915	0.0045	
nsga150k2x	I2	2738090	101	156	0.0000	0.6616	0.4902	0.0044	
nsga150k2x	I2	2735528	93	156	0.0321	0.6737	0.4999	0.0040	
nsga150k2x	I2	2736008	103	156	0.0192	0.6392	0.4992	0.0043	
nsga150k2x	I2	2735115	104	156	0.0192	0.7090	0.4963	0.0050	
nsga150k2x	I2	2733676	100	156	0.0256	0.5600	0.4933	0.0039	
nsga150k2x	I2	2738758	108	156	0.0128	0.6637	0.4950	0.0040	
nsga150k2x	I2	2737396	96	156	0.0192	0.6037	0.4942	0.0042	
nsga150k2x	I2	2619386	115	156	0.0192	0.6945	0.4911	0.0043	
rs150k	I2	5265042	26	156	0.0000	0.7272	0.0896	0.0899	
rs150k	I2	4210732	22	156	0.0000	0.7533	0.0981	0.0962	
rs150k	I2	4212785	28	156	0.0000	0.8106	0.0870	0.1024	
rs150k	I2	4208803	31	156	0.0000	0.7649	0.0831	0.1068	
rs150k	I2	4217760	31	156	0.0000	0.8691	0.0971	0.0942	
rs150k	I2	4209028	35	156	0.0000	0.8611	0.0889	0.0918	
rs150k	I2	4216941	33	156	0.0000	0.8374	0.0779	0.1016	
rs150k	I2	4254849	37	156	0.0000	0.9056	0.0849	0.0776	
rs150k	I2	4362065	35	156	0.0000	0.8591	0.0837	0.0826	
rs150k	I2	4363011	30	156	0.0000	0.8055	0.0805	0.1055	
rs150k	I2	4427262	30	156	0.0000	0.8119	0.1027	0.0986	
rs150k	I2	4383107	30	156	0.0000	0.7992	0.0950	0.0842	
rs150k	I2	4372017	26	156	0.0000	0.7322	0.0812	0.1004	
rs150k	I2	4409258	31	156	0.0000	0.8409	0.0804	0.0897	
rs150k	I2	4363619	24	156	0.0000	0.7794	0.0948	0.0990	
rs150k	I2	4362859	39	156	0.0000	0.7862	0.0862	0.0770	
rs150k	I2	4362775	28	156	0.0000	0.7907	0.0812	0.1079	
rs150k	I2	4368792	35	156	0.0000	0.8385	0.0820	0.0786	
rs150k	I2	4409592	35	156	0.0000	0.9126	0.0771	0.0971	
rs150k	I2	4410459	27	156	0.0000	0.8201	0.1147	0.0842	
rs150k	I2	4410304	34	156	0.0000	0.8372	0.0809	0.0972	
rs150k	I2	4413840	36	156	0.0000	0.8326	0.0813	0.0902	
rs150k	I2	4411867	24	156	0.0000	0.7663	0.1000	0.0834	
rs150k	I2	4412253	25	156	0.0000	0.8914	0.1019	0.0989	
rs150k	I2	4413152	29	156	0.0000	0.8161	0.0949	0.0825	
rs150k	I2	3618159	27	156	0.0000	0.7669	0.1045	0.0950	
rs150k	I2	2818076	32	156	0.0000	0.8058	0.0842	0.0988	
rs150k	I2	2817227	26	156	0.0000	0.6934	0.0865	0.0927	
rs150k	I2	2817461	25	156	0.0000	0.8635	0.1107	0.0968	
rs150k	I2	2815322	35	156	0.0000	0.8231	0.0786	0.0928	
rs150k	I2	2864846	29	156	0.0000	0.8173	0.0861	0.0827	
rs150k	I2	2817647	34	156	0.0000	0.7306	0.0863	0.0988	
rs150k	I2	2812774	32	156	0.0000	0.8776	0.0994	0.0920	
rs150k	I2	2843758	39	156	0.0000	0.8264	0.0777	0.0799	
rs150k	I2	2908397	35	156	0.0000	0.8124	0.0744	0.0837	
rs150k	I2	2819043	34	156	0.0000	0.8318	0.0979	0.0870	
rs150k	I2	2819381	35	156	0.0000	0.7912	0.0845	0.0782	
rs150k	I2	2816898	29	156	0.0000	0.7526	0.0855	0.0917	
rs150k	I2	2818782	32	156	0.0000	0.9436	0.1077	0.0880	
rs150k	I2	2819342	27	156	0.0000	0.7954	0.0907	0.1059	
rs150k	I2	2820117	39	156	0.0000	0.8903	0.0964	0.0799	
rs150k	I2	2820203	27	156	0.0000	0.8019	0.0816	0.0952	
rs150k	I2	2819012	36	156	0.0000	0.7455	0.0672	0.0818	
rs150k	I2	2823197	35	156	0.0000	0.8664	0.1037	0.0850	
rs150k	I2	2819903	29	156	0.0000	0.8063	0.0915	0.0919	
rs150k	I2	2819707	26	156	0.0000	0.8948	0.0951	0.1104	
rs150k	I2	2822283	29	156	0.0000	0.7681	0.0974	0.0933	
rs150k	I2	2821936	38	156	0.0000	0.8295	0.0770	0.0844	
rs150k	I2	2818256	25	156	0.0000	0.7738	0.1043	0.0919	
rs150k	I2	2254996	29	156	0.0000	0.8218	0.0835	0.0897	
nsga150k2x	I3	2014760	143	323	0.0124	0.5862	0.4046	0.0039	
nsga150k2x	I3	2018386	144	323	0.0062	0.6495	0.4013	0.0060	
nsga150k2x	I3	2010212	144	323	0.0217	0.5469	0.4038	0.0038	
nsga150k2x	I3	2015989	144	323	0.0248	0.5992	0.4034	0.0033	
nsga150k2x	I3	2010396	143	323	0.0279	0.7791	0.4055	0.0098	
nsga150k2x	I3	2044504	144	323	0.0000	0.5743	0.3993	0.0038	
nsga150k2x	I3	2241054	143	323	0.0031	0.6273	0.4008	0.0043	
nsga150k2x	I3	2035317	144	323	0.0062	0.6416	0.3931	0.0068	
nsga150k2x	I3	2017359	144	323	0.0248	0.5798	0.4039	0.0029	
nsga150k2x	I3	2015170	144	323	0.0279	0.6185	0.4084	0.0038	
nsga150k2x	I3	2016078	144	323	0.0062	0.5740	0.3985	0.0038	
nsga150k2x	I3	2018419	143	323	0.0217	0.5952	0.4007	0.0040	
nsga150k2x	I3	2017808	144	323	0.0402	0.5690	0.4122	0.0034	
nsga150k2x	I3	2011509	143	323	0.0248	0.6102	0.4192	0.0040	
nsga150k2x	I3	2018828	144	323	0.0217	0.5879	0.3990	0.0030	
nsga150k2x	I3	2031589	144	323	0.0248	0.5761	0.4067	0.0028	
nsga150k2x	I3	2013152	144	323	0.0186	0.5615	0.3938	0.0034	
nsga150k2x	I3	2016663	144	323	0.0155	0.5457	0.4088	0.0034	
nsga150k2x	I3	2023156	144	323	0.0155	0.5648	0.4008	0.0032	
nsga150k2x	I3	2016395	144	323	0.0124	0.6596	0.3980	0.0039	
nsga150k2x	I3	2004007	144	323	0.0093	0.6171	0.3991	0.0050	
nsga150k2x	I3	2016888	143	323	0.0279	0.6406	0.4037	0.0039	
nsga150k2x	I3	2013643	142	323	0.0093	0.6800	0.4041	0.0041	
nsga150k2x	I3	2007301	143	323	0.0248	0.5832	0.3996	0.0031	
nsga150k2x	I3	2021555	144	323	0.0372	0.5990	0.4095	0.0028	
nsga150k2x	I3	2008372	144	323	0.0310	0.7113	0.4090	0.0047	
nsga150k2x	I3	2011756	144	323	0.0186	0.6061	0.4072	0.0033	
nsga150k2x	I3	2020781	144	323	0.0186	0.5405	0.4003	0.0037	
nsga150k2x	I3	2017291	144	323	0.0341	0.5863	0.4036	0.0031	
nsga150k2x	I3	2016076	143	323	0.0124	0.6336	0.4050	0.0036	
nsga150k2x	I3	2010740	141	323	0.0310	0.6557	0.4048	0.0049	
nsga150k2x	I3	2022031	144	323	0.0217	0.6322	0.4019	0.0038	
nsga150k2x	I3	2012069	144	323	0.0279	0.5577	0.4090	0.0034	
nsga150k2x	I3	2022940	144	323	0.0124	0.5994	0.4028	0.0035	
nsga150k2x	I3	2008411	144	323	0.0186	0.7712	0.3982	0.0105	
nsga150k2x	I3	2014211	144	323	0.0248	0.6125	0.4040	0.0030	
nsga150k2x	I3	2013904	144	323	0.0186	0.6247	0.4017	0.0035	
nsga150k2x	I3	2020527	144	323	0.0248	0.6640	0.4069	0.0040	
nsga150k2x	I3	2009721	144	323	0.0155	0.6250	0.4061	0.0039	
nsga150k2x	I3	2019080	139	323	0.0186	0.6680	0.4010	0.0056	
nsga150k2x	I3	2012435	143	323	0.0217	0.9136	0.3983	0.0168	
nsga150k2x	I3	2008998	144	323	0.0279	0.6126	0.3918	0.0043	
nsga150k2x	I3	2008158	143	323	0.0341	0.5777	0.4077	0.0033	
nsga150k2x	I3	2008013	144	323	0.0124	0.6317	0.4000	0.0055	
nsga150k2x	I3	2014722	140	323	0.0093	0.5883	0.4039	0.0045	
nsga150k2x	I3	2012434	143	323	0.0186	0.6044	0.4061	0.0041	
nsga150k2x	I3	2004527	144	323	0.0186	0.6820	0.4018	0.0045	
nsga150k2x	I3	2028284	144	323	0.0155	0.7092	0.4056	0.0050	
nsga150k2x	I3	2014365	144	323	0.0310	0.8539	0.4034	0.0119	
nsga150k2x	I3	2019922	142	323	0.0186	0.6699	0.4058	0.0040	
rs150k	I3	2278400	40	323	0.0000	0.7932	0.0000	0.1446	
rs150k	I3	2279990	49	323	0.0000	1.0330	0.0007	0.1475	
rs150k	I3	2279907	38	323	0.0000	0.8446	0.0077	0.1315	
rs150k	I3	2294562	42	323	0.0000	0.8444	0.0293	0.1230	
rs150k	I3	2278962	45	323	0.0000	0.8362	0.0039	0.1434	
rs150k	I3	2279109	34	323	0.0000	0.7439	0.0000	0.1398	
rs150k	I3	2278800	37	323	0.0000	0.8368	0.0000	0.1380	
rs150k	I3	2279694	52	323	0.0000	0.8429	0.0000	0.1288	
rs150k	I3	2280091	38	323	0.0000	0.8185	0.0049	0.1418	
rs150k	I3	2278256	43	323	0.0000	0.7429	0.0000	0.1274	
rs150k	I3	2279283	37	323	0.0000	0.8224	0.0000	0.1202	
rs150k	I3	2279957	43	323	0.0000	0.8483	0.0024	0.1309	
rs150k	I3	2278922	53	323	0.0000	0.9440	0.0000	0.1392	
rs150k	I3	2279852	41	323	0.0000	0.7949	0.0000	0.1446	
rs150k	I3	2279338	34	323	0.0000	0.7255	0.0000	0.1297	
rs150k	I3	2279404	39	323	0.0000	0.7652	0.0000	0.1307	
rs150k	I3	2279679	49	323	0.0000	0.7938	0.0000	0.1281	
rs150k	I3	2278915	42	323	0.0000	0.8094	0.0000	0.1316	
rs150k	I3	2278950	40	323	0.0000	0.8833	0.0000	0.1360	
rs150k	I3	2279244	46	323	0.0000	0.9628	0.0000	0.1750	
rs150k	I3	2279842	58	323	0.0000	0.8378	0.0000	0.1143	
rs150k	I3	2279232	38	323	0.0000	0.8486	0.0262	0.1407	
rs150k	I3	2280404	35	323	0.0000	0.8698	0.0160	0.1480	
rs150k	I3	2279896	40	323	0.0000	0.6964	0.0000	0.1286	
rs150k	I3	2279428	36	323	0.0000	0.8624	0.0000	0.1654	
rs150k	I3	2278514	35	323	0.0000	0.7960	0.0121	0.1448	
rs150k	I3	2279655	43	323	0.0000	0.8366	0.0000	0.1400	
rs150k	I3	2278963	40	323	0.0000	0.9185	0.0000	0.1457	
rs150k	I3	2279599	45	323	0.0000	0.7348	0.0000	0.1620	
rs150k	I3	2280111	43	323	0.0000	0.7973	0.0000	0.1214	
rs150k	I3	2279344	37	323	0.0000	0.9089	0.0000	0.1771	
rs150k	I3	2279396	39	323	0.0000	0.7855	0.0000	0.1409	
rs150k	I3	2520146	39	323	0.0000	1.0022	0.0338	0.1848	
rs150k	I3	2290997	39	323	0.0000	0.9066	0.0000	0.1438	
rs150k	I3	2292412	36	323	0.0000	0.7874	0.0076	0.1299	
rs150k	I3	2291317	40	323	0.0000	0.8297	0.0000	0.1815	
rs150k	I3	2292009	44	323	0.0000	0.8449	0.0072	0.1644	
rs150k	I3	2292266	47	323	0.0000	0.9862	0.0000	0.1626	
rs150k	I3	2292112	40	323	0.0000	0.8071	0.0318	0.1402	
rs150k	I3	2291332	37	323	0.0000	0.9397	0.0050	0.1896	
rs150k	I3	2291800	38	323	0.0000	0.9615	0.0299	0.1435	
rs150k	I3	2291765	41	323	0.0000	0.8542	0.0000	0.1340	
rs150k	I3	2291574	38	323	0.0000	0.8157	0.0000	0.1303	
rs150k	I3	2292468	44	323	0.0000	0.8156	0.0000	0.1434	
rs150k	I3	2296502	28	323	0.0000	0.7227	0.0180	0.1778	
rs150k	I3	2292320	37	323	0.0000	0.7148	0.0000	0.1302	
rs150k	I3	2292128	40	323	0.0000	0.8325	0.0143	0.1338	
rs150k	I3	2290947	37	323	0.0000	0.8222	0.0069	0.1463	
rs150k	I3	2291116	35	323	0.0000	0.6792	0.0009	0.1199	
rs150k	I3	2292038	50	323	0.0000	0.6988	0.0000	0.1213	
nsga150k2x	I4	1508801	120	384	0.0130	0.4194	0.4913	0.0021	
nsga150k2x	I4	1463516	120	384	0.0130	0.4286	0.4906	0.0021	
nsga150k2x	I4	1469780	120	384	0.0078	0.4090	0.4945	0.0019	
nsga150k2x	I4	1473404	120	384	0.0156	0.4239	0.4952	0.0022	
nsga150k2x	I4	1469388	120	384	0.0156	0.4451	0.4974	0.0015	
nsga150k2x	I4	1476975	120	384	0.0286	0.4621	0.4963	0.0020	
nsga150k2x	I4	1472150	120	384	0.0234	0.4305	0.4965	0.0018	
nsga150k2x	I4	1468868	120	384	0.0156	0.4603	0.4967	0.0015	
nsga150k2x	I4	1472463	119	384	0.0417	0.4522	0.4998	0.0012	
nsga150k2x	I4	1471123	120	384	0.0182	0.5140	0.4961	0.0020	
nsga150k2x	I4	1470999	120	384	0.0156	0.4737	0.4966	0.0018	
nsga150k2x	I4	1470527	120	384	0.0182	0.4081	0.4931	0.0021	
nsga150k2x	I4	1468649	120	384	0.0182	0.4401	0.4969	0.0021	
nsga150k2x	I4	1462285	120	384	0.0234	0.4772	0.4968	0.0029	
nsga150k2x	I4	1460935	120	384	0.0130	0.3839	0.4924	0.0019	
nsga150k2x	I4	1466871	120	384	0.0286	0.4492	0.4993	0.0013	
nsga150k2x	I4	1467100	120	384	0.0234	0.4301	0.4976	0.0018	
nsga150k2x	I4	1467532	120	384	0.0339	0.4491	0.4988	0.0015	
nsga150k2x	I4	1467100	120	384	0.0312	0.4336	0.4976	0.0016	
nsga150k2x	I4	1471981	119	384	0.0234	0.4828	0.4994	0.0014	
nsga150k2x	I4	1462394	120	384	0.0104	0.5018	0.4922	0.0022	
nsga150k2x	I4	1473991	120	384	0.0156	0.3889	0.4970	0.0017	
nsga150k2x	I4	1477259	120	384	0.0130	0.4464	0.4945	0.0018	
nsga150k2x	I4	1478887	120	384	0.0234	0.4115	0.4947	0.0021	
nsga150k2x	I4	1483110	120	384	0.0156	0.4731	0.4911	0.0025	
nsga150k2x	I4	1474499	120	384	0.0104	0.4666	0.4959	0.0015	
nsga150k2x	I4	1474998	120	384	0.0052	0.4199	0.4953	0.0018	
nsga150k2x	I4	1484994	120	384	0.0286	0.4061	0.4958	0.0018	
nsga150k2x	I4	1480082	120	384	0.0156	0.4922	0.4968	0.0016	
nsga150k2x	I4	1475143	120	384	0.0339	0.5029	0.4977	0.0024	
nsga150k2x	I4	1475338	120	384	0.0469	0.4759	0.5010	0.0015	
nsga150k2x	I4	1480617	120	384	0.0208	0.4414	0.4978	0.0016	
nsga150k2x	I4	1477904	120	384	0.0208	0.4316	0.4955	0.0016	
nsga150k2x	I4	1475320	120	384	0.0208	0.3814	0.4972	0.0014	
nsga150k2x	I4	1479292	120	384	0.0208	0.5212	0.4984	0.0018	
nsga150k2x	I4	1477563	120	384	0.0104	0.4760	0.4961	0.0016	
nsga150k2x	I4	1477157	120	384	0.0312	0.4812	0.4979	0.0016	
nsga150k2x	I4	1478769	120	384	0.0260	0.4245	0.4987	0.0014	
nsga150k2x	I4	1479859	120	384	0.0234	0.4482	0.4920	0.0023	
nsga150k2x	I4	1475048	120	384	0.0052	0.4155	0.4932	0.0019	
nsga150k2x	I4	1474881	120	384	0.0104	0.4305	0.4965	0.0017	
nsga150k2x	I4	1470646	120	384	0.0156	0.4196	0.4951	0.0015	
nsga150k2x	I4	1475046	120	384	0.0078	0.4570	0.4941	0.0018	
nsga150k2x	I4	1480827	120	384	0.0052	0.4210	0.4905	0.0024	
nsga150k2x	I4	1479441	120	384	0.0104	0.4510	0.4908	0.0022	
nsga150k2x	I4	1475976	120	384	0.0156	0.4661	0.4938	0.0021	
nsga150k2x	I4	1474970	120	384	0.0312	0.3945	0.4962	0.0015	
nsga150k2x	I4	1476110	120	384	0.0104	0.3785	0.4970	0.0018	
nsga150k2x	I4	1483442	120	384	0.0208	0.4878	0.4946	0.0021	
nsga150k2x	I4	1478870	120	384	0.0521	0.3952	0.5000	0.0013	
rs150k	I4	2089278	47	384	0.0000	0.7026	0.2984	0.0307	
rs150k	I4	2041764	57	384	0.0000	0.8609	0.2995	0.0293	
rs150k	I4	1568410	58	384	0.0000	0.8053	0.2886	0.0301	
rs150k	I4	1551541	58	384	0.0000	0.8228	0.2947	0.0296	
rs150k	I4	1552539	57	384	0.0000	0.6837	0.2935	0.0285	
rs150k	I4	1551665	57	384	0.0000	0.7899	0.2987	0.0296	
rs150k	I4	1552750	51	384	0.0000	0.7699	0.3091	0.0298	
rs150k	I4	1552762	47	384	0.0000	0.7441	0.3171	0.0324	
rs150k	I4	1552432	55	384	0.0000	0.7173	0.3038	0.0271	
rs150k	I4	1552096	58	384	0.0000	0.8088	0.3048	0.0292	
rs150k	I4	1552772	56	384	0.0000	0.7403	0.3038	0.0277	
rs150k	I4	1552313	59	384	0.0000	0.6900	0.2933	0.0283	
rs150k	I4	1550408	58	384	0.0000	0.7763	0.2916	0.0310	
rs150k	I4	1549928	61	384	0.0000	0.7576	0.3037	0.0281	
rs150k	I4	1551370	54	384	0.0000	0.7910	0.3079	0.0315	
rs150k	I4	1551863	64	384	0.0000	0.7179	0.3083	0.0259	
rs150k	I4	1550698	56	384	0.0000	0.7285	0.2938	0.0314	
rs150k	I4	1551535	63	384	0.0000	0.7438	0.2867	0.0291	
rs150k	I4	1551105	61	384	0.0000	0.7603	0.2942	0.0297	
rs150k	I4	1551361	61	384	0.0000	0.7230	0.3016	0.0278	
rs150k	I4	1551231	57	384	0.0000	0.6862	0.2906	0.0297	
rs150k	I4	1530664	65	384	0.0000	0.8247	0.2983	0.0288	
rs150k	I4	1530957	53	384	0.0000	0.6536	0.2906	0.0303	
rs150k	I4	1529938	65	384	0.0000	0.7241	0.2875	0.0280	
rs150k	I4	1529985	48	384	0.0000	0.7379	0.2944	0.0348	
rs150k	I4	1529755	51	384	0.0000	0.6589	0.2973	0.0288	
rs150k	I4	1529415	53	384	0.0000	0.7701	0.3122	0.0279	
rs150k	I4	1528998	51	384	0.0000	0.7308	0.2958	0.0300	
rs150k	I4	1586984	58	384	0.0000	0.7737	0.2956	0.0300	
rs150k	I4	1529588	58	384	0.0000	0.7523	0.3045	0.0276	
rs150k	I4	1530089	64	384	0.0000	0.6867	0.2988	0.0250	
rs150k	I4	1529626	56	384	0.0000	0.7156	0.2973	0.0286	
rs150k	I4	1543962	56	384	0.0000	0.7353	0.2986	0.0293	
rs150k	I4	1537832	63	384	0.0000	0.8013	0.2881	0.0317	
rs150k	I4	1529875	62	384	0.0000	0.6858	0.3005	0.0286	
rs150k	I4	1527118	60	384	0.0000	0.6936	0.2966	0.0287	
rs150k	I4	1525170	63	384	0.0000	0.6993	0.3023	0.0263	
rs150k	I4	1524921	54	384	0.0000	0.6878	0.2935	0.0299	
rs150k	I4	1563113	49	384	0.0000	0.7358	0.3098	0.0297	
rs150k	I4	1529736	53	384	0.0000	0.7315	0.3072	0.0301	
rs150k	I4	1529945	57	384	0.0000	0.7000	0.3025	0.0294	
rs150k	I4	1529894	62	384	0.0000	0.7522	0.2931	0.0286	
rs150k	I4	1530176	57	384	0.0000	0.7193	0.2951	0.0297	
rs150k	I4	1528854	59	384	0.0000	0.7746	0.2982	0.0303	
rs150k	I4	1529101	56	384	0.0000	0.7501	0.3034	0.0284	
rs150k	I4	1529560	62	384	0.0000	0.7041	0.2912	0.0272	
rs150k	I4	1529567	59	384	0.0000	0.7942	0.2949	0.0289	
rs150k	I4	1530406	57	384	0.0000	0.7090	0.2896	0.0312	
rs150k	I4	1529947	61	384	0.0000	0.7430	0.3087	0.0264	
rs150k	I4	1530241	59	384	0.0000	0.6482	0.2903	0.0275	
nsga150k2x	I5	642038	88	365	0.0274	0.4091	0.5183	0.0013	
nsga150k2x	I5	641152	88	365	0.0603	0.4487	0.5204	0.0012	
nsga150k2x	I5	634670	88	365	0.0274	0.3795	0.5110	0.0021	
nsga150k2x	I5	640476	88	365	0.0247	0.4778	0.5165	0.0016	
nsga150k2x	I5	640865	88	365	0.0192	0.4460	0.5151	0.0019	
nsga150k2x	I5	643274	88	365	0.0219	0.4706	0.5125	0.0020	
nsga150k2x	I5	643356	88	365	0.0164	0.5036	0.5132	0.0020	
nsga150k2x	I5	639130	88	365	0.0164	0.3765	0.5127	0.0022	
nsga150k2x	I5	640709	88	365	0.0274	0.4169	0.5165	0.0017	
nsga150k2x	I5	640390	88	365	0.0027	0.4147	0.5121	0.0019	
nsga150k2x	I5	641725	88	365	0.0110	0.4258	0.5120	0.0022	
nsga150k2x	I5	643994	88	365	0.0164	0.4862	0.5127	0.0021	
nsga150k2x	I5	640935	88	365	0.0384	0.4633	0.5175	0.0014	
nsga150k2x	I5	637982	88	365	0.0247	0.3785	0.5167	0.0016	
nsga150k2x	I5	638697	88	365	0.0247	0.4247	0.5169	0.0017	
nsga150k2x	I5	642299	88	365	0.0082	0.4890	0.5141	0.0018	
nsga150k2x	I5	642282	88	365	0.0082	0.3995	0.5113	0.0020	
nsga150k2x	I5	641564	88	365	0.0027	0.3736	0.5115	0.0025	
nsga150k2x	I5	642764	88	365	0.0164	0.4169	0.5125	0.0024	
nsga150k2x	I5	639238	88	365	0.0438	0.4358	0.5195	0.0013	
nsga150k2x	I5	640791	88	365	0.0192	0.4261	0.5100	0.0024	
nsga150k2x	I5	639386	88	365	0.0247	0.3882	0.5165	0.0017	
nsga150k2x	I5	642409	88	365	0.0356	0.4319	0.5165	0.0019	
nsga150k2x	I5	641760	88	365	0.0027	0.4168	0.5088	0.0025	
nsga150k2x	I5	640183	88	365	0.0301	0.4073	0.5166	0.0018	
nsga150k2x	I5	641697	88	365	0.0164	0.4659	0.5168	0.0017	
nsga150k2x	I5	641645	88	365	0.0055	0.4459	0.5097	0.0025	
nsga150k2x	I5	644863	88	365	0.0247	0.4659	0.5117	0.0021	
nsga150k2x	I5	640292	88	365	0.0219	0.4523	0.5139	0.0018	
nsga150k2x	I5	643828	88	365	0.0137	0.4756	0.5117	0.0021	
nsga150k2x	I5	642335	88	365	0.0110	0.4223	0.5086	0.0025	
nsga150k2x	I5	643236	88	365	0.0274	0.4370	0.5157	0.0021	
nsga150k2x	I5	640271	88	365	0.0219	0.4088	0.5151	0.0018	
nsga150k2x	I5	640604	88	365	0.0301	0.4326	0.5155	0.0021	
nsga150k2x	I5	641299	88	365	0.0164	0.4383	0.5153	0.0017	
nsga150k2x	I5	641409	88	365	0.0192	0.4011	0.5148	0.0020	
nsga150k2x	I5	642508	88	365	0.0110	0.4492	0.5144	0.0019	
nsga150k2x	I5	641973	88	365	0.0301	0.4156	0.5150	0.0021	
nsga150k2x	I5	640629	88	365	0.0164	0.4241	0.5141	0.0020	
nsga150k2x	I5	643533	88	365	0.0274	0.4198	0.5150	0.0019	
nsga150k2x	I5	642294	88	365	0.0055	0.3942	0.5081	0.0027	
nsga150k2x	I5	643080	88	365	0.0274	0.4925	0.5122	0.0030	
nsga150k2x	I5	643544	88	365	0.0082	0.3946	0.5101	0.0026	
nsga150k2x	I5	640878	88	365	0.0027	0.3953	0.5138	0.0019	
nsga150k2x	I5	642140	88	365	0.0164	0.4253	0.5156	0.0018	
nsga150k2x	I5	642634	88	365	0.0164	0.4691	0.5137	0.0021	
nsga150k2x	I5	643734	88	365	0.0219	0.4388	0.5130	0.0024	
nsga150k2x	I5	642114	88	365	0.0110	0.4574	0.5149	0.0017	
nsga150k2x	I5	637368	88	365	0.0219	0.3752	0.5134	0.0022	
nsga150k2x	I5	639653	88	365	0.0247	0.3990	0.5155	0.0019	
rs150k	I5	670770	53	365	0.0000	0.6774	0.3055	0.0315	
rs150k	I5	670761	38	365	0.0000	0.5992	0.3349	0.0307	
rs150k	I5	671697	50	365	0.0000	0.6216	0.3096	0.0291	
rs150k	I5	670700	46	365	0.0000	0.7095	0.3189	0.0299	
rs150k	I5	671172	57	365	0.0000	0.8366	0.3190	0.0302	
rs150k	I5	671034	46	365	0.0000	0.7067	0.3135	0.0312	
rs150k	I5	671799	50	365	0.0000	0.6567	0.3200	0.0292	
rs150k	I5	671454	48	365	0.0000	0.6340	0.3157	0.0298	
rs150k	I5	671111	56	365	0.0000	0.7481	0.3135	0.0279	
rs150k	I5	671150	55	365	0.0000	0.6853	0.3164	0.0284	
rs150k	I5	671631	54	365	0.0000	0.7076	0.3125	0.0303	
rs150k	I5	671805	43	365	0.0000	0.7197	0.3349	0.0320	
rs150k	I5	671199	54	365	0.0000	0.6431	0.3066	0.0318	
rs150k	I5	670888	46	365	0.0000	0.7235	0.3205	0.0306	
rs150k	I5	671782	53	365	0.0000	0.7059	0.3093	0.0287	
rs150k	I5	671264	49	365	0.0000	0.7831	0.3222	0.0336	
rs150k	I5	671315	49	365	0.0000	0.7158	0.3137	0.0321	
rs150k	I5	671504	42	365	0.0000	0.7050	0.3206	0.0309	
rs150k	I5	671285	50	365	0.0000	0.6301	0.3087	0.0297	
rs150k	I5	670307	45	365	0.0000	0.7702	0.3207	0.0320	
rs150k	I5	671115	48	365	0.0000	0.7616	0.3296	0.0323	
rs150k	I5	671457	50	365	0.0000	0.6991	0.3264	0.0292	
rs150k	I5	671126	55	365	0.0000	0.7304	0.3092	0.0300	
rs150k	I5	671247	48	365	0.0000	0.6670	0.3110	0.0311	
rs150k	I5	670741	58	365	0.0000	0.7931	0.3037	0.0309	
rs150k	I5	670631	49	365	0.0000	0.6905	0.3194	0.0288	
rs150k	I5	670289	50	365	0.0000	0.6970	0.3160	0.0288	
rs150k	I5	670537	63	365	0.0000	0.8157	0.3086	0.0279	
rs150k	I5	671087	45	365	0.0000	0.6375	0.3202	0.0340	
rs150k	I5	670847	49	365	0.0000	0.7008	0.3141	0.0284	
rs150k	I5	671535	45	365	0.0000	0.8193	0.3313	0.0309	
rs150k	I5	671467	50	365	0.0000	0.7267	0.3227	0.0284	
rs150k	I5	671382	45	365	0.0000	0.6836	0.3116	0.0324	
rs150k	I5	671974	54	365	0.0000	0.6942	0.3099	0.0288	
rs150k	I5	671510	48	365	0.0000	0.6541	0.3106	0.0315	
rs150k	I5	671539	45	365	0.0000	0.7505	0.3337	0.0301	
rs150k	I5	670982	46	365	0.0000	0.7286	0.3279	0.0316	
rs150k	I5	671242	49	365	0.0000	0.6252	0.3190	0.0303	
rs150k	I5	671512	52	365	0.0000	0.6419	0.3057	0.0297	
rs150k	I5	670495	49	365	0.0000	0.7788	0.3183	0.0335	
rs150k	I5	670741	51	365	0.0000	0.7927	0.3193	0.0302	
rs150k	I5	672900	51	365	0.0000	0.7444	0.3244	0.0300	
rs150k	I5	671700	51	365	0.0000	0.6846	0.3223	0.0305	
rs150k	I5	670963	48	365	0.0000	0.6737	0.3129	0.0303	
rs150k	I5	670222	51	365	0.0000	0.7222	0.3179	0.0277	
rs150k	I5	670900	50	365	0.0000	0.7094	0.3122	0.0318	
rs150k	I5	670996	55	365	0.0000	0.7475	0.3209	0.0281	
rs150k	I5	669130	43	365	0.0000	0.7940	0.3214	0.0321	
rs150k	I5	669572	51	365	0.0000	0.7314	0.3100	0.0322	
rs150k	I5	669760	49	365	0.0000	0.7481	0.3044	0.0321	