config	inst	time	count	best	spr	hv	gd	
NSGANE	I0	470868	80	0.0219	0.5162	0.3334	0.0003	
NSGANE	I0	471678	80	0.0219	0.4343	0.3341	0.0003	
NSGANE	I0	374959	80	0.0211	0.4552	0.3322	0.0004	
NSGANE	I0	376048	80	0.0211	0.5108	0.3325	0.0003	
NSGANE	I0	370061	80	0.0169	0.4588	0.3331	0.0004	
NSGANE	I0	366525	80	0.0160	0.4326	0.3301	0.0004	
NSGANE	I0	369233	80	0.0177	0.3843	0.3342	0.0004	
NSGANE	I0	367526	80	0.0186	0.4809	0.3330	0.0004	
NSGANE	I0	369765	80	0.0211	0.4567	0.3332	0.0004	
NSGANE	I0	368488	80	0.0186	0.4875	0.3313	0.0003	
NSGANE	I0	367130	80	0.0169	0.4557	0.3331	0.0004	
NSGANE	I0	369164	80	0.0219	0.4014	0.3331	0.0003	
NSGANE	I0	366822	80	0.0270	0.4550	0.3324	0.0003	
NSGANE	I0	368822	80	0.0143	0.4811	0.3332	0.0003	
NSGANE	I0	370744	80	0.0312	0.5009	0.3335	0.0002	
NSGANE	I0	368189	80	0.0211	0.4415	0.3329	0.0003	
NSGANE	I0	368199	80	0.0152	0.4642	0.3336	0.0004	
NSGANE	I0	370006	80	0.0194	0.4351	0.3332	0.0003	
NSGANE	I0	367918	80	0.0169	0.4167	0.3336	0.0003	
NSGANE	I0	368315	80	0.0186	0.3940	0.3342	0.0003	
NSGANE	I0	370986	80	0.0194	0.4539	0.3335	0.0003	
NSGANE	I0	370433	80	0.0203	0.4710	0.3324	0.0004	
NSGANE	I0	368594	80	0.0228	0.4889	0.3335	0.0002	
NSGANE	I0	368430	80	0.0211	0.4912	0.3317	0.0004	
NSGANE	I0	368588	80	0.0194	0.4820	0.3332	0.0003	
NSGANE	I0	367487	80	0.0211	0.4643	0.3326	0.0003	
NSGANE	I0	369127	80	0.0169	0.4848	0.3325	0.0004	
NSGANE	I0	370475	80	0.0236	0.4604	0.3340	0.0003	
NSGANE	I0	368430	80	0.0194	0.4807	0.3318	0.0004	
NSGANE	I0	369709	80	0.0219	0.4177	0.3331	0.0004	
NSGANE	I0	370040	80	0.0186	0.4963	0.3329	0.0003	
NSGANE	I0	368903	80	0.0169	0.4964	0.3308	0.0003	
NSGANE	I0	370021	80	0.0186	0.4855	0.3336	0.0003	
NSGANE	I0	367873	80	0.0236	0.4270	0.3339	0.0004	
NSGANE	I0	368814	80	0.0160	0.4059	0.3333	0.0004	
NSGANE	I0	367180	80	0.0219	0.4703	0.3321	0.0003	
NSGANE	I0	369282	80	0.0186	0.4120	0.3328	0.0004	
NSGANE	I0	370004	80	0.0110	0.4399	0.3331	0.0004	
NSGANE	I0	368680	80	0.0186	0.4197	0.3326	0.0004	
NSGANE	I0	368300	80	0.0228	0.4464	0.3332	0.0004	
NSGANE	I0	370244	80	0.0194	0.4692	0.3319	0.0003	
NSGANE	I0	368837	80	0.0262	0.4674	0.3332	0.0003	
NSGANE	I0	368558	80	0.0211	0.4503	0.3322	0.0003	
NSGANE	I0	368510	80	0.0236	0.4521	0.3337	0.0003	
NSGANE	I0	368522	80	0.0152	0.4574	0.3343	0.0003	
NSGANE	I0	367276	80	0.0219	0.4563	0.3319	0.0003	
NSGANE	I0	367185	80	0.0211	0.4489	0.3328	0.0004	
NSGANE	I0	368160	80	0.0236	0.4656	0.3309	0.0003	
NSGANE	I0	369045	80	0.0236	0.4697	0.3330	0.0004	
NSGANE	I0	367439	80	0.0143	0.4084	0.3329	0.0004	
NSGANE	I1	2256590	168	0.0249	0.4614	0.3370	0.0001	
NSGANE	I1	2256682	168	0.0198	0.4668	0.3368	0.0001	
NSGANE	I1	2263604	168	0.0235	0.4641	0.3370	0.0001	
NSGANE	I1	2257498	168	0.0168	0.4481	0.3356	0.0002	
NSGANE	I1	2258863	168	0.0222	0.4403	0.3375	0.0001	
NSGANE	I1	2248535	168	0.0212	0.3996	0.3367	0.0001	
NSGANE	I1	2250189	168	0.0191	0.4403	0.3346	0.0001	
NSGANE	I1	2251052	168	0.0215	0.4548	0.3370	0.0002	
NSGANE	I1	2245984	168	0.0202	0.4388	0.3363	0.0001	
NSGANE	I1	2253521	168	0.0188	0.4270	0.3377	0.0001	
NSGANE	I1	2251986	168	0.0198	0.4672	0.3364	0.0001	
NSGANE	I1	2245565	168	0.0245	0.4138	0.3373	0.0001	
NSGANE	I1	2249567	168	0.0185	0.4375	0.3376	0.0001	
NSGANE	I1	2259215	168	0.0232	0.4592	0.3368	0.0002	
NSGANE	I1	2252018	168	0.0235	0.4414	0.3362	0.0001	
NSGANE	I1	2261741	168	0.0215	0.4248	0.3374	0.0001	
NSGANE	I1	2254372	168	0.0228	0.4776	0.3355	0.0001	
NSGANE	I1	2247099	168	0.0228	0.4399	0.3371	0.0001	
NSGANE	I1	2248998	168	0.0168	0.4300	0.3369	0.0002	
NSGANE	I1	2251348	168	0.0238	0.3819	0.3383	0.0001	
NSGANE	I1	2259085	168	0.0198	0.4520	0.3365	0.0001	
NSGANE	I1	2092389	168	0.0168	0.4529	0.3355	0.0001	
NSGANE	I1	1648125	168	0.0165	0.4331	0.3379	0.0001	
NSGANE	I1	1648520	168	0.0191	0.4618	0.3370	0.0001	
NSGANE	I1	1647476	168	0.0161	0.4390	0.3359	0.0002	
NSGANE	I1	1643373	168	0.0198	0.4475	0.3365	0.0001	
NSGANE	I1	1644831	168	0.0185	0.4488	0.3357	0.0002	
NSGANE	I1	1642473	168	0.0165	0.4495	0.3339	0.0001	
NSGANE	I1	1640513	168	0.0195	0.4533	0.3364	0.0002	
NSGANE	I1	1648877	168	0.0171	0.4722	0.3374	0.0001	
NSGANE	I1	1640257	168	0.0185	0.4289	0.3358	0.0002	
NSGANE	I1	1645749	168	0.0161	0.4388	0.3364	0.0002	
NSGANE	I1	1645148	168	0.0198	0.4410	0.3367	0.0001	
NSGANE	I1	1647809	168	0.0158	0.4161	0.3373	0.0002	
NSGANE	I1	1647895	168	0.0205	0.4257	0.3374	0.0001	
NSGANE	I1	1643313	168	0.0168	0.4353	0.3372	0.0001	
NSGANE	I1	1705986	168	0.0198	0.4448	0.3371	0.0002	
NSGANE	I1	2073550	168	0.0202	0.3975	0.3356	0.0002	
NSGANE	I1	1660268	168	0.0262	0.4296	0.3373	0.0001	
NSGANE	I1	1644149	168	0.0165	0.4332	0.3372	0.0002	
NSGANE	I1	1643874	168	0.0181	0.4431	0.3369	0.0001	
NSGANE	I1	1646489	168	0.0212	0.4659	0.3359	0.0002	
NSGANE	I1	1646735	168	0.0188	0.4284	0.3359	0.0002	
NSGANE	I1	1643746	168	0.0215	0.4569	0.3371	0.0001	
NSGANE	I1	1648966	168	0.0215	0.4387	0.3356	0.0001	
NSGANE	I1	1079060	168	0.0245	0.4146	0.3380	0.0001	
NSGANE	I1	1060647	168	0.0191	0.4856	0.3355	0.0002	
NSGANE	I1	1063289	168	0.0218	0.4373	0.3372	0.0001	
NSGANE	I1	1064520	168	0.0185	0.4713	0.3368	0.0001	
NSGANE	I1	933538	168	0.0198	0.4183	0.3368	0.0001	
NSGANE	I2	2847071	216	0.0220	0.4674	0.3371	0.0001	
NSGANE	I2	2643711	216	0.0161	0.4370	0.3388	0.0001	
NSGANE	I2	2643941	216	0.0223	0.4749	0.3355	0.0001	
NSGANE	I2	2638096	216	0.0171	0.4377	0.3363	0.0002	
NSGANE	I2	2627710	216	0.0216	0.4546	0.3335	0.0001	
NSGANE	I2	2647462	216	0.0213	0.4626	0.3393	0.0001	
NSGANE	I2	2646878	216	0.0196	0.4329	0.3388	0.0001	
NSGANE	I2	2621264	216	0.0206	0.4518	0.3389	0.0001	
NSGANE	I2	2616190	216	0.0220	0.4768	0.3384	0.0001	
NSGANE	I2	2622795	216	0.0168	0.4002	0.3380	0.0001	
NSGANE	I2	2616070	216	0.0154	0.4304	0.3376	0.0001	
NSGANE	I2	2604207	216	0.0189	0.4373	0.3355	0.0001	
NSGANE	I2	2619082	216	0.0244	0.4182	0.3387	0.0001	
NSGANE	I2	2613134	216	0.0203	0.4558	0.3377	0.0001	
NSGANE	I2	2599719	216	0.0248	0.4639	0.3362	0.0001	
NSGANE	I2	2608562	216	0.0234	0.4212	0.3379	0.0001	
NSGANE	I2	2597766	216	0.0192	0.4600	0.3375	0.0001	
NSGANE	I2	2588984	216	0.0203	0.4105	0.3388	0.0001	
NSGANE	I2	2572261	216	0.0203	0.4668	0.3376	0.0001	
NSGANE	I2	2563409	216	0.0157	0.4558	0.3382	0.0001	
NSGANE	I2	2557556	216	0.0157	0.4435	0.3330	0.0001	
NSGANE	I2	2572528	216	0.0216	0.4446	0.3393	0.0001	
NSGANE	I2	2546577	216	0.0241	0.4392	0.3388	0.0001	
NSGANE	I2	2546762	216	0.0168	0.4625	0.3355	0.0001	
NSGANE	I2	2542405	216	0.0164	0.4541	0.3363	0.0002	
NSGANE	I2	2498203	216	0.0213	0.4453	0.3382	0.0001	
NSGANE	I2	1920736	216	0.0199	0.4450	0.3383	0.0002	
NSGANE	I2	1912752	216	0.0192	0.4494	0.3392	0.0001	
NSGANE	I2	1914580	216	0.0171	0.5118	0.3354	0.0001	
NSGANE	I2	1904168	216	0.0223	0.4502	0.3379	0.0001	
NSGANE	I2	1911947	216	0.0216	0.4638	0.3360	0.0001	
NSGANE	I2	1910412	216	0.0185	0.4211	0.3383	0.0001	
NSGANE	I2	1912161	216	0.0234	0.4746	0.3389	0.0001	
NSGANE	I2	1902973	216	0.0189	0.4249	0.3373	0.0001	
NSGANE	I2	1910047	216	0.0147	0.4218	0.3367	0.0001	
NSGANE	I2	1908886	216	0.0220	0.4647	0.3371	0.0001	
NSGANE	I2	1912092	216	0.0154	0.4171	0.3382	0.0002	
NSGANE	I2	1905593	216	0.0227	0.4202	0.3384	0.0001	
NSGANE	I2	1936475	216	0.0213	0.4559	0.3385	0.0002	
NSGANE	I2	2357318	216	0.0175	0.4189	0.3395	0.0001	
NSGANE	I2	1925156	216	0.0248	0.4342	0.3393	0.0001	
NSGANE	I2	1907211	216	0.0203	0.4219	0.3378	0.0001	
NSGANE	I2	1912449	216	0.0223	0.4565	0.3384	0.0001	
NSGANE	I2	1914800	216	0.0178	0.4688	0.3382	0.0001	
NSGANE	I2	1905190	216	0.0154	0.4523	0.3375	0.0001	
NSGANE	I2	1896833	216	0.0251	0.4180	0.3373	0.0001	
NSGANE	I2	1210986	216	0.0213	0.4181	0.3367	0.0001	
NSGANE	I2	1211398	216	0.0150	0.3898	0.3367	0.0001	
NSGANE	I2	1216761	216	0.0223	0.4561	0.3393	0.0001	
NSGANE	I2	1214439	216	0.0234	0.4329	0.3378	0.0001	
NSGANE	I3	2637905	144	0.0220	0.4453	0.3377	0.0001	
NSGANE	I3	2415041	144	0.0186	0.4393	0.3389	0.0001	
NSGANE	I3	2415212	144	0.0197	0.4552	0.3377	0.0001	
NSGANE	I3	2429023	144	0.0203	0.4371	0.3387	0.0001	
NSGANE	I3	2426546	144	0.0220	0.4552	0.3384	0.0001	
NSGANE	I3	2422553	144	0.0189	0.4170	0.3376	0.0001	
NSGANE	I3	2419180	144	0.0180	0.4034	0.3382	0.0001	
NSGANE	I3	2403049	144	0.0200	0.4238	0.3381	0.0001	
NSGANE	I3	2376846	144	0.0209	0.3973	0.3384	0.0001	
NSGANE	I3	2379847	144	0.0209	0.4539	0.3380	0.0001	
NSGANE	I3	2378521	144	0.0231	0.4424	0.3387	0.0002	
NSGANE	I3	2379700	144	0.0197	0.3992	0.3381	0.0001	
NSGANE	I3	2388165	144	0.0226	0.4503	0.3388	0.0001	
NSGANE	I3	2384868	144	0.0178	0.4446	0.3380	0.0002	
NSGANE	I3	2391192	144	0.0189	0.4945	0.3381	0.0002	
NSGANE	I3	2385872	144	0.0172	0.4347	0.3380	0.0001	
NSGANE	I3	2386423	144	0.0192	0.4872	0.3382	0.0001	
NSGANE	I3	2389709	144	0.0164	0.4498	0.3378	0.0001	
NSGANE	I3	2391690	144	0.0192	0.4459	0.3389	0.0002	
NSGANE	I3	2393302	144	0.0175	0.4156	0.3385	0.0001	
NSGANE	I3	2401316	144	0.0183	0.4057	0.3380	0.0002	
NSGANE	I3	2414569	144	0.0203	0.4358	0.3391	0.0001	
NSGANE	I3	2397124	144	0.0203	0.3958	0.3382	0.0001	
NSGANE	I3	2401935	144	0.0169	0.4273	0.3386	0.0001	
NSGANE	I3	2411246	144	0.0183	0.4429	0.3376	0.0001	
NSGANE	I3	2412989	144	0.0237	0.4323	0.3386	0.0001	
NSGANE	I3	2401481	144	0.0237	0.4402	0.3391	0.0001	
NSGANE	I3	2398697	144	0.0192	0.4179	0.3381	0.0002	
NSGANE	I3	1807907	144	0.0217	0.3973	0.3383	0.0001	
NSGANE	I3	1742238	144	0.0186	0.4273	0.3378	0.0002	
NSGANE	I3	1749990	144	0.0231	0.4235	0.3388	0.0001	
NSGANE	I3	1753700	144	0.0209	0.4737	0.3386	0.0001	
NSGANE	I3	1750954	144	0.0245	0.4052	0.3387	0.0001	
NSGANE	I3	1740153	144	0.0189	0.4243	0.3378	0.0001	
NSGANE	I3	1747284	144	0.0192	0.4072	0.3385	0.0001	
NSGANE	I3	1746376	144	0.0217	0.4489	0.3383	0.0001	
NSGANE	I3	1745955	144	0.0189	0.4775	0.3377	0.0001	
NSGANE	I3	1752063	144	0.0183	0.3881	0.3383	0.0001	
NSGANE	I3	1746263	144	0.0175	0.4447	0.3375	0.0001	
NSGANE	I3	1753605	144	0.0206	0.4222	0.3385	0.0001	
NSGANE	I3	1750924	144	0.0200	0.3824	0.3384	0.0002	
NSGANE	I3	1745415	144	0.0212	0.4171	0.3384	0.0001	
NSGANE	I3	2165563	144	0.0169	0.4259	0.3380	0.0002	
NSGANE	I3	1877592	144	0.0203	0.4426	0.3374	0.0001	
NSGANE	I3	1740144	144	0.0192	0.3991	0.3386	0.0001	
NSGANE	I3	1741548	144	0.0220	0.4115	0.3384	0.0001	
NSGANE	I3	1737765	144	0.0206	0.4199	0.3381	0.0001	
NSGANE	I3	1747756	144	0.0209	0.4351	0.3383	0.0001	
NSGANE	I3	1737835	144	0.0200	0.3863	0.3393	0.0001	
NSGANE	I3	1745914	144	0.0214	0.3995	0.3383	0.0001	
NSGANE	I4	1168031	120	0.0194	0.4349	0.3373	0.0002	
NSGANE	I4	963271	120	0.0194	0.4763	0.3366	0.0002	
NSGANE	I4	949245	120	0.0154	0.4120	0.3369	0.0002	
NSGANE	I4	952281	120	0.0199	0.4289	0.3367	0.0002	
NSGANE	I4	958383	120	0.0199	0.4673	0.3372	0.0002	
NSGANE	I4	945622	120	0.0204	0.4321	0.3354	0.0003	
NSGANE	I4	952483	120	0.0269	0.4217	0.3374	0.0002	
NSGANE	I4	950507	120	0.0179	0.4270	0.3360	0.0002	
NSGANE	I4	953651	120	0.0229	0.4285	0.3379	0.0002	
NSGANE	I4	945781	120	0.0224	0.4505	0.3373	0.0003	
NSGANE	I4	950394	120	0.0199	0.4346	0.3370	0.0002	
NSGANE	I4	952400	120	0.0179	0.4345	0.3369	0.0003	
NSGANE	I4	950742	120	0.0154	0.4727	0.3369	0.0002	
NSGANE	I4	952503	120	0.0174	0.4102	0.3379	0.0002	
NSGANE	I4	956464	120	0.0209	0.4547	0.3375	0.0002	
NSGANE	I4	951910	120	0.0179	0.4305	0.3370	0.0002	
NSGANE	I4	951706	120	0.0204	0.4570	0.3365	0.0002	
NSGANE	I4	948944	120	0.0189	0.3952	0.3373	0.0002	
NSGANE	I4	954797	120	0.0264	0.4541	0.3370	0.0002	
NSGANE	I4	939127	120	0.0224	0.4266	0.3374	0.0002	
NSGANE	I4	930317	120	0.0199	0.4130	0.3366	0.0002	
NSGANE	I4	934813	120	0.0169	0.4367	0.3373	0.0002	
NSGANE	I4	931924	120	0.0184	0.4643	0.3370	0.0002	
NSGANE	I4	934386	120	0.0229	0.4402	0.3368	0.0003	
NSGANE	I4	932972	120	0.0174	0.4184	0.3373	0.0002	
NSGANE	I4	929844	120	0.0229	0.3901	0.3373	0.0002	
NSGANE	I4	933063	120	0.0204	0.4298	0.3376	0.0002	
NSGANE	I4	934229	120	0.0174	0.4647	0.3365	0.0002	
NSGANE	I4	938618	120	0.0164	0.4702	0.3371	0.0002	
NSGANE	I4	934238	120	0.0189	0.4479	0.3370	0.0002	
NSGANE	I4	938733	120	0.0154	0.4305	0.3375	0.0002	
NSGANE	I4	935406	120	0.0189	0.4061	0.3373	0.0002	
NSGANE	I4	937716	120	0.0254	0.4036	0.3374	0.0002	
NSGANE	I4	937714	120	0.0204	0.4537	0.3378	0.0002	
NSGANE	I4	940639	120	0.0239	0.4010	0.3382	0.0002	
NSGANE	I4	940393	120	0.0214	0.4126	0.3382	0.0002	
NSGANE	I4	934393	120	0.0219	0.4633	0.3363	0.0002	
NSGANE	I4	932759	120	0.0184	0.4343	0.3359	0.0002	
NSGANE	I4	941113	120	0.0159	0.4260	0.3373	0.0002	
NSGANE	I4	941009	120	0.0214	0.4377	0.3370	0.0002	
NSGANE	I4	941026	120	0.0194	0.4489	0.3379	0.0002	
NSGANE	I4	935942	120	0.0199	0.4089	0.3375	0.0002	
NSGANE	I4	939048	120	0.0174	0.4538	0.3365	0.0003	
NSGANE	I4	937564	120	0.0159	0.4120	0.3371	0.0002	
NSGANE	I4	940448	120	0.0209	0.4397	0.3380	0.0002	
NSGANE	I4	939331	120	0.0199	0.4601	0.3366	0.0002	
NSGANE	I4	943063	120	0.0234	0.4333	0.3373	0.0002	
NSGANE	I4	938920	120	0.0209	0.4394	0.3360	0.0002	
NSGANE	I4	938899	120	0.0214	0.4010	0.3376	0.0002	
NSGANE	I4	943541	120	0.0229	0.4507	0.3374	0.0002	
NSGANE	I5	405081	88	0.0252	0.4553	0.3341	0.0003	
NSGANE	I5	408749	88	0.0235	0.4347	0.3352	0.0003	
NSGANE	I5	404743	88	0.0227	0.4655	0.3337	0.0003	
NSGANE	I5	403699	88	0.0143	0.4374	0.3333	0.0004	
NSGANE	I5	404583	88	0.0268	0.4236	0.3328	0.0003	
NSGANE	I5	404326	88	0.0201	0.4343	0.3309	0.0003	
NSGANE	I5	402615	88	0.0159	0.4487	0.3322	0.0004	
NSGANE	I5	406991	88	0.0227	0.4239	0.3340	0.0004	
NSGANE	I5	405737	88	0.0176	0.4442	0.3340	0.0003	
NSGANE	I5	404344	88	0.0218	0.4191	0.3336	0.0003	
NSGANE	I5	408694	88	0.0159	0.4161	0.3341	0.0003	
NSGANE	I5	407588	88	0.0210	0.4382	0.3343	0.0003	
NSGANE	I5	407009	88	0.0168	0.4187	0.3335	0.0004	
NSGANE	I5	409024	88	0.0185	0.4284	0.3349	0.0003	
NSGANE	I5	407876	88	0.0210	0.4618	0.3345	0.0003	
NSGANE	I5	404024	88	0.0243	0.4747	0.3325	0.0003	
NSGANE	I5	403504	88	0.0168	0.4425	0.3343	0.0003	
NSGANE	I5	403423	88	0.0210	0.4434	0.3333	0.0003	
NSGANE	I5	405129	88	0.0235	0.4180	0.3346	0.0003	
NSGANE	I5	403290	88	0.0193	0.4411	0.3345	0.0004	
NSGANE	I5	405246	88	0.0185	0.3880	0.3346	0.0003	
NSGANE	I5	404931	88	0.0218	0.4804	0.3336	0.0003	
NSGANE	I5	404222	88	0.0218	0.3886	0.3348	0.0003	
NSGANE	I5	404840	88	0.0159	0.4231	0.3337	0.0003	
NSGANE	I5	403497	88	0.0201	0.4487	0.3334	0.0003	
NSGANE	I5	407098	88	0.0201	0.3822	0.3346	0.0004	
NSGANE	I5	406878	88	0.0235	0.4927	0.3343	0.0003	
NSGANE	I5	407466	88	0.0210	0.4075	0.3348	0.0003	
NSGANE	I5	405759	88	0.0210	0.4234	0.3338	0.0003	
NSGANE	I5	404037	88	0.0176	0.4172	0.3339	0.0003	
NSGANE	I5	405151	88	0.0185	0.3901	0.3352	0.0003	
NSGANE	I5	405547	88	0.0185	0.4372	0.3336	0.0003	
NSGANE	I5	406052	88	0.0151	0.5122	0.3318	0.0004	
NSGANE	I5	407295	88	0.0227	0.3930	0.3352	0.0003	
NSGANE	I5	405825	88	0.0260	0.3892	0.3356	0.0003	
NSGANE	I5	405455	88	0.0210	0.4448	0.3338	0.0004	
NSGANE	I5	404885	88	0.0235	0.4162	0.3344	0.0003	
NSGANE	I5	407587	88	0.0176	0.4172	0.3350	0.0003	
NSGANE	I5	406795	88	0.0235	0.4668	0.3337	0.0003	
NSGANE	I5	406049	88	0.0151	0.3530	0.3348	0.0004	
NSGANE	I5	407605	88	0.0268	0.4399	0.3351	0.0003	
NSGANE	I5	405541	88	0.0168	0.4203	0.3333	0.0004	
NSGANE	I5	405378	88	0.0168	0.4376	0.3344	0.0003	
NSGANE	I5	406527	88	0.0176	0.4625	0.3335	0.0003	
NSGANE	I5	404905	88	0.0168	0.4289	0.3329	0.0003	
NSGANE	I5	405868	88	0.0227	0.4738	0.3331	0.0003	
NSGANE	I5	406592	88	0.0201	0.4475	0.3320	0.0003	
NSGANE	I5	405617	88	0.0185	0.4456	0.3341	0.0003	
NSGANE	I5	404878	88	0.0168	0.4644	0.3328	0.0003	
NSGANE	I5	406782	88	0.0159	0.4252	0.3352	0.0003	
NSGA	I0	285274	80	0.0068	0.5918	0.5265	0.0037	
NSGA	I0	241053	80	0.0410	0.5453	0.5409	0.0030	
NSGA	I0	213860	80	0.0239	0.6059	0.5376	0.0036	
NSGA	I0	214006	80	0.0171	0.5274	0.5241	0.0039	
NSGA	I0	213777	80	0.0444	0.5318	0.5345	0.0027	
NSGA	I0	211668	80	0.0341	0.5408	0.5307	0.0037	
NSGA	I0	204603	80	0.0171	0.5078	0.5215	0.0039	
NSGA	I0	205312	79	0.0205	0.5865	0.5274	0.0034	
NSGA	I0	206199	80	0.0137	0.4932	0.5332	0.0038	
NSGA	I0	204736	80	0.0171	0.5651	0.5344	0.0029	
NSGA	I0	204575	80	0.0205	0.6240	0.5356	0.0041	
NSGA	I0	206562	80	0.0205	0.6386	0.5357	0.0036	
NSGA	I0	204092	79	0.0102	0.5398	0.5163	0.0045	
NSGA	I0	205597	80	0.0273	0.6659	0.5377	0.0038	
NSGA	I0	205593	80	0.0307	0.5054	0.5296	0.0040	
NSGA	I0	205458	80	0.0102	0.6070	0.5291	0.0036	
NSGA	I0	205732	80	0.0102	0.5100	0.5233	0.0040	
NSGA	I0	206133	80	0.0102	0.5395	0.5211	0.0048	
NSGA	I0	205974	79	0.0273	0.5514	0.5381	0.0028	
NSGA	I0	205863	80	0.0205	0.5636	0.5293	0.0033	
NSGA	I0	205878	80	0.0102	0.4905	0.5294	0.0037	
NSGA	I0	205438	80	0.0171	0.6679	0.5226	0.0053	
NSGA	I0	205163	80	0.0137	0.5455	0.5235	0.0036	
NSGA	I0	206121	80	0.0205	0.5058	0.5353	0.0031	
NSGA	I0	206119	80	0.0171	0.5980	0.5259	0.0036	
NSGA	I0	206094	80	0.0444	0.6044	0.5357	0.0029	
NSGA	I0	206116	80	0.0137	0.5511	0.5303	0.0034	
NSGA	I0	206424	77	0.0137	0.5986	0.5254	0.0057	
NSGA	I0	204974	80	0.0171	0.6261	0.5319	0.0080	
NSGA	I0	206228	80	0.0239	0.5643	0.5361	0.0031	
NSGA	I0	204632	80	0.0239	0.5150	0.5323	0.0026	
NSGA	I0	205365	80	0.0205	0.5323	0.5331	0.0030	
NSGA	I0	206660	80	0.0307	0.5997	0.5371	0.0031	
NSGA	I0	204899	80	0.0137	0.5731	0.5255	0.0044	
NSGA	I0	205145	80	0.0068	0.6327	0.5273	0.0037	
NSGA	I0	207187	80	0.0102	0.6496	0.5327	0.0047	
NSGA	I0	205435	80	0.0205	0.5265	0.5376	0.0035	
NSGA	I0	204989	80	0.0171	0.5126	0.5142	0.0049	
NSGA	I0	204572	80	0.0307	0.4616	0.5212	0.0040	
NSGA	I0	204850	80	0.0068	0.6460	0.5235	0.0056	
NSGA	I0	205221	80	0.0137	0.5573	0.5274	0.0036	
NSGA	I0	206238	80	0.0205	0.6197	0.5272	0.0042	
NSGA	I0	206201	79	0.0171	0.6551	0.5364	0.0035	
NSGA	I0	206284	80	0.0239	0.5530	0.5360	0.0035	
NSGA	I0	205235	80	0.0068	0.5188	0.5303	0.0037	
NSGA	I0	205408	80	0.0137	0.5519	0.5359	0.0033	
NSGA	I0	205500	80	0.0034	0.5686	0.5300	0.0036	
NSGA	I0	205389	80	0.0171	0.5595	0.5299	0.0035	
NSGA	I0	205488	80	0.0648	0.5044	0.5461	0.0022	
NSGA	I0	206489	80	0.0239	0.5193	0.5348	0.0036	
NSGA	I1	1205417	136	0.0245	0.6373	0.5279	0.0019	
NSGA	I1	1198086	129	0.0049	0.6766	0.5143	0.0031	
NSGA	I1	1208215	113	0.0147	0.5763	0.5288	0.0023	
NSGA	I1	1227712	125	0.0343	0.7042	0.5253	0.0023	
NSGA	I1	1203348	135	0.0098	0.6723	0.5208	0.0024	
NSGA	I1	1196044	157	0.0196	0.6545	0.5221	0.0023	
NSGA	I1	1198766	117	0.0049	0.6486	0.5210	0.0026	
NSGA	I1	1203352	134	0.0147	0.6782	0.5219	0.0023	
NSGA	I1	1195411	123	0.0294	0.6224	0.5233	0.0026	
NSGA	I1	1197375	136	0.0343	0.6116	0.5221	0.0024	
NSGA	I1	1195245	143	0.0147	0.6540	0.5211	0.0026	
NSGA	I1	1199606	137	0.0392	0.7079	0.5291	0.0022	
NSGA	I1	1201694	119	0.0147	0.6121	0.5258	0.0025	
NSGA	I1	1197168	124	0.0049	0.6561	0.5244	0.0023	
NSGA	I1	1197334	145	0.0245	0.6546	0.5284	0.0021	
NSGA	I1	1195405	143	0.0000	0.6828	0.5191	0.0024	
NSGA	I1	1199715	139	0.0098	0.6037	0.5227	0.0023	
NSGA	I1	1201011	132	0.0245	0.6128	0.5256	0.0022	
NSGA	I1	1201968	126	0.0294	0.6449	0.5256	0.0023	
NSGA	I1	1197976	147	0.0196	0.6371	0.5179	0.0025	
NSGA	I1	1199394	142	0.0294	0.6211	0.5249	0.0023	
NSGA	I1	977586	133	0.0196	0.5824	0.5246	0.0022	
NSGA	I1	920071	131	0.0147	0.6324	0.5217	0.0024	
NSGA	I1	921465	124	0.0245	0.6563	0.5247	0.0024	
NSGA	I1	918790	130	0.0147	0.6673	0.5202	0.0028	
NSGA	I1	920033	136	0.0392	0.6161	0.5275	0.0024	
NSGA	I1	921070	127	0.0147	0.6714	0.5209	0.0028	
NSGA	I1	919838	139	0.0245	0.6957	0.5168	0.0027	
NSGA	I1	920839	131	0.0245	0.6096	0.5215	0.0022	
NSGA	I1	921235	120	0.0147	0.6782	0.5231	0.0024	
NSGA	I1	922671	130	0.0098	0.5945	0.5202	0.0024	
NSGA	I1	925403	135	0.0098	0.6562	0.5172	0.0026	
NSGA	I1	925810	139	0.0049	0.6234	0.5185	0.0025	
NSGA	I1	927570	139	0.0245	0.6488	0.5252	0.0022	
NSGA	I1	923084	141	0.0147	0.6004	0.5219	0.0023	
NSGA	I1	924631	128	0.0098	0.6559	0.5165	0.0026	
NSGA	I1	925990	126	0.0196	0.7071	0.5232	0.0027	
NSGA	I1	923751	126	0.0147	0.6880	0.5224	0.0026	
NSGA	I1	925838	131	0.0392	0.6621	0.5243	0.0026	
NSGA	I1	925625	140	0.0098	0.6271	0.5183	0.0025	
NSGA	I1	922367	137	0.0196	0.6928	0.5195	0.0025	
NSGA	I1	924202	137	0.0098	0.6763	0.5166	0.0027	
NSGA	I1	919473	120	0.0490	0.6090	0.5277	0.0024	
NSGA	I1	921597	127	0.0098	0.6523	0.5174	0.0028	
NSGA	I1	919118	145	0.0147	0.6508	0.5199	0.0025	
NSGA	I1	921144	120	0.0294	0.5806	0.5227	0.0025	
NSGA	I1	923149	122	0.0196	0.6613	0.5332	0.0022	
NSGA	I1	923134	130	0.0441	0.6462	0.5300	0.0025	
NSGA	I1	925822	136	0.0245	0.6159	0.5243	0.0024	
NSGA	I1	926002	122	0.0294	0.6786	0.5249	0.0024	
NSGA	I2	1572631	89	0.0242	0.6398	0.4573	0.0051	
NSGA	I2	1412733	76	0.0242	0.6694	0.4588	0.0062	
NSGA	I2	1413425	69	0.0000	0.5730	0.4573	0.0063	
NSGA	I2	1414521	83	0.0081	0.7213	0.4598	0.0062	
NSGA	I2	1411747	91	0.0000	0.6536	0.4564	0.0057	
NSGA	I2	1417256	75	0.0323	0.8146	0.4657	0.0077	
NSGA	I2	1410248	78	0.0242	0.6919	0.4478	0.0067	
NSGA	I2	1395424	82	0.0081	0.7553	0.4532	0.0068	
NSGA	I2	1392675	83	0.0161	0.6603	0.4603	0.0061	
NSGA	I2	1408909	85	0.0000	0.5961	0.4541	0.0059	
NSGA	I2	1414239	82	0.0000	0.7696	0.4563	0.0080	
NSGA	I2	1390381	81	0.0484	0.6255	0.4796	0.0048	
NSGA	I2	1389403	78	0.0081	0.5823	0.4576	0.0060	
NSGA	I2	1387019	75	0.0081	0.6454	0.4673	0.0054	
NSGA	I2	1388557	81	0.0081	0.6754	0.4584	0.0062	
NSGA	I2	1391045	74	0.0242	0.7012	0.4704	0.0077	
NSGA	I2	1390941	80	0.0081	0.6162	0.4614	0.0055	
NSGA	I2	1390924	93	0.0161	0.6322	0.4596	0.0061	
NSGA	I2	1382781	73	0.0081	0.6891	0.4530	0.0069	
NSGA	I2	1385030	87	0.0000	0.7158	0.4596	0.0064	
NSGA	I2	1383604	81	0.0161	0.6837	0.4648	0.0054	
NSGA	I2	1385143	91	0.0000	0.7424	0.4560	0.0067	
NSGA	I2	1380461	81	0.0081	0.7412	0.4606	0.0057	
NSGA	I2	1384170	92	0.0323	0.7380	0.4595	0.0071	
NSGA	I2	1379577	66	0.0645	0.6446	0.4683	0.0074	
NSGA	I2	1260432	86	0.0081	0.5298	0.4507	0.0059	
NSGA	I2	1079081	86	0.0323	0.6689	0.4644	0.0059	
NSGA	I2	1079178	72	0.0645	0.6844	0.4680	0.0059	
NSGA	I2	1075496	87	0.0323	0.6426	0.4620	0.0062	
NSGA	I2	1078929	95	0.0081	0.7213	0.4552	0.0059	
NSGA	I2	1079439	80	0.0403	0.6510	0.4747	0.0057	
NSGA	I2	1078591	88	0.0081	0.7021	0.4614	0.0075	
NSGA	I2	1076024	78	0.0484	0.6134	0.4592	0.0056	
NSGA	I2	1078270	70	0.0242	0.6201	0.4674	0.0058	
NSGA	I2	1077791	78	0.0242	0.6254	0.4686	0.0066	
NSGA	I2	1079012	82	0.0161	0.6556	0.4663	0.0065	
NSGA	I2	1078217	75	0.0161	0.6406	0.4576	0.0059	
NSGA	I2	1077887	83	0.0081	0.5942	0.4647	0.0054	
NSGA	I2	1075575	96	0.0000	0.7670	0.4490	0.0073	
NSGA	I2	1080908	79	0.0242	0.6971	0.4665	0.0056	
NSGA	I2	1078546	77	0.0645	0.7024	0.4682	0.0082	
NSGA	I2	1079755	90	0.0161	0.7537	0.4593	0.0063	
NSGA	I2	1078993	77	0.0242	0.6900	0.4640	0.0063	
NSGA	I2	1077829	76	0.0000	0.7330	0.4530	0.0095	
NSGA	I2	1076566	82	0.0323	0.6645	0.4702	0.0050	
NSGA	I2	1079065	79	0.0323	0.8673	0.4679	0.0119	
NSGA	I2	1079742	84	0.0484	0.7019	0.4736	0.0061	
NSGA	I2	1079385	74	0.0081	0.5514	0.4549	0.0058	
NSGA	I2	1080531	77	0.0161	0.6772	0.4689	0.0056	
NSGA	I2	1079732	88	0.0161	0.6981	0.4590	0.0059	
NSGA	I3	1019570	114	0.0082	0.6381	0.4665	0.0046	
NSGA	I3	1001202	113	0.0122	0.6415	0.4635	0.0041	
NSGA	I3	992830	124	0.0286	0.7230	0.4696	0.0051	
NSGA	I3	999597	124	0.0163	0.8944	0.4693	0.0105	
NSGA	I3	1001199	132	0.0204	0.6337	0.4672	0.0038	
NSGA	I3	1004091	138	0.0163	0.7449	0.4825	0.0033	
NSGA	I3	1001333	120	0.0449	0.6054	0.4826	0.0038	
NSGA	I3	1002341	109	0.0327	0.6687	0.4761	0.0044	
NSGA	I3	1003030	121	0.0041	0.6860	0.4693	0.0039	
NSGA	I3	991388	125	0.0449	0.7264	0.4792	0.0036	
NSGA	I3	1006545	109	0.0408	0.6944	0.4786	0.0038	
NSGA	I3	999614	119	0.0163	0.5781	0.4696	0.0039	
NSGA	I3	997413	119	0.0082	0.6855	0.4625	0.0042	
NSGA	I3	996891	142	0.0408	0.6666	0.4746	0.0033	
NSGA	I3	989729	119	0.0163	0.7329	0.4763	0.0049	
NSGA	I3	1002577	109	0.0245	0.6809	0.4697	0.0035	
NSGA	I3	997921	123	0.0245	0.6165	0.4799	0.0038	
NSGA	I3	995302	124	0.0204	0.6197	0.4738	0.0033	
NSGA	I3	994955	132	0.0122	0.6217	0.4590	0.0039	
NSGA	I3	993918	130	0.0082	0.6782	0.4649	0.0037	
NSGA	I3	1003444	117	0.0245	0.6331	0.4757	0.0035	
NSGA	I3	999360	130	0.0163	0.7010	0.4606	0.0054	
NSGA	I3	994897	112	0.0327	0.6961	0.4735	0.0040	
NSGA	I3	1002829	121	0.0122	0.6516	0.4613	0.0043	
NSGA	I3	996479	123	0.0122	0.6014	0.4703	0.0034	
NSGA	I3	1002749	131	0.0245	0.6332	0.4728	0.0033	
NSGA	I3	999757	118	0.0163	0.6410	0.4725	0.0037	
NSGA	I3	999702	124	0.0286	0.6513	0.4840	0.0037	
NSGA	I3	1004417	129	0.0163	0.6245	0.4570	0.0045	
NSGA	I3	998914	121	0.0163	0.7000	0.4655	0.0040	
NSGA	I3	1001317	138	0.0163	0.6717	0.4684	0.0039	
NSGA	I3	998686	131	0.0082	0.6534	0.4708	0.0036	
NSGA	I3	1001024	125	0.0122	0.6768	0.4760	0.0036	
NSGA	I3	994503	135	0.0082	0.6649	0.4723	0.0037	
NSGA	I3	1006740	125	0.0041	0.6431	0.4700	0.0034	
NSGA	I3	995718	121	0.0204	0.6752	0.4720	0.0035	
NSGA	I3	999864	130	0.0041	0.5990	0.4601	0.0045	
NSGA	I3	994175	137	0.0245	0.6184	0.4750	0.0036	
NSGA	I3	1000415	109	0.0163	0.6672	0.4671	0.0039	
NSGA	I3	1001152	112	0.0245	0.6953	0.4691	0.0043	
NSGA	I3	1001136	143	0.0082	0.6351	0.4658	0.0036	
NSGA	I3	997758	128	0.0082	0.6574	0.4615	0.0042	
NSGA	I3	1000608	118	0.0490	0.6810	0.4775	0.0039	
NSGA	I3	992976	113	0.0204	0.5940	0.4793	0.0038	
NSGA	I3	995161	115	0.0245	0.7319	0.4686	0.0043	
NSGA	I3	997123	126	0.0204	0.6835	0.4717	0.0036	
NSGA	I3	995674	121	0.0327	0.6458	0.4745	0.0038	
NSGA	I3	1003875	114	0.0122	0.5995	0.4730	0.0035	
NSGA	I3	1005222	129	0.0163	0.7116	0.4748	0.0033	
NSGA	I3	999425	125	0.0286	0.6580	0.4695	0.0038	
NSGA	I4	630322	119	0.0236	0.4966	0.4994	0.0019	
NSGA	I4	523521	120	0.0236	0.5020	0.5002	0.0019	
NSGA	I4	506043	120	0.0405	0.4502	0.4999	0.0017	
NSGA	I4	503536	120	0.0169	0.5046	0.4981	0.0020	
NSGA	I4	504419	120	0.0203	0.4448	0.4948	0.0026	
NSGA	I4	504088	120	0.0101	0.5770	0.4983	0.0018	
NSGA	I4	503296	117	0.0338	0.4299	0.5019	0.0019	
NSGA	I4	500273	120	0.0338	0.5091	0.4964	0.0020	
NSGA	I4	503204	120	0.0169	0.5199	0.4981	0.0018	
NSGA	I4	503053	120	0.0169	0.5702	0.4949	0.0029	
NSGA	I4	503785	120	0.0135	0.5440	0.4967	0.0020	
NSGA	I4	504247	118	0.0101	0.4609	0.4925	0.0026	
NSGA	I4	502920	120	0.0169	0.4965	0.4989	0.0018	
NSGA	I4	502186	120	0.0169	0.5633	0.4987	0.0027	
NSGA	I4	501050	119	0.0135	0.5177	0.4994	0.0018	
NSGA	I4	501275	120	0.0304	0.4374	0.5012	0.0016	
NSGA	I4	501132	120	0.0304	0.5005	0.4991	0.0018	
NSGA	I4	502013	120	0.0338	0.5299	0.4983	0.0021	
NSGA	I4	501758	120	0.0169	0.4893	0.4972	0.0021	
NSGA	I4	502884	120	0.0101	0.4833	0.4947	0.0020	
NSGA	I4	499769	120	0.0135	0.4805	0.4974	0.0021	
NSGA	I4	497722	120	0.0236	0.5083	0.4995	0.0019	
NSGA	I4	495726	119	0.0270	0.4530	0.5011	0.0018	
NSGA	I4	499924	120	0.0169	0.5335	0.4986	0.0021	
NSGA	I4	497690	120	0.0169	0.4940	0.4997	0.0018	
NSGA	I4	495137	120	0.0169	0.4969	0.4941	0.0023	
NSGA	I4	497085	120	0.0304	0.4459	0.5010	0.0019	
NSGA	I4	510389	120	0.0439	0.4842	0.5035	0.0015	
NSGA	I4	518369	119	0.0135	0.5461	0.4958	0.0023	
NSGA	I4	499557	120	0.0135	0.5193	0.4951	0.0022	
NSGA	I4	496310	120	0.0135	0.4553	0.4940	0.0025	
NSGA	I4	495075	120	0.0169	0.5260	0.4997	0.0019	
NSGA	I4	493336	120	0.0034	0.4877	0.4943	0.0024	
NSGA	I4	494182	120	0.0169	0.4469	0.4961	0.0024	
NSGA	I4	497054	120	0.0169	0.4859	0.4987	0.0017	
NSGA	I4	494226	120	0.0169	0.4601	0.4971	0.0019	
NSGA	I4	495465	120	0.0101	0.5148	0.4986	0.0019	
NSGA	I4	494886	120	0.0068	0.4835	0.4968	0.0018	
NSGA	I4	497228	120	0.0169	0.5056	0.4948	0.0024	
NSGA	I4	496039	120	0.0135	0.5591	0.4923	0.0031	
NSGA	I4	494938	120	0.0101	0.4669	0.4980	0.0022	
NSGA	I4	494063	120	0.0372	0.4976	0.5001	0.0019	
NSGA	I4	496986	120	0.0169	0.5732	0.4956	0.0023	
NSGA	I4	495644	120	0.0068	0.5307	0.4974	0.0020	
NSGA	I4	494358	119	0.0372	0.4466	0.5018	0.0017	
NSGA	I4	494697	120	0.0203	0.4731	0.4991	0.0017	
NSGA	I4	495441	120	0.0169	0.4459	0.4936	0.0025	
NSGA	I4	497090	120	0.0135	0.5298	0.4974	0.0019	
NSGA	I4	495907	120	0.0372	0.4518	0.4999	0.0020	
NSGA	I4	494309	120	0.0270	0.5546	0.5001	0.0017	
NSGA	I5	214060	88	0.0344	0.4540	0.5440	0.0024	
NSGA	I5	216284	88	0.0206	0.4501	0.5509	0.0020	
NSGA	I5	215350	88	0.0069	0.5013	0.5398	0.0026	
NSGA	I5	215896	88	0.0137	0.4826	0.5467	0.0024	
NSGA	I5	214197	88	0.0206	0.4952	0.5458	0.0022	
NSGA	I5	215455	88	0.0309	0.4896	0.5464	0.0021	
NSGA	I5	214943	88	0.0069	0.5320	0.5419	0.0022	
NSGA	I5	214992	86	0.0206	0.5152	0.5439	0.0023	
NSGA	I5	214779	88	0.0206	0.4982	0.5449	0.0026	
NSGA	I5	214367	88	0.0241	0.4804	0.5447	0.0025	
NSGA	I5	215435	88	0.0069	0.4460	0.5429	0.0023	
NSGA	I5	215744	88	0.0412	0.5272	0.5469	0.0024	
NSGA	I5	215960	88	0.0344	0.5116	0.5427	0.0026	
NSGA	I5	215631	88	0.0137	0.5372	0.5422	0.0024	
NSGA	I5	214452	88	0.0172	0.5150	0.5419	0.0023	
NSGA	I5	215715	86	0.0241	0.5399	0.5455	0.0023	
NSGA	I5	215594	88	0.0137	0.4949	0.5393	0.0028	
NSGA	I5	214011	88	0.0137	0.4873	0.5436	0.0021	
NSGA	I5	215759	88	0.0206	0.5343	0.5460	0.0027	
NSGA	I5	215020	88	0.0137	0.4888	0.5424	0.0022	
NSGA	I5	214916	88	0.0241	0.4952	0.5446	0.0019	
NSGA	I5	216436	88	0.0378	0.4934	0.5474	0.0024	
NSGA	I5	214991	88	0.0103	0.4664	0.5414	0.0026	
NSGA	I5	214689	88	0.0137	0.5557	0.5401	0.0029	
NSGA	I5	215827	88	0.0137	0.5058	0.5408	0.0025	
NSGA	I5	214920	88	0.0309	0.4931	0.5501	0.0018	
NSGA	I5	216225	88	0.0103	0.5540	0.5472	0.0021	
NSGA	I5	215998	88	0.0137	0.5851	0.5395	0.0023	
NSGA	I5	214486	88	0.0241	0.4763	0.5487	0.0018	
NSGA	I5	214923	88	0.0103	0.5043	0.5451	0.0020	
NSGA	I5	215662	88	0.0000	0.4821	0.5418	0.0026	
NSGA	I5	216145	88	0.0275	0.5363	0.5539	0.0019	
NSGA	I5	215763	88	0.0206	0.4508	0.5442	0.0022	
NSGA	I5	215337	88	0.0206	0.5358	0.5436	0.0022	
NSGA	I5	214755	87	0.0103	0.4973	0.5362	0.0025	
NSGA	I5	213789	88	0.0378	0.5103	0.5472	0.0022	
NSGA	I5	214065	88	0.0481	0.5522	0.5503	0.0016	
NSGA	I5	215010	88	0.0275	0.4803	0.5452	0.0025	
NSGA	I5	215351	88	0.0000	0.5207	0.5411	0.0027	
NSGA	I5	215620	88	0.0069	0.4608	0.5377	0.0025	
NSGA	I5	216012	88	0.0172	0.5438	0.5469	0.0021	
NSGA	I5	213959	88	0.0275	0.4755	0.5451	0.0025	
NSGA	I5	214934	88	0.0172	0.4975	0.5426	0.0027	
NSGA	I5	215806	88	0.0137	0.4896	0.5464	0.0021	
NSGA	I5	215422	88	0.0447	0.4918	0.5489	0.0020	
NSGA	I5	215644	88	0.0000	0.4863	0.5422	0.0027	
NSGA	I5	215989	88	0.0137	0.5085	0.5392	0.0029	
NSGA	I5	215011	88	0.0172	0.5484	0.5406	0.0026	
NSGA	I5	215492	88	0.0412	0.5122	0.5464	0.0021	
NSGA	I5	215222	88	0.0206	0.5168	0.5457	0.0021	