=============================================================
Instance #0
=============================================================

Cycle #0 (316 ms; 9 best solutions)
0; 171,5; 82325,7938;  [1 1 1 1 1 1 1 1 1 1 1 1 1 1 1 1 1 1 1 1 1 1 1 1 1 1 1 1 1 1 1 1 1 1 1 1 1 1 1 1]
8,9726; 162,5; 83187,3292;  [1 1 2 2 1 1 2 2 1 1 2 2 1 1 2 2 1 1 2 2 1 1 2 2 1 1 2 2 1 1 2 2 1 1 2 2 1 1 2 2]
17,1174; 155,9; 84700,0992;  [1 1 3 3 1 1 3 3 1 1 3 3 1 1 3 3 1 1 3 3 1 1 3 3 1 1 3 3 1 1 3 3 1 1 3 3 1 1 3 3]
24,7575; 151; 86749,1072;  [1 1 4 4 1 1 4 4 1 1 4 4 1 1 4 4 1 1 4 4 1 1 4 4 1 1 4 4 1 1 4 4 1 1 4 4 1 1 4 4]
31,9681; 146,8; 88901,7248;  [1 1 5 5 1 1 5 5 1 1 5 5 1 1 5 5 1 1 5 5 1 1 5 5 1 1 5 5 1 1 5 5 1 1 5 5 1 1 5 5]
38,0578; 140,7; 89670,3478;  [1 1 6 6 1 1 6 6 1 1 6 6 1 1 6 6 1 1 6 6 1 1 6 6 1 1 6 6 1 1 6 6 1 1 6 6 1 1 6 6]
44,5902; 137,8; 92225,5734;  [1 1 7 7 1 1 7 7 1 1 7 7 1 1 7 7 1 1 7 7 1 1 7 7 1 1 7 7 1 1 7 7 1 1 7 7 1 1 7 7]
51,0576; 135,6; 95061,3145;  [1 1 8 8 1 1 8 8 1 1 8 8 1 1 8 8 1 1 8 8 1 1 8 8 1 1 8 8 1 1 8 8 1 1 8 8 1 1 8 8]
55,9202; 130,8; 95674,0055;  [1 1 9 9 1 1 9 9 1 1 9 9 1 1 9 9 1 1 9 9 1 1 9 9 1 1 9 9 1 1 9 9 1 1 9 9 1 1 9 9]

Final Pareto Frontier:
0; 171,5; 82325,7938;  [1 1 1 1 1 1 1 1 1 1 1 1 1 1 1 1 1 1 1 1 1 1 1 1 1 1 1 1 1 1 1 1 1 1 1 1 1 1 1 1]
8,9726; 162,5; 83187,3292;  [1 1 2 2 1 1 2 2 1 1 2 2 1 1 2 2 1 1 2 2 1 1 2 2 1 1 2 2 1 1 2 2 1 1 2 2 1 1 2 2]
17,1174; 155,9; 84700,0992;  [1 1 3 3 1 1 3 3 1 1 3 3 1 1 3 3 1 1 3 3 1 1 3 3 1 1 3 3 1 1 3 3 1 1 3 3 1 1 3 3]
24,7575; 151; 86749,1072;  [1 1 4 4 1 1 4 4 1 1 4 4 1 1 4 4 1 1 4 4 1 1 4 4 1 1 4 4 1 1 4 4 1 1 4 4 1 1 4 4]
31,9681; 146,8; 88901,7248;  [1 1 5 5 1 1 5 5 1 1 5 5 1 1 5 5 1 1 5 5 1 1 5 5 1 1 5 5 1 1 5 5 1 1 5 5 1 1 5 5]
38,0578; 140,7; 89670,3478;  [1 1 6 6 1 1 6 6 1 1 6 6 1 1 6 6 1 1 6 6 1 1 6 6 1 1 6 6 1 1 6 6 1 1 6 6 1 1 6 6]
44,5902; 137,8; 92225,5734;  [1 1 7 7 1 1 7 7 1 1 7 7 1 1 7 7 1 1 7 7 1 1 7 7 1 1 7 7 1 1 7 7 1 1 7 7 1 1 7 7]
51,0576; 135,6; 95061,3145;  [1 1 8 8 1 1 8 8 1 1 8 8 1 1 8 8 1 1 8 8 1 1 8 8 1 1 8 8 1 1 8 8 1 1 8 8 1 1 8 8]
55,9202; 130,8; 95674,0055;  [1 1 9 9 1 1 9 9 1 1 9 9 1 1 9 9 1 1 9 9 1 1 9 9 1 1 9 9 1 1 9 9 1 1 9 9 1 1 9 9]

=============================================================
Instance #1
=============================================================

Cycle #0 (717 ms; 9 best solutions)
0; 479,3; 230084,6783;  [1 1 1 1 1 1 1 1 1 1 1 1 1 1 1 1 1 1 1 1 1 1 1 1 1 1 1 1 1 1 1 1 1 1 1 1 1 1 1 1 1 1 1 1 1 1 1 1 1 1 1 1 1 1 1 1 1 1 1 1 1 1 1 1 1 1 1 1 1 1 1 1 1 1 1 1 1 1 1 1 1 1 1 1]
24,3648; 454,9; 232423,5343;  [1 1 2 2 1 1 2 2 1 1 2 2 1 1 2 2 1 1 2 2 1 1 2 2 1 1 2 2 1 1 2 2 1 1 2 2 1 1 2 2 1 1 2 2 1 1 2 2 1 1 2 2 1 1 2 2 1 1 2 2 1 1 2 2 1 1 2 2 1 1 2 2 1 1 2 2 1 1 2 2 1 1 2 2]
46,4524; 436,7; 236401,5551;  [1 1 3 3 1 1 3 3 1 1 3 3 1 1 3 3 1 1 3 3 1 1 3 3 1 1 3 3 1 1 3 3 1 1 3 3 1 1 3 3 1 1 3 3 1 1 3 3 1 1 3 3 1 1 3 3 1 1 3 3 1 1 3 3 1 1 3 3 1 1 3 3 1 1 3 3 1 1 3 3 1 1 3 3]
67,1111; 423; 241728,1325;  [1 1 4 4 1 1 4 4 1 1 4 4 1 1 4 4 1 1 4 4 1 1 4 4 1 1 4 4 1 1 4 4 1 1 4 4 1 1 4 4 1 1 4 4 1 1 4 4 1 1 4 4 1 1 4 4 1 1 4 4 1 1 4 4 1 1 4 4 1 1 4 4 1 1 4 4 1 1 4 4 1 1 4 4]
86,5552; 411,3; 247309,5953;  [1 1 5 5 1 1 5 5 1 1 5 5 1 1 5 5 1 1 5 5 1 1 5 5 1 1 5 5 1 1 5 5 1 1 5 5 1 1 5 5 1 1 5 5 1 1 5 5 1 1 5 5 1 1 5 5 1 1 5 5 1 1 5 5 1 1 5 5 1 1 5 5 1 1 5 5 1 1 5 5 1 1 5 5]
103,0419; 394,8; 249386,9181;  [1 1 6 6 1 1 6 6 1 1 6 6 1 1 6 6 1 1 6 6 1 1 6 6 1 1 6 6 1 1 6 6 1 1 6 6 1 1 6 6 1 1 6 6 1 1 6 6 1 1 6 6 1 1 6 6 1 1 6 6 1 1 6 6 1 1 6 6 1 1 6 6 1 1 6 6 1 1 6 6 1 1 6 6]
120,5624; 386,6; 255996,0982;  [1 1 7 7 1 1 7 7 1 1 7 7 1 1 7 7 1 1 7 7 1 1 7 7 1 1 7 7 1 1 7 7 1 1 7 7 1 1 7 7 1 1 7 7 1 1 7 7 1 1 7 7 1 1 7 7 1 1 7 7 1 1 7 7 1 1 7 7 1 1 7 7 1 1 7 7 1 1 7 7 1 1 7 7]
137,8385; 380,2; 263309,1098;  [1 1 8 8 1 1 8 8 1 1 8 8 1 1 8 8 1 1 8 8 1 1 8 8 1 1 8 8 1 1 8 8 1 1 8 8 1 1 8 8 1 1 8 8 1 1 8 8 1 1 8 8 1 1 8 8 1 1 8 8 1 1 8 8 1 1 8 8 1 1 8 8 1 1 8 8 1 1 8 8 1 1 8 8]
150,966; 367; 264963,1722;  [1 1 9 9 1 1 9 9 1 1 9 9 1 1 9 9 1 1 9 9 1 1 9 9 1 1 9 9 1 1 9 9 1 1 9 9 1 1 9 9 1 1 9 9 1 1 9 9 1 1 9 9 1 1 9 9 1 1 9 9 1 1 9 9 1 1 9 9 1 1 9 9 1 1 9 9 1 1 9 9 1 1 9 9]

Final Pareto Frontier:
0; 479,3; 230084,6783;  [1 1 1 1 1 1 1 1 1 1 1 1 1 1 1 1 1 1 1 1 1 1 1 1 1 1 1 1 1 1 1 1 1 1 1 1 1 1 1 1 1 1 1 1 1 1 1 1 1 1 1 1 1 1 1 1 1 1 1 1 1 1 1 1 1 1 1 1 1 1 1 1 1 1 1 1 1 1 1 1 1 1 1 1]
24,3648; 454,9; 232423,5343;  [1 1 2 2 1 1 2 2 1 1 2 2 1 1 2 2 1 1 2 2 1 1 2 2 1 1 2 2 1 1 2 2 1 1 2 2 1 1 2 2 1 1 2 2 1 1 2 2 1 1 2 2 1 1 2 2 1 1 2 2 1 1 2 2 1 1 2 2 1 1 2 2 1 1 2 2 1 1 2 2 1 1 2 2]
46,4524; 436,7; 236401,5551;  [1 1 3 3 1 1 3 3 1 1 3 3 1 1 3 3 1 1 3 3 1 1 3 3 1 1 3 3 1 1 3 3 1 1 3 3 1 1 3 3 1 1 3 3 1 1 3 3 1 1 3 3 1 1 3 3 1 1 3 3 1 1 3 3 1 1 3 3 1 1 3 3 1 1 3 3 1 1 3 3 1 1 3 3]
67,1111; 423; 241728,1325;  [1 1 4 4 1 1 4 4 1 1 4 4 1 1 4 4 1 1 4 4 1 1 4 4 1 1 4 4 1 1 4 4 1 1 4 4 1 1 4 4 1 1 4 4 1 1 4 4 1 1 4 4 1 1 4 4 1 1 4 4 1 1 4 4 1 1 4 4 1 1 4 4 1 1 4 4 1 1 4 4 1 1 4 4]
86,5552; 411,3; 247309,5953;  [1 1 5 5 1 1 5 5 1 1 5 5 1 1 5 5 1 1 5 5 1 1 5 5 1 1 5 5 1 1 5 5 1 1 5 5 1 1 5 5 1 1 5 5 1 1 5 5 1 1 5 5 1 1 5 5 1 1 5 5 1 1 5 5 1 1 5 5 1 1 5 5 1 1 5 5 1 1 5 5 1 1 5 5]
103,0419; 394,8; 249386,9181;  [1 1 6 6 1 1 6 6 1 1 6 6 1 1 6 6 1 1 6 6 1 1 6 6 1 1 6 6 1 1 6 6 1 1 6 6 1 1 6 6 1 1 6 6 1 1 6 6 1 1 6 6 1 1 6 6 1 1 6 6 1 1 6 6 1 1 6 6 1 1 6 6 1 1 6 6 1 1 6 6 1 1 6 6]
120,5624; 386,6; 255996,0982;  [1 1 7 7 1 1 7 7 1 1 7 7 1 1 7 7 1 1 7 7 1 1 7 7 1 1 7 7 1 1 7 7 1 1 7 7 1 1 7 7 1 1 7 7 1 1 7 7 1 1 7 7 1 1 7 7 1 1 7 7 1 1 7 7 1 1 7 7 1 1 7 7 1 1 7 7 1 1 7 7 1 1 7 7]
137,8385; 380,2; 263309,1098;  [1 1 8 8 1 1 8 8 1 1 8 8 1 1 8 8 1 1 8 8 1 1 8 8 1 1 8 8 1 1 8 8 1 1 8 8 1 1 8 8 1 1 8 8 1 1 8 8 1 1 8 8 1 1 8 8 1 1 8 8 1 1 8 8 1 1 8 8 1 1 8 8 1 1 8 8 1 1 8 8 1 1 8 8]
150,966; 367; 264963,1722;  [1 1 9 9 1 1 9 9 1 1 9 9 1 1 9 9 1 1 9 9 1 1 9 9 1 1 9 9 1 1 9 9 1 1 9 9 1 1 9 9 1 1 9 9 1 1 9 9 1 1 9 9 1 1 9 9 1 1 9 9 1 1 9 9 1 1 9 9 1 1 9 9 1 1 9 9 1 1 9 9 1 1 9 9]

=============================================================
Instance #2
=============================================================

Cycle #0 (973 ms; 9 best solutions)
0; 425,1; 204094,4371;  [1 1 1 1 1 1 1 1 1 1 1 1 1 1 1 1 1 1 1 1 1 1 1 1 1 1 1 1 1 1 1 1 1 1 1 1 1 1 1 1 1 1 1 1 1 1 1 1 1 1 1 1 1 1 1 1 1 1 1 1 1 1 1 1 1 1 1 1 1 1 1 1 1 1 1 1 1 1 1 1 1 1 1 1 1 1 1 1 1 1 1 1 1 1 1 1 1 1 1 1 1 1 1 1 1 1 1 1]
22,1937; 403; 206226,1091;  [1 1 2 2 1 1 2 2 1 1 2 2 1 1 2 2 1 1 2 2 1 1 2 2 1 1 2 2 1 1 2 2 1 1 2 2 1 1 2 2 1 1 2 2 1 1 2 2 1 1 2 2 1 1 2 2 1 1 2 2 1 1 2 2 1 1 2 2 1 1 2 2 1 1 2 2 1 1 2 2 1 1 2 2 1 1 2 2 1 1 2 2 1 1 2 2 1 1 2 2 1 1 2 2 1 1 2 2]
42,3378; 386,6; 209958,7156;  [1 1 3 3 1 1 3 3 1 1 3 3 1 1 3 3 1 1 3 3 1 1 3 3 1 1 3 3 1 1 3 3 1 1 3 3 1 1 3 3 1 1 3 3 1 1 3 3 1 1 3 3 1 1 3 3 1 1 3 3 1 1 3 3 1 1 3 3 1 1 3 3 1 1 3 3 1 1 3 3 1 1 3 3 1 1 3 3 1 1 3 3 1 1 3 3 1 1 3 3 1 1 3 3 1 1 3 3]
61,2291; 374,4; 215009,5657;  [1 1 4 4 1 1 4 4 1 1 4 4 1 1 4 4 1 1 4 4 1 1 4 4 1 1 4 4 1 1 4 4 1 1 4 4 1 1 4 4 1 1 4 4 1 1 4 4 1 1 4 4 1 1 4 4 1 1 4 4 1 1 4 4 1 1 4 4 1 1 4 4 1 1 4 4 1 1 4 4 1 1 4 4 1 1 4 4 1 1 4 4 1 1 4 4 1 1 4 4 1 1 4 4 1 1 4 4]
79,0561; 364,1; 220319,0082;  [1 1 5 5 1 1 5 5 1 1 5 5 1 1 5 5 1 1 5 5 1 1 5 5 1 1 5 5 1 1 5 5 1 1 5 5 1 1 5 5 1 1 5 5 1 1 5 5 1 1 5 5 1 1 5 5 1 1 5 5 1 1 5 5 1 1 5 5 1 1 5 5 1 1 5 5 1 1 5 5 1 1 5 5 1 1 5 5 1 1 5 5 1 1 5 5 1 1 5 5 1 1 5 5 1 1 5 5]
94,1144; 349; 222216,3537;  [1 1 6 6 1 1 6 6 1 1 6 6 1 1 6 6 1 1 6 6 1 1 6 6 1 1 6 6 1 1 6 6 1 1 6 6 1 1 6 6 1 1 6 6 1 1 6 6 1 1 6 6 1 1 6 6 1 1 6 6 1 1 6 6 1 1 6 6 1 1 6 6 1 1 6 6 1 1 6 6 1 1 6 6 1 1 6 6 1 1 6 6 1 1 6 6 1 1 6 6 1 1 6 6 1 1 6 6]
110,2566; 341,9; 228513,3673;  [1 1 7 7 1 1 7 7 1 1 7 7 1 1 7 7 1 1 7 7 1 1 7 7 1 1 7 7 1 1 7 7 1 1 7 7 1 1 7 7 1 1 7 7 1 1 7 7 1 1 7 7 1 1 7 7 1 1 7 7 1 1 7 7 1 1 7 7 1 1 7 7 1 1 7 7 1 1 7 7 1 1 7 7 1 1 7 7 1 1 7 7 1 1 7 7 1 1 7 7 1 1 7 7 1 1 7 7]
126,2334; 336,4; 235500,0575;  [1 1 8 8 1 1 8 8 1 1 8 8 1 1 8 8 1 1 8 8 1 1 8 8 1 1 8 8 1 1 8 8 1 1 8 8 1 1 8 8 1 1 8 8 1 1 8 8 1 1 8 8 1 1 8 8 1 1 8 8 1 1 8 8 1 1 8 8 1 1 8 8 1 1 8 8 1 1 8 8 1 1 8 8 1 1 8 8 1 1 8 8 1 1 8 8 1 1 8 8 1 1 8 8 1 1 8 8]
138,2555; 324,4; 237014,6641;  [1 1 9 9 1 1 9 9 1 1 9 9 1 1 9 9 1 1 9 9 1 1 9 9 1 1 9 9 1 1 9 9 1 1 9 9 1 1 9 9 1 1 9 9 1 1 9 9 1 1 9 9 1 1 9 9 1 1 9 9 1 1 9 9 1 1 9 9 1 1 9 9 1 1 9 9 1 1 9 9 1 1 9 9 1 1 9 9 1 1 9 9 1 1 9 9 1 1 9 9 1 1 9 9 1 1 9 9]

Final Pareto Frontier:
0; 425,1; 204094,4371;  [1 1 1 1 1 1 1 1 1 1 1 1 1 1 1 1 1 1 1 1 1 1 1 1 1 1 1 1 1 1 1 1 1 1 1 1 1 1 1 1 1 1 1 1 1 1 1 1 1 1 1 1 1 1 1 1 1 1 1 1 1 1 1 1 1 1 1 1 1 1 1 1 1 1 1 1 1 1 1 1 1 1 1 1 1 1 1 1 1 1 1 1 1 1 1 1 1 1 1 1 1 1 1 1 1 1 1 1]
22,1937; 403; 206226,1091;  [1 1 2 2 1 1 2 2 1 1 2 2 1 1 2 2 1 1 2 2 1 1 2 2 1 1 2 2 1 1 2 2 1 1 2 2 1 1 2 2 1 1 2 2 1 1 2 2 1 1 2 2 1 1 2 2 1 1 2 2 1 1 2 2 1 1 2 2 1 1 2 2 1 1 2 2 1 1 2 2 1 1 2 2 1 1 2 2 1 1 2 2 1 1 2 2 1 1 2 2 1 1 2 2 1 1 2 2]
42,3378; 386,6; 209958,7156;  [1 1 3 3 1 1 3 3 1 1 3 3 1 1 3 3 1 1 3 3 1 1 3 3 1 1 3 3 1 1 3 3 1 1 3 3 1 1 3 3 1 1 3 3 1 1 3 3 1 1 3 3 1 1 3 3 1 1 3 3 1 1 3 3 1 1 3 3 1 1 3 3 1 1 3 3 1 1 3 3 1 1 3 3 1 1 3 3 1 1 3 3 1 1 3 3 1 1 3 3 1 1 3 3 1 1 3 3]
61,2291; 374,4; 215009,5657;  [1 1 4 4 1 1 4 4 1 1 4 4 1 1 4 4 1 1 4 4 1 1 4 4 1 1 4 4 1 1 4 4 1 1 4 4 1 1 4 4 1 1 4 4 1 1 4 4 1 1 4 4 1 1 4 4 1 1 4 4 1 1 4 4 1 1 4 4 1 1 4 4 1 1 4 4 1 1 4 4 1 1 4 4 1 1 4 4 1 1 4 4 1 1 4 4 1 1 4 4 1 1 4 4 1 1 4 4]
79,0561; 364,1; 220319,0082;  [1 1 5 5 1 1 5 5 1 1 5 5 1 1 5 5 1 1 5 5 1 1 5 5 1 1 5 5 1 1 5 5 1 1 5 5 1 1 5 5 1 1 5 5 1 1 5 5 1 1 5 5 1 1 5 5 1 1 5 5 1 1 5 5 1 1 5 5 1 1 5 5 1 1 5 5 1 1 5 5 1 1 5 5 1 1 5 5 1 1 5 5 1 1 5 5 1 1 5 5 1 1 5 5 1 1 5 5]
94,1144; 349; 222216,3537;  [1 1 6 6 1 1 6 6 1 1 6 6 1 1 6 6 1 1 6 6 1 1 6 6 1 1 6 6 1 1 6 6 1 1 6 6 1 1 6 6 1 1 6 6 1 1 6 6 1 1 6 6 1 1 6 6 1 1 6 6 1 1 6 6 1 1 6 6 1 1 6 6 1 1 6 6 1 1 6 6 1 1 6 6 1 1 6 6 1 1 6 6 1 1 6 6 1 1 6 6 1 1 6 6 1 1 6 6]
110,2566; 341,9; 228513,3673;  [1 1 7 7 1 1 7 7 1 1 7 7 1 1 7 7 1 1 7 7 1 1 7 7 1 1 7 7 1 1 7 7 1 1 7 7 1 1 7 7 1 1 7 7 1 1 7 7 1 1 7 7 1 1 7 7 1 1 7 7 1 1 7 7 1 1 7 7 1 1 7 7 1 1 7 7 1 1 7 7 1 1 7 7 1 1 7 7 1 1 7 7 1 1 7 7 1 1 7 7 1 1 7 7 1 1 7 7]
126,2334; 336,4; 235500,0575;  [1 1 8 8 1 1 8 8 1 1 8 8 1 1 8 8 1 1 8 8 1 1 8 8 1 1 8 8 1 1 8 8 1 1 8 8 1 1 8 8 1 1 8 8 1 1 8 8 1 1 8 8 1 1 8 8 1 1 8 8 1 1 8 8 1 1 8 8 1 1 8 8 1 1 8 8 1 1 8 8 1 1 8 8 1 1 8 8 1 1 8 8 1 1 8 8 1 1 8 8 1 1 8 8 1 1 8 8]
138,2555; 324,4; 237014,6641;  [1 1 9 9 1 1 9 9 1 1 9 9 1 1 9 9 1 1 9 9 1 1 9 9 1 1 9 9 1 1 9 9 1 1 9 9 1 1 9 9 1 1 9 9 1 1 9 9 1 1 9 9 1 1 9 9 1 1 9 9 1 1 9 9 1 1 9 9 1 1 9 9 1 1 9 9 1 1 9 9 1 1 9 9 1 1 9 9 1 1 9 9 1 1 9 9 1 1 9 9 1 1 9 9 1 1 9 9]

=============================================================
Instance #3
=============================================================

Cycle #0 (949 ms; 9 best solutions)
0; 646,5; 310366,3487;  [1 1 1 1 1 1 1 1 1 1 1 1 1 1 1 1 1 1 1 1 1 1 1 1 1 1 1 1 1 1 1 1 1 1 1 1 1 1 1 1 1 1 1 1 1 1 1 1 1 1 1 1 1 1 1 1 1 1 1 1 1 1 1 1 1 1 1 1 1 1 1 1]
36,2971; 610,2; 313850,2009;  [1 1 2 2 1 1 2 2 1 1 2 2 1 1 2 2 1 1 2 2 1 1 2 2 1 1 2 2 1 1 2 2 1 1 2 2 1 1 2 2 1 1 2 2 1 1 2 2 1 1 2 2 1 1 2 2 1 1 2 2 1 1 2 2 1 1 2 2 1 1 2 2]
69,3481; 584,3; 320422,1325;  [1 1 3 3 1 1 3 3 1 1 3 3 1 1 3 3 1 1 3 3 1 1 3 3 1 1 3 3 1 1 3 3 1 1 3 3 1 1 3 3 1 1 3 3 1 1 3 3 1 1 3 3 1 1 3 3 1 1 3 3 1 1 3 3 1 1 3 3 1 1 3 3]
100,5594; 565,8; 329535,22;  [1 1 4 4 1 1 4 4 1 1 4 4 1 1 4 4 1 1 4 4 1 1 4 4 1 1 4 4 1 1 4 4 1 1 4 4 1 1 4 4 1 1 4 4 1 1 4 4 1 1 4 4 1 1 4 4 1 1 4 4 1 1 4 4 1 1 4 4 1 1 4 4]
130,2071; 550,3; 339177,8454;  [1 1 5 5 1 1 5 5 1 1 5 5 1 1 5 5 1 1 5 5 1 1 5 5 1 1 5 5 1 1 5 5 1 1 5 5 1 1 5 5 1 1 5 5 1 1 5 5 1 1 5 5 1 1 5 5 1 1 5 5 1 1 5 5 1 1 5 5 1 1 5 5]
155,0084; 525,5; 342302,8157;  [1 1 6 6 1 1 6 6 1 1 6 6 1 1 6 6 1 1 6 6 1 1 6 6 1 1 6 6 1 1 6 6 1 1 6 6 1 1 6 6 1 1 6 6 1 1 6 6 1 1 6 6 1 1 6 6 1 1 6 6 1 1 6 6 1 1 6 6 1 1 6 6]
182,1891; 515,3; 353781,3639;  [1 1 7 7 1 1 7 7 1 1 7 7 1 1 7 7 1 1 7 7 1 1 7 7 1 1 7 7 1 1 7 7 1 1 7 7 1 1 7 7 1 1 7 7 1 1 7 7 1 1 7 7 1 1 7 7 1 1 7 7 1 1 7 7 1 1 7 7 1 1 7 7]
209,3419; 508; 366592,835;  [1 1 8 8 1 1 8 8 1 1 8 8 1 1 8 8 1 1 8 8 1 1 8 8 1 1 8 8 1 1 8 8 1 1 8 8 1 1 8 8 1 1 8 8 1 1 8 8 1 1 8 8 1 1 8 8 1 1 8 8 1 1 8 8 1 1 8 8 1 1 8 8]
229,2831; 488,1; 369111,1339;  [1 1 9 9 1 1 9 9 1 1 9 9 1 1 9 9 1 1 9 9 1 1 9 9 1 1 9 9 1 1 9 9 1 1 9 9 1 1 9 9 1 1 9 9 1 1 9 9 1 1 9 9 1 1 9 9 1 1 9 9 1 1 9 9 1 1 9 9 1 1 9 9]

Final Pareto Frontier:
0; 646,5; 310366,3487;  [1 1 1 1 1 1 1 1 1 1 1 1 1 1 1 1 1 1 1 1 1 1 1 1 1 1 1 1 1 1 1 1 1 1 1 1 1 1 1 1 1 1 1 1 1 1 1 1 1 1 1 1 1 1 1 1 1 1 1 1 1 1 1 1 1 1 1 1 1 1 1 1]
36,2971; 610,2; 313850,2009;  [1 1 2 2 1 1 2 2 1 1 2 2 1 1 2 2 1 1 2 2 1 1 2 2 1 1 2 2 1 1 2 2 1 1 2 2 1 1 2 2 1 1 2 2 1 1 2 2 1 1 2 2 1 1 2 2 1 1 2 2 1 1 2 2 1 1 2 2 1 1 2 2]
69,3481; 584,3; 320422,1325;  [1 1 3 3 1 1 3 3 1 1 3 3 1 1 3 3 1 1 3 3 1 1 3 3 1 1 3 3 1 1 3 3 1 1 3 3 1 1 3 3 1 1 3 3 1 1 3 3 1 1 3 3 1 1 3 3 1 1 3 3 1 1 3 3 1 1 3 3 1 1 3 3]
100,5594; 565,8; 329535,22;  [1 1 4 4 1 1 4 4 1 1 4 4 1 1 4 4 1 1 4 4 1 1 4 4 1 1 4 4 1 1 4 4 1 1 4 4 1 1 4 4 1 1 4 4 1 1 4 4 1 1 4 4 1 1 4 4 1 1 4 4 1 1 4 4 1 1 4 4 1 1 4 4]
130,2071; 550,3; 339177,8454;  [1 1 5 5 1 1 5 5 1 1 5 5 1 1 5 5 1 1 5 5 1 1 5 5 1 1 5 5 1 1 5 5 1 1 5 5 1 1 5 5 1 1 5 5 1 1 5 5 1 1 5 5 1 1 5 5 1 1 5 5 1 1 5 5 1 1 5 5 1 1 5 5]
155,0084; 525,5; 342302,8157;  [1 1 6 6 1 1 6 6 1 1 6 6 1 1 6 6 1 1 6 6 1 1 6 6 1 1 6 6 1 1 6 6 1 1 6 6 1 1 6 6 1 1 6 6 1 1 6 6 1 1 6 6 1 1 6 6 1 1 6 6 1 1 6 6 1 1 6 6 1 1 6 6]
182,1891; 515,3; 353781,3639;  [1 1 7 7 1 1 7 7 1 1 7 7 1 1 7 7 1 1 7 7 1 1 7 7 1 1 7 7 1 1 7 7 1 1 7 7 1 1 7 7 1 1 7 7 1 1 7 7 1 1 7 7 1 1 7 7 1 1 7 7 1 1 7 7 1 1 7 7 1 1 7 7]
209,3419; 508; 366592,835;  [1 1 8 8 1 1 8 8 1 1 8 8 1 1 8 8 1 1 8 8 1 1 8 8 1 1 8 8 1 1 8 8 1 1 8 8 1 1 8 8 1 1 8 8 1 1 8 8 1 1 8 8 1 1 8 8 1 1 8 8 1 1 8 8 1 1 8 8 1 1 8 8]
229,2831; 488,1; 369111,1339;  [1 1 9 9 1 1 9 9 1 1 9 9 1 1 9 9 1 1 9 9 1 1 9 9 1 1 9 9 1 1 9 9 1 1 9 9 1 1 9 9 1 1 9 9 1 1 9 9 1 1 9 9 1 1 9 9 1 1 9 9 1 1 9 9 1 1 9 9 1 1 9 9]

=============================================================
Instance #4
=============================================================

Cycle #0 (339 ms; 9 best solutions)
0; 287,6; 138050,8273;  [1 1 1 1 1 1 1 1 1 1 1 1 1 1 1 1 1 1 1 1 1 1 1 1 1 1 1 1 1 1 1 1 1 1 1 1 1 1 1 1 1 1 1 1 1 1 1 1 1 1 1 1 1 1 1 1 1 1 1 1]
14,6189; 272,9; 139454,2409;  [1 1 2 2 1 1 2 2 1 1 2 2 1 1 2 2 1 1 2 2 1 1 2 2 1 1 2 2 1 1 2 2 1 1 2 2 1 1 2 2 1 1 2 2 1 1 2 2 1 1 2 2 1 1 2 2 1 1 2 2]
27,8714; 262; 141840,933;  [1 1 3 3 1 1 3 3 1 1 3 3 1 1 3 3 1 1 3 3 1 1 3 3 1 1 3 3 1 1 3 3 1 1 3 3 1 1 3 3 1 1 3 3 1 1 3 3 1 1 3 3 1 1 3 3 1 1 3 3]
40,2666; 253,8; 145036,8795;  [1 1 4 4 1 1 4 4 1 1 4 4 1 1 4 4 1 1 4 4 1 1 4 4 1 1 4 4 1 1 4 4 1 1 4 4 1 1 4 4 1 1 4 4 1 1 4 4 1 1 4 4 1 1 4 4 1 1 4 4]
51,9331; 246,8; 148385,7572;  [1 1 5 5 1 1 5 5 1 1 5 5 1 1 5 5 1 1 5 5 1 1 5 5 1 1 5 5 1 1 5 5 1 1 5 5 1 1 5 5 1 1 5 5 1 1 5 5 1 1 5 5 1 1 5 5 1 1 5 5]
61,8252; 236,9; 149632,1523;  [1 1 6 6 1 1 6 6 1 1 6 6 1 1 6 6 1 1 6 6 1 1 6 6 1 1 6 6 1 1 6 6 1 1 6 6 1 1 6 6 1 1 6 6 1 1 6 6 1 1 6 6 1 1 6 6 1 1 6 6]
72,3376; 231,9; 153597,9625;  [1 1 7 7 1 1 7 7 1 1 7 7 1 1 7 7 1 1 7 7 1 1 7 7 1 1 7 7 1 1 7 7 1 1 7 7 1 1 7 7 1 1 7 7 1 1 7 7 1 1 7 7 1 1 7 7 1 1 7 7]
82,7027; 228,1; 157984,6801;  [1 1 8 8 1 1 8 8 1 1 8 8 1 1 8 8 1 1 8 8 1 1 8 8 1 1 8 8 1 1 8 8 1 1 8 8 1 1 8 8 1 1 8 8 1 1 8 8 1 1 8 8 1 1 8 8 1 1 8 8]
90,5796; 220,2; 158977,9033;  [1 1 9 9 1 1 9 9 1 1 9 9 1 1 9 9 1 1 9 9 1 1 9 9 1 1 9 9 1 1 9 9 1 1 9 9 1 1 9 9 1 1 9 9 1 1 9 9 1 1 9 9 1 1 9 9 1 1 9 9]

Final Pareto Frontier:
0; 287,6; 138050,8273;  [1 1 1 1 1 1 1 1 1 1 1 1 1 1 1 1 1 1 1 1 1 1 1 1 1 1 1 1 1 1 1 1 1 1 1 1 1 1 1 1 1 1 1 1 1 1 1 1 1 1 1 1 1 1 1 1 1 1 1 1]
14,6189; 272,9; 139454,2409;  [1 1 2 2 1 1 2 2 1 1 2 2 1 1 2 2 1 1 2 2 1 1 2 2 1 1 2 2 1 1 2 2 1 1 2 2 1 1 2 2 1 1 2 2 1 1 2 2 1 1 2 2 1 1 2 2 1 1 2 2]
27,8714; 262; 141840,933;  [1 1 3 3 1 1 3 3 1 1 3 3 1 1 3 3 1 1 3 3 1 1 3 3 1 1 3 3 1 1 3 3 1 1 3 3 1 1 3 3 1 1 3 3 1 1 3 3 1 1 3 3 1 1 3 3 1 1 3 3]
40,2666; 253,8; 145036,8795;  [1 1 4 4 1 1 4 4 1 1 4 4 1 1 4 4 1 1 4 4 1 1 4 4 1 1 4 4 1 1 4 4 1 1 4 4 1 1 4 4 1 1 4 4 1 1 4 4 1 1 4 4 1 1 4 4 1 1 4 4]
51,9331; 246,8; 148385,7572;  [1 1 5 5 1 1 5 5 1 1 5 5 1 1 5 5 1 1 5 5 1 1 5 5 1 1 5 5 1 1 5 5 1 1 5 5 1 1 5 5 1 1 5 5 1 1 5 5 1 1 5 5 1 1 5 5 1 1 5 5]
61,8252; 236,9; 149632,1523;  [1 1 6 6 1 1 6 6 1 1 6 6 1 1 6 6 1 1 6 6 1 1 6 6 1 1 6 6 1 1 6 6 1 1 6 6 1 1 6 6 1 1 6 6 1 1 6 6 1 1 6 6 1 1 6 6 1 1 6 6]
72,3376; 231,9; 153597,9625;  [1 1 7 7 1 1 7 7 1 1 7 7 1 1 7 7 1 1 7 7 1 1 7 7 1 1 7 7 1 1 7 7 1 1 7 7 1 1 7 7 1 1 7 7 1 1 7 7 1 1 7 7 1 1 7 7 1 1 7 7]
82,7027; 228,1; 157984,6801;  [1 1 8 8 1 1 8 8 1 1 8 8 1 1 8 8 1 1 8 8 1 1 8 8 1 1 8 8 1 1 8 8 1 1 8 8 1 1 8 8 1 1 8 8 1 1 8 8 1 1 8 8 1 1 8 8 1 1 8 8]
90,5796; 220,2; 158977,9033;  [1 1 9 9 1 1 9 9 1 1 9 9 1 1 9 9 1 1 9 9 1 1 9 9 1 1 9 9 1 1 9 9 1 1 9 9 1 1 9 9 1 1 9 9 1 1 9 9 1 1 9 9 1 1 9 9 1 1 9 9]

=============================================================
Instance #5
=============================================================

Cycle #0 (139 ms; 9 best solutions)
0; 169,8; 81525,6719;  [1 1 1 1 1 1 1 1 1 1 1 1 1 1 1 1 1 1 1 1 1 1 1 1 1 1 1 1 1 1 1 1 1 1 1 1 1 1 1 1 1 1 1 1]
8,6332; 161,2; 82354,8667;  [1 1 2 2 1 1 2 2 1 1 2 2 1 1 2 2 1 1 2 2 1 1 2 2 1 1 2 2 1 1 2 2 1 1 2 2 1 1 2 2 1 1 2 2]
16,4595; 154,7; 83764,3305;  [1 1 3 3 1 1 3 3 1 1 3 3 1 1 3 3 1 1 3 3 1 1 3 3 1 1 3 3 1 1 3 3 1 1 3 3 1 1 3 3 1 1 3 3]
23,7795; 149,9; 85651,7005;  [1 1 4 4 1 1 4 4 1 1 4 4 1 1 4 4 1 1 4 4 1 1 4 4 1 1 4 4 1 1 4 4 1 1 4 4 1 1 4 4 1 1 4 4]
30,6691; 145,7; 87629,2674;  [1 1 5 5 1 1 5 5 1 1 5 5 1 1 5 5 1 1 5 5 1 1 5 5 1 1 5 5 1 1 5 5 1 1 5 5 1 1 5 5 1 1 5 5]
36,5108; 139,9; 88365,275;  [1 1 6 6 1 1 6 6 1 1 6 6 1 1 6 6 1 1 6 6 1 1 6 6 1 1 6 6 1 1 6 6 1 1 6 6 1 1 6 6 1 1 6 6]
42,719; 136,9; 90707,2649;  [1 1 7 7 1 1 7 7 1 1 7 7 1 1 7 7 1 1 7 7 1 1 7 7 1 1 7 7 1 1 7 7 1 1 7 7 1 1 7 7 1 1 7 7]
48,8404; 134,7; 93298,5035;  [1 1 8 8 1 1 8 8 1 1 8 8 1 1 8 8 1 1 8 8 1 1 8 8 1 1 8 8 1 1 8 8 1 1 8 8 1 1 8 8 1 1 8 8]
53,4919; 130; 93884,5886;  [1 1 9 9 1 1 9 9 1 1 9 9 1 1 9 9 1 1 9 9 1 1 9 9 1 1 9 9 1 1 9 9 1 1 9 9 1 1 9 9 1 1 9 9]

Final Pareto Frontier:
0; 169,8; 81525,6719;  [1 1 1 1 1 1 1 1 1 1 1 1 1 1 1 1 1 1 1 1 1 1 1 1 1 1 1 1 1 1 1 1 1 1 1 1 1 1 1 1 1 1 1 1]
8,6332; 161,2; 82354,8667;  [1 1 2 2 1 1 2 2 1 1 2 2 1 1 2 2 1 1 2 2 1 1 2 2 1 1 2 2 1 1 2 2 1 1 2 2 1 1 2 2 1 1 2 2]
16,4595; 154,7; 83764,3305;  [1 1 3 3 1 1 3 3 1 1 3 3 1 1 3 3 1 1 3 3 1 1 3 3 1 1 3 3 1 1 3 3 1 1 3 3 1 1 3 3 1 1 3 3]
23,7795; 149,9; 85651,7005;  [1 1 4 4 1 1 4 4 1 1 4 4 1 1 4 4 1 1 4 4 1 1 4 4 1 1 4 4 1 1 4 4 1 1 4 4 1 1 4 4 1 1 4 4]
30,6691; 145,7; 87629,2674;  [1 1 5 5 1 1 5 5 1 1 5 5 1 1 5 5 1 1 5 5 1 1 5 5 1 1 5 5 1 1 5 5 1 1 5 5 1 1 5 5 1 1 5 5]
36,5108; 139,9; 88365,275;  [1 1 6 6 1 1 6 6 1 1 6 6 1 1 6 6 1 1 6 6 1 1 6 6 1 1 6 6 1 1 6 6 1 1 6 6 1 1 6 6 1 1 6 6]
42,719; 136,9; 90707,2649;  [1 1 7 7 1 1 7 7 1 1 7 7 1 1 7 7 1 1 7 7 1 1 7 7 1 1 7 7 1 1 7 7 1 1 7 7 1 1 7 7 1 1 7 7]
48,8404; 134,7; 93298,5035;  [1 1 8 8 1 1 8 8 1 1 8 8 1 1 8 8 1 1 8 8 1 1 8 8 1 1 8 8 1 1 8 8 1 1 8 8 1 1 8 8 1 1 8 8]
53,4919; 130; 93884,5886;  [1 1 9 9 1 1 9 9 1 1 9 9 1 1 9 9 1 1 9 9 1 1 9 9 1 1 9 9 1 1 9 9 1 1 9 9 1 1 9 9 1 1 9 9]

